鄉鎮市區,交易標的,土地位置建物門牌,土地移轉總面積平方公尺,都市土地使用分區,非都市土地使用分區,非都市土地使用編定,交易年月日,交易筆棟數,移轉層次,總樓層數,建物型態,主要用途,主要建材,建築完成年月,建物移轉總面積平方公尺,建物現況格局-房,建物現況格局-廳,建物現況格局-衛,建物現況格局-隔間,有無管理組織,總價元,單價元平方公尺,車位類別,車位移轉總面積(平方公尺),車位總價元,備註,編號,主建物面積,附屬建物面積,陽台面積,電梯,移轉編號
The villages and towns urban district,transaction sign,land sector position building sector house number plate,land shifting total area square meter,the use zoning or compiles and checks,the non-metropolis land use district,non-metropolis land use,transaction year month and day,transaction pen number,shifting level,total floor number,building state,main use,main building materials,construction to complete the years,building shifting total area,Building present situation pattern - room,building present situation pattern - hall,building present situation pattern - health,building present situation pattern - compartmented,Whether there is manages the organization,total price NTD,the unit price (NTD / square meter),the berth category,berth shifting total area square meter,the berth total price NTD,the note,serial number,,,,,
屏東市,房地(土地+建物),屏東縣屏東巿公裕街３５３巷３８之５號二樓,5.57,住,,,1030417,土地1建物1車位0,二層,四層,套房(1房1廳1衛),見其他登記事項,鋼筋混凝土造,0970305,13.73,0,0,1,無,有,800000,58267,,0.0,0,含裝潢費用,RPPOMLPJNHJFFAT09CA,8.34,0.85,0.0,,
屏東市,房地(土地+建物),屏東縣屏東巿公裕街３５３巷３８之１１號四樓,5.92,住,,,1030417,土地1建物1車位0,四層,四層,套房(1房1廳1衛),見其他登記事項,鋼筋混凝土造,0970305,14.61,0,0,0,無,有,750000,51335,,0.0,0,含裝潢費用,RPQOMLPJNHJFFAT56CA,6.27,0.85,2.66,,
屏東市,房地(土地+建物),屏東縣屏東巿公裕街３５３巷３８之２０號二樓,5.57,住,,,1030417,土地1建物1車位0,二層,四層,套房(1房1廳1衛),見其他登記事項,鋼筋混凝土造,0970305,13.73,0,0,0,無,有,760000,55353,,0.0,0,含裝潢費用,RPROMLPJNHJFFAT66CA,8.34,0.85,0.0,,
屏東市,房地(土地+建物),屏東縣屏東巿公裕街３５３巷３８之１６號二樓,5.57,住,,,1030417,土地1建物1車位0,二層,四層,套房(1房1廳1衛),見其他登記事項,鋼筋混凝土造,0970305,13.73,0,0,0,無,有,760000,55353,,0.0,0,含裝潢費用,RPSOMLPJNHJFFAT76CA,8.34,0.85,0.0,,
屏東市,房地(土地+建物),屏東縣屏東巿崇德一路１２９巷９號,75.88,住,,,1030416,土地3建物1車位0,全,四層,透天厝,見其他登記事項,鋼筋混凝土造,0900406,185.25,4,2,4,有,無,5200000,28070,,0.0,0,,RPUNMLQJNHJFFAT96CA,172.72,6.17,6.36,,
九如鄉,土地,九和段540地號,72.72,住,,,1030423,土地1建物0車位0,,,其他,,,,0.0,0,0,0,有,無,450864,6200,,0.0,0,親友、員工或其他特殊關係間之交易。,RPOPMLLJNHJFFAT68CA,0.0,0.0,0.0,,
屏東市,房地(土地+建物),屏東縣屏東巿興豐路１３０巷８號,99.0,住,,,1030418,土地1建物1車位0,全,二層,透天厝,住家用,鋼筋混凝土造,0750830,115.88,3,2,2,有,無,4300000,37107,,0.0,0,,RPSNMLMJNHJFFAT98CA,100.88,15.0,0.0,,
屏東市,房地(土地+建物),屏東縣屏東巿廣東路１２８４巷７８號四樓之一,31.44,住,,,1030414,土地1建物1車位0,四層,六層,華廈(10層含以下有電梯),住家用,鋼筋混凝土造,0830629,124.50999999999999,4,2,2,有,有,2630000,21123,,0.0,0,,RPXPMLMJNHJFFAT07CA,86.17,0.0,7.6,,
九如鄉,房地(土地+建物),屏東縣九如鄉後庄村後庄路315號,72.38,,鄉村區,乙種建築用地,1030423,土地2建物1車位0,全,三層,透天厝,住商用,鋼筋混凝土造,0690930,116.15,3,2,2,有,無,479463,4128,,0.0,0,親友、員工或其他特殊關係間之交易。,RPVNMLRJNHJFFAT17CA,112.68,3.47,0.0,,
屏東市,房地(土地+建物),屏東縣屏東巿林森路２５之２９號,74.5,住,,,1030410,土地2建物1車位0,全,一層,透天厝,住家用,磚造,,49.68,2,1,1,有,無,1500000,30193,,0.0,0,透天平房親友、員工或其他特殊關係間之交易。,RPWNMLRJNHJFFAT27CA,49.68,0.0,0.0,,
九如鄉,土地,耆老段280地號,840.77,,特定農業區,農牧用地,1030422,土地2建物0車位0,,,其他,,,,0.0,0,0,0,有,無,3000000,3568,,0.0,0,,RPPOMLTJNHJFFAT86CA,0.0,0.0,0.0,,
長治鄉,土地,長豐段34-2地號,59.88,,一般農業區,特定目的事業用地,1030421,土地1建物0車位0,,,其他,,,,0.0,0,0,0,有,無,197604,3300,,0.0,0,,RPTNMLPJNHJFFAT76CA,0.0,0.0,0.0,,
屏東市,房地(土地+建物)+車位,屏東縣屏東巿崇蘭１００之３５號五樓,29.92,住,,,1030417,土地1建物1車位1,五層,六層,華廈(10層含以下有電梯),見其他登記事項,鋼筋混凝土造,0880514,120.88999999999999,3,2,2,有,有,3200000,26470,一樓平面,0.0,0,,RPSNMLKLNHJFFAT98CA,83.01,0.0,4.62,,
屏東市,房地(土地+建物),屏東縣屏東巿莊敬街二段１１３巷２８之１號六樓之二,18.39,住,,,1030414,土地1建物1車位0,六層,十三層,住宅大樓(11層含以上有電梯),住家用,鋼筋混凝土造,0860113,115.64,3,2,2,有,有,2620000,22657,,0.0,0,,RPQNMLSLNHJFFAT96CA,75.48,0.0,10.49,,
屏東市,房地(土地+建物),屏東縣屏東巿莊敬街二段２０號四樓之一,21.41,住,,,1030421,土地1建物1車位0,四層,七層,華廈(10層含以下有電梯),見其他登記事項,鋼筋混凝土造,0810213,89.47,3,2,2,有,有,2250000,25148,,0.0,0,,RPUNMLSLNHJFFAT37CA,69.65,0.0,19.82,,
里港鄉,房地(土地+建物),屏東縣里港鄉鐵店路７２之８號,109.0,住,,,1030415,土地2建物1車位0,全,三層,透天厝,住家用,鋼筋混凝土造,0840504,214.27,6,2,3,有,無,3138000,14645,,0.0,0,,RPRNMLTLNHJFFBT27CA,190.29,14.25,9.73,,
潮州鎮,土地,蓬萊段631-1地號,2522.0,,一般農業區,農牧用地,1030409,土地1建物0車位0,,,其他,,,,0.0,0,0,0,有,無,5780000,2292,,0.0,0,,RPOOMLMJNHJFFCT88CA,0.0,0.0,0.0,,
內埔鄉,土地,早角段621-3地號,2500.0,,一般農業區,農牧用地,1030318,土地1建物0車位0,,,其他,,,,0.0,0,0,0,有,無,2200000,880,,0.0,0,,RPPOMLMJNHJFFCT98CA,0.0,0.0,0.0,,
內埔鄉,房地(土地+建物),屏東縣潮州鎮勝利路４０１號,81.47,住,,,1030402,土地1建物1車位0,全,二層,透天厝,住商用,鋼筋混凝土造,0741109,105.3,2,2,2,有,無,2370000,22507,,0.0,0,,RPUOMLMJNHJFFCT86CA,105.3,0.0,0.0,,
內埔鄉,土地,新埔段1584地號,2460.0,農,,,1030401,土地1建物0車位0,,,其他,,,,0.0,0,0,0,有,無,6000000,2439,,0.0,0,,RPSNMLPJNHJFFCT86CA,0.0,0.0,0.0,,
內埔鄉,土地,隘寮段219-5地號,199.0,,一般農業區,農牧用地,1030310,土地1建物0車位0,,,其他,,,,0.0,0,0,0,有,無,270000,1357,,0.0,0,,RPXNMLTJNHJFFCT77CA,0.0,0.0,0.0,,
潮州鎮,房地(土地+建物),屏東縣潮州鎮田新路９８號,70.8,,鄉村區,乙種建築用地,1030417,土地1建物1車位0,全,二層,透天厝,住商用,加強磚造,0670220,93.22,2,2,2,有,無,2000000,21455,,0.0,0,,RPPNMLNKNHJFFCT09CA,93.22,0.0,0.0,,
內埔鄉,土地,新埔段702地號,2379.0,,特定農業區,農牧用地,1030327,土地1建物0車位0,,,其他,,,,0.0,0,0,0,有,無,5362000,2254,,0.0,0,與同段土地辦理分割合併面積總計2600平方公尺為總價款,RPTNMLMKNHJFFCT76CA,0.0,0.0,0.0,,
潮州鎮,房地(土地+建物),屏東縣潮州鎮四維路１７６號,78.66,住,,,1030416,土地1建物1車位0,一層，二層，三層，四層，騎樓,四層,店面(店鋪),住家用,鋼筋混凝土造,0750725,183.97,4,1,3,有,無,5600000,30440,,0.0,0,,RPTOMLLLNHJFFCT86CA,183.97,0.0,0.0,,
萬巒鄉,土地,赤山段578-1地號,484.95,,一般農業區,農牧用地,1030413,土地1建物0車位0,,,其他,,,,0.0,0,0,0,有,無,330000,680,,0.0,0,,RPROMLRLNHJFFCT27CA,0.0,0.0,0.0,,
崁頂鄉,土地,頂安段590地號,610.09,住,,,1030416,土地1建物0車位0,,,其他,,,,0.0,0,0,0,有,無,5905600,9680,,0.0,0,,RPQNMLPJNHJFFDT76CA,0.0,0.0,0.0,,
新園鄉,房地(土地+建物),屏東縣新園鄉媽祖路３２之１０號,174.1,,鄉村區,乙種建築用地,1030417,土地1建物1車位0,全,三層,透天厝,住宅,鋼筋混凝土構造,1000720,273.1,5,2,4,有,無,6800000,24899,,0.0,0,,RPQNMLQJNHJFFDT86CA,252.17,0.0,20.93,,
新園鄉,土地,五龍段159地號,39.54,,,,1030424,土地1建物0車位0,,,其他,,,,0.0,0,0,0,有,無,60000,1517,,0.0,0,,RPQNMLTKNHJFFDT27CA,0.0,0.0,0.0,,
東港鎮,土地,東新段188地號,62.54,工,,,1030415,土地1建物0車位0,,,其他,,,,0.0,0,0,0,有,無,378000,6044,,0.0,0,畸零地或有合併使用之交易。,RPRNMLMLNHJFFDT76CA,0.0,0.0,0.0,,
東港鎮,土地,新愛段739-5地號,184.44,住,,,1030321,土地1建物0車位0,,,其他,,,,0.0,0,0,0,有,無,6025000,32666,,0.0,0,,RPQNMLRLNHJFFDT17CA,0.0,0.0,0.0,,
東港鎮,土地,新愛段739-10地號,184.43,住,,,1030321,土地1建物0車位0,,,其他,,,,0.0,0,0,0,有,無,6025000,32668,,0.0,0,,RPRNMLRLNHJFFDT27CA,0.0,0.0,0.0,,
車城鄉,土地,射寮段422-2地號,14.0,,國家公園區,,1030414,土地1建物0車位0,,,其他,,,,0.0,0,0,0,有,無,98,7,,0.0,0,依國有財產法第五十二條之二辦理讓售,RPSNMLNJNHJFFET86CA,0.0,0.0,0.0,,
滿州鄉,土地,束段134-3地號,283.0,,國家公園區,,1030423,土地1建物0車位0,,,其他,,,,0.0,0,0,0,有,無,82919,293,,0.0,0,,RPQNMLSJNHJFFET17CA,0.0,0.0,0.0,,
滿州鄉,土地,束段134-2地號,150.5,,國家公園區,,1030423,土地2建物0車位0,,,其他,,,,0.0,0,0,0,有,無,92769,616,,0.0,0,,RPRNMLSJNHJFFET27CA,0.0,0.0,0.0,,
恆春鎮,房地(土地+建物),屏東縣恆春鎮中正路２３２巷２０３號,72.41,住,,,1030404,土地1建物1車位0,全,四層,透天厝,住商用,鋼筋混凝土造,0830531,177.99,7,2,5,有,無,8300000,46632,,0.0,0,,RPRNMLNKNHJFFET86CA,177.99,0.0,0.0,,
恆春鎮,土地,恆東段80-5地號,80.41,農,,,1030421,土地1建物0車位0,,,其他,,,,0.0,0,0,0,有,無,1660000,20644,,0.0,0,畸零地或有合併使用之交易。,RPWNMLNKNHJFFET37CA,0.0,0.0,0.0,,
恆春鎮,房地(土地+建物),屏東縣恆春鎮?公路２２號五樓之四,7.57,住,,,1030321,土地1建物1車位0,五層,七層,套房(1房1廳1衛),住家用,鋼筋混凝土造,0830602,26.77,1,1,1,有,無,750000,28016,,0.0,0,,RPSNMLOKNHJFFET07CA,26.77,0.0,0.0,,
滿州鄉,土地,林段356-9地號,3118.0,,國家公園區,,1030416,土地2建物0車位0,,,其他,,,,0.0,0,0,0,有,無,1200000,385,,0.0,0,受債權債務影響或債務抵償之交易。,RPPNMLMLNHJFFET66CA,0.0,0.0,0.0,,
恆春鎮,土地,機場段181地號,142.78,,一般農業區,水利用地,1030415,土地1建物0車位0,,,其他,,,,0.0,0,0,0,有,無,456896,3200,,0.0,0,向政府機關承購之案件。,RPPNMLSLNHJFFET27CA,0.0,0.0,0.0,,
屏東市,房地(土地+建物),屏東縣屏東巿公民街23-6號,19.2,住,,,1030418,土地1建物1車位0,七層,十層,住宅大樓(11層含以上有電梯),住家用,鋼筋混凝土造,0830126,117.55,3,2,2,有,無,3200000,27222,,0.0,0,,RPRNMLPJNHJFFAT66DA,80.25,0.0,10.28,,
麟洛鄉,房地(土地+建物),屏東縣麟洛鄉中山路382之76號,520.15,其他,,,1030430,土地5建物1車位0,全,三層,透天厝,見其他登記事項,鋼筋混凝土造,1001111,237.27,5,2,4,有,有,17500000,73756,,0.0,0,,RPXNMLKLNHJFFAT96DA,0.0,0.0,0.0,,
長治鄉,土地,興華段865地號,5241.71,,一般農業區,農牧用地,1030421,土地1建物0車位0,,,其他,,,,0.0,0,0,0,有,無,9720000,1854,,0.0,0,,RPTOMLMLNHJFFAT86DA,0.0,0.0,0.0,,
新埤鄉,土地,新力段544地號,3026.17,,特定農業區,農牧用地,1030421,土地1建物0車位0,,,其他,,,,0.0,0,0,0,有,無,2184000,722,,0.0,0,,RPWNMLMJNHJFFCT07DA,0.0,0.0,0.0,,
內埔鄉,土地,早角段518地號,1333.03,,一般農業區,農牧用地,1030326,土地1建物0車位0,,,其他,,,,0.0,0,0,0,有,無,1100000,825,,0.0,0,,RPXNMLMJNHJFFCT17DA,0.0,0.0,0.0,,
東港鎮,房地(土地+建物),屏東縣東港鎮新興一街86號,71.6,住,,,1030409,土地1建物1車位0,全,三層,透天厝,店舖、住宅,鋼筋混凝土造,0780728,154.18,4,2,3,有,無,4000000,25944,,0.0,0,親友特殊關係間之交易。,RPRNMLPJNHJFFDT96DA,139.21,14.97,0.0,,
內埔鄉,土地,新東勢段49地號,304.0,,一般農業區,農牧用地,1030425,土地1建物0車位0,,,其他,,,,0.0,0,0,0,有,無,660000,2171,,0.0,0,,RPVNMLPJNHJFFCT27DA,0.0,0.0,0.0,,
高樹鄉,土地,埔崙段1411地號,3706.0,,一般農業區,農牧用地,1030402,土地1建物0車位0,,,其他,,,,0.0,0,0,0,有,無,1520000,410,,0.0,0,,RPRNMLQJNHJFFBT86DA,0.0,0.0,0.0,,
屏東市,土地,頂柳段193地號,2930.19,,一般農業區,農牧用地,1030414,土地2建物0車位0,,,其他,,,,0.0,0,0,0,有,無,3564667,1217,,0.0,0,,RPSOMLRLNHJFFAT27DA,0.0,0.0,0.0,,
屏東市,土地,頂柳段193地號,1465.09,,一般農業區,農牧用地,1021231,土地2建物0車位0,,,其他,,,,0.0,0,0,0,有,無,1782333,1217,,0.0,0,,RPOOMLSLNHJFFAT96DA,0.0,0.0,0.0,,
枋寮鄉,土地,東海段390地號,260.0,,工業區,丁種建築用地,1030422,土地1建物0車位0,,,其他,,,,0.0,0,0,0,有,無,2500000,9615,,0.0,0,,RPROMLSJNHJFFFT47CA,0.0,0.0,0.0,,
崁頂鄉,土地,頂孝段316地號,2424.9,,一般農業區,農牧用地,1030409,土地1建物0車位0,,,其他,,,,0.0,0,0,0,有,無,2000000,825,,0.0,0,,RPPNMLQJNHJFFDT76CA,0.0,0.0,0.0,,
新園鄉,房地(土地+建物),屏東縣新園鄉興安路１５６巷７號,77.17,,特定農業區,甲種建築用地,1030417,土地2建物1車位0,全,四層,透天厝,店舖、住宅,鋼筋混凝土造,0820225,197.89,3,3,3,有,無,2650000,13391,,0.0,0,,RPTNMLTJNHJFFDT47CA,197.89,0.0,0.0,,
內埔鄉,房地(土地+建物),屏東縣內埔鄉聯通街４８２號,88.25,,鄉村區,乙種建築用地,1030420,土地2建物1車位0,全,三層,透天厝,住商用,鋼筋混凝土造,0830324,150.79,4,2,3,有,無,1750000,11606,,0.0,0,,RPTOMLSLNHJFFCT57CA,129.18,7.0,14.61,,
潮州鎮,房地(土地+建物),屏東縣潮州鎮大同路２１１號,105.24,,一般農業區,甲種建築用地,1030410,土地1建物1車位0,全,四層,透天厝,住商用,鋼筋混凝土造,0800815,235.82,4,2,4,有,無,4800000,20355,,0.0,0,,RPWNMLTLNHJFFCT87CA,229.59,6.23,0.0,,
潮州鎮,房地(土地+建物),屏東縣潮州鎮堯舜街２巷６２號,143.66,住,,,1030414,土地2建物1車位0,全,三層,透天厝,見其他登記事項,見其他登記事項,1030205,182.28,4,2,3,有,無,8000000,43889,,0.0,0,,RPOQMLMLNHJFFCT66CA,166.93,0.0,15.35,,
內埔鄉,房地(土地+建物),屏東縣內埔鄉內埔市場１３號,29.39,其他,,,1030218,土地1建物1車位0,全,三層,透天厝,住商用,鋼筋混凝土造,0750502,96.0,0,0,0,無,無,1800000,18750,,0.0,0,,RPVNMLRLNHJFFCT57CA,96.0,0.0,0.0,,
鹽埔鄉,土地,彭南段44地號,108.73,,鄉村區,乙種建築用地,1030423,土地1建物0車位0,,,其他,,,,0.0,0,0,0,有,無,320000,2943,,0.0,0,,RPPNMLPJNHJFFBT09CA,0.0,0.0,0.0,,
鹽埔鄉,土地,彭新段847-1地號,655.35,,,,1030420,土地2建物0車位0,,,其他,,,,0.0,0,0,0,有,無,500000,763,,0.0,0,親友、員工或其他特殊關係間之交易。,RPVNMLSJNHJFFBT37CA,0.0,0.0,0.0,,
萬丹鄉,土地,竹林段348地號,3394.77,,特定農業區,農牧用地,1030408,土地1建物0車位0,,,其他,,,,0.0,0,0,0,有,無,8000000,2357,,0.0,0,,RPQOMLRLNHJFFAT96CA,0.0,0.0,0.0,,
麟洛鄉,房地(土地+建物),屏東縣麟洛鄉中山路３６７號,99.01,商,,,1030421,土地1建物1車位0,全,三層,透天厝,住商用,鋼筋混凝土造,0710226,199.92,0,0,3,無,無,8000000,40016,,0.0,0,本案申報書資料由當事人提供屬實，含增建或未登記建物。,RPWNMLSJNHJFFAT37CA,199.92,0.0,0.0,,
屏東市,房地(土地+建物),屏東縣屏東巿古松西巷４弄２４號,86.0,住,,,1030412,土地1建物1車位0,全,三層,透天厝,住家用,鋼筋混凝土造,0810224,168.92,4,2,3,有,無,5000000,29600,,0.0,0,,RPQNMLPJNHJFFAT09CA,136.38,17.46,15.08,,
屏東市,房地(土地+建物),屏東縣屏東巿建興南路８號九樓之二,14.22,住,,,1030407,土地1建物1車位0,九層,十六層,住宅大樓(11層含以上有電梯),見其他登記事項,鋼筋混凝土造,0830701,127.24000000000001,3,2,2,有,有,2700000,21220,,0.0,0,,RPVNMLQJNHJFFAT07CA,76.74,0.77,9.63,,
萬丹鄉,土地,磚寮段23地號,2202.0,,特定農業區,農牧用地,1030410,土地1建物0車位0,,,其他,,,,0.0,0,0,0,有,無,9534000,4330,,0.0,0,,RPWNMLQJNHJFFAT17CA,0.0,0.0,0.0,,
屏東市,房地(土地+建物),屏東縣屏東巿復興南路一段９３巷６４弄１９號,60.0,住,,,1030418,土地1建物1車位0,全,二層,透天厝,住家用,加強磚造,0750712,87.0,4,2,3,有,無,4300000,49425,,0.0,0,,RPXNMLQJNHJFFAT27CA,72.0,15.0,0.0,,
麟洛鄉,土地,麟孝段208地號,99.17,,鄉村區,乙種建築用地,1030422,土地2建物0車位0,,,其他,,,,0.0,0,0,0,有,無,600000,6050,,0.0,0,急買急賣。,RPROMLQJNHJFFAT76CA,0.0,0.0,0.0,,
萬丹鄉,房地(土地+建物),屏東縣萬丹鄉萬丹路二段４２０巷２７弄８號,74.0,,鄉村區,乙種建築用地,1030422,土地1建物1車位0,全,三層,透天厝,住家用,鋼筋混凝土造,0820818,148.36,6,2,4,有,無,2600000,17525,,0.0,0,含增建或未登記建物。,RPXOMLQJNHJFFAT37CA,129.6,12.48,6.28,,
萬丹鄉,土地,灣內段152地號,1822.0,,特定農業區,農牧用地,1030409,土地1建物0車位0,,,其他,,,,0.0,0,0,0,有,無,1600000,878,,0.0,0,親友、特殊關係間之交易。含未保存登記之建物,RPOPMLQJNHJFFAT56CA,0.0,0.0,0.0,,
屏東市,房地(土地+建物),屏東縣屏東巿機場北路２６０巷７２號,79.8,住,,,1030404,土地3建物1車位0,全,三層,透天厝,住家用,鋼筋混凝土造,0950314,158.36,4,2,3,有,無,4800000,30311,,0.0,0,,RPXOMLNKNHJFFAT17CA,103.69,26.0,28.67,,
長治鄉,房地(土地+建物),屏東縣長治鄉新民街１１０巷１５號,116.71,住,,,1030401,土地2建物1車位0,全,三層,透天厝,住家用,鋼筋混凝土造,1020621,228.94,5,2,4,有,無,9150000,39967,,0.0,0,,RPVOMLNKNHJFFAT96CA,201.7,0.0,27.24,,
屏東市,房地(土地+建物)+車位,屏東縣屏東巿大武路４０３巷８號四樓之一,15.14,住,,,1030407,土地1建物1車位1,四層,十四層,住宅大樓(11層含以上有電梯),見其他登記事項,鋼筋混凝土造,0870825,156.39000000000001,4,2,2,有,有,3500000,22380,坡道機械,0.0,0,,RPOOMLRJNHJFFAT56CA,103.65,0.0,10.47,,
屏東市,房地(土地+建物),屏東縣屏東巿公勇路８７號十樓之一,21.5,住,,,1030418,土地2建物1車位0,十層,十四層,住宅大樓(11層含以上有電梯),見其他登記事項,鋼筋混凝土造,0830526,139.42000000000002,4,2,2,有,有,2800000,20083,,0.0,0,,RPWOMLRJNHJFFAT37CA,102.0,2.46,11.99,,
屏東市,土地,萬年段820地號,1308.0,住,,,1030110,土地2建物0車位0,,,其他,,,,0.0,0,0,0,有,無,42000000,32110,,0.0,0,,RPWNMLPJNHJFFAT07CA,0.0,0.0,0.0,,
屏東市,土地,萬年段1238地號,1259.0,住,,,1030331,土地1建物0車位0,,,其他,,,,0.0,0,0,0,有,無,39988200,31762,,0.0,0,,RPXOMLTJNHJFFAT67CA,0.0,0.0,0.0,,
屏東市,房地(土地+建物),屏東縣屏東巿公裕街２３６號,32.93,住,,,1030328,土地2建物1車位0,一層，二層，三層,十一層,其他,見其他登記事項,鋼筋混凝土造,0830412,158.95999999999998,3,2,3,有,有,3380000,21263,,0.0,0,,RPROMLTJNHJFFAT07CA,137.89,0.0,0.0,,
屏東市,房地(土地+建物),屏東縣屏東巿安心四橫巷１３６弄６號二樓,11.44,住,,,1030416,土地1建物1車位0,二層,五層,套房(1房1廳1衛),住家用,鋼筋混凝土造,0960328,26.130000000000003,1,1,1,有,有,830000,31764,,0.0,0,,RPOOMLKLNHJFFAT68CA,17.76,0.0,0.0,,
屏東市,土地,新街段一小段512地號,174.0,商,,,1030416,土地2建物0車位0,,,其他,,,,0.0,0,0,0,有,無,52318,301,,0.0,0,向政府機關承購之案件。,RPRNMLKLNHJFFAT88CA,0.0,0.0,0.0,,
屏東市,房地(土地+建物),屏東縣屏東巿歸仁路１６８巷５號,44.0,住,,,1030418,土地1建物1車位0,全,二層,透天厝,住家用,加強磚造,,69.09,4,2,3,有,無,1600000,23158,,0.0,0,,RPXOMLQKNHJFFAT47CA,69.09,0.0,0.0,,
九如鄉,房地(土地+建物),屏東縣九如鄉光復街１６７巷１０號,199.57,住,,,1030428,土地1建物1車位0,全,三層,透天厝,住家用,鋼筋混凝土造,1020724,205.57,5,2,3,有,無,7500000,36484,,0.0,0,,RPPOMLTKNHJFFAT96CA,190.41,0.0,15.16,,
鹽埔鄉,土地,北段312地號,243.49,農,,,1030424,土地1建物0車位0,,,其他,,,,0.0,0,0,0,有,無,350000,1437,,0.0,0,,RPWNMLRJNHJFFBT37CA,0.0,0.0,0.0,,
鹽埔鄉,房地(土地+建物),屏東縣鹽埔鄉鹽中村勝利路111巷2之5號,39.1,住,,,1030422,土地1建物1車位0,六層,六層,華廈(10層含以下有電梯),住家用,鋼筋混凝土造,0840515,145.49,3,2,2,有,無,550000,3780,,0.0,0,,RPSNMLRJNHJFFBT96CA,103.24,0.0,7.85,,
潮州鎮,房地(土地+建物),屏東縣潮州鎮興隆路６３巷３２號,166.78,住,,,1030326,土地1建物1車位0,全,三層,透天厝,見其他登記事項,見其他登記事項,1030129,200.41,4,2,3,有,無,8600000,42912,,0.0,0,,RPSOMLMLNHJFFCT86CA,186.13,0.0,14.28,,
內埔鄉,土地,圳頭段391地號,1819.46,,一般農業區,農牧用地,1030425,土地1建物0車位0,,,其他,,,,0.0,0,0,0,有,無,3000000,1649,,0.0,0,,RPVOMLRJNHJFFCT47CA,0.0,0.0,0.0,,
新園鄉,土地,鹽龍段182地號,3747.78,農,,,1030428,土地2建物0車位0,,,其他,,,,0.0,0,0,0,有,無,22447200,5989,,0.0,0,,RPQNMLSJNHJFFDT07CA,0.0,0.0,0.0,,
新園鄉,土地,五族段200-3地號,418.43,農,,,1030425,土地1建物0車位0,,,其他,,,,0.0,0,0,0,有,無,4809800,11495,,0.0,0,,RPPNMLTJNHJFFDT07CA,0.0,0.0,0.0,,
林邊鄉,土地,復興段295地號,811.0,,一般農業區,農牧用地,1030414,土地1建物0車位0,,,其他,,,,0.0,0,0,0,有,無,1080000,1332,,0.0,0,,RPQNMLNKNHJFFDT66CA,0.0,0.0,0.0,,
崁頂鄉,土地,頂孝段234-2地號,3904.69,,一般農業區,農牧用地,1030416,土地1建物0車位0,,,其他,,,,0.0,0,0,0,有,無,11270000,2886,,0.0,0,,RPUNMLRLNHJFFDT57CA,0.0,0.0,0.0,,
林邊鄉,土地,崎峰段5-2地號,4709.24,其他,,,1030414,土地4建物0車位0,,,其他,,,,0.0,0,0,0,有,無,14580000,3096,,0.0,0,,RPPNMLSLNHJFFDT17CA,0.0,0.0,0.0,,
東港鎮,房地(土地+建物),屏東縣東港鎮環美三街３０號,225.4,,一般農業區,丁種建築用地,1030309,土地1建物1車位0,一層，二層,二層,其他,廠房,鋼筋混凝土構造,1020314,260.96,4,2,2,有,無,7460000,28587,,0.0,0,建物型態：廠房,RPQNMLLLNHJFFDT56CA,248.78,12.18,0.0,,
屏東市,土地,北勢段763-13地號,290.29,住,,,1030421,土地1建物0車位0,,,其他,,,,0.0,0,0,0,有,無,1900000,6545,,0.0,0,,RPVNMLPJNHJFFAT07DA,0.0,0.0,0.0,,
屏東市,房地(土地+建物),屏東縣屏東巿建興南路14號3樓之4,13.83,住,,,1030409,土地1建物1車位0,三層,十六層,住宅大樓(11層含以上有電梯),見其他登記事項,鋼筋混凝土造,0830701,112.17999999999999,3,1,2,有,有,2500000,22286,,0.0,0,,RPRNMLRJNHJFFAT86DA,75.95,0.63,10.44,,
屏東市,房地(土地+建物),屏東縣屏東巿公安街4號,74.0,住,,,1011225,土地3建物1車位0,全,二層,透天厝,住家用,加強磚造,0690912,88.0,4,2,2,有,無,2200000,25000,,0.0,0,,RPXOMLRJNHJFFAT57DA,88.0,0.0,0.0,,
屏東市,建物,屏東縣屏東巿復興南路一段378號,0.0,,,,1030424,土地0建物1車位0,全,四層,透天厝,住家用,鋼筋混凝土造,0900807,474.62,4,1,4,有,無,6000000,12642,,0.0,0,,RPSNMLSJNHJFFAT07DA,443.52,14.1,17.0,,
九如鄉,房地(土地+建物),屏東縣九如鄉三多路199巷22號,86.0,,鄉村區,乙種建築用地,1030420,土地1建物1車位0,全,三層,透天厝,住家用,鋼筋混凝土造,0830528,158.96,4,2,3,有,無,607600,3822,,0.0,0,親友、員工或其他特殊關係間之交易。,RPTNMLSJNHJFFAT17DA,145.2,6.41,7.35,,
恆春鎮,房地(土地+建物),屏東縣恆春鎮省北路40巷67弄8號五樓之三十二,4.5,住,,,1030423,土地1建物1車位0,五層,十二層,套房(1房1廳1衛),住家用,鋼筋混凝土造,0840110,33.34,0,0,0,無,有,800000,23995,,0.0,0,,RPVNMLTLNHJFFET97CA,19.11,0.0,3.06,,
恆春鎮,建物,屏東縣恆春鎮坪頂路１６號,0.0,,,,1030401,土地0建物1車位0,全,二層,透天厝,住家用,鋼筋混凝土造,0960706,303.67,3,2,2,有,無,6190000,20384,,0.0,0,,RPSNMLPKNHJFFET17CA,0.0,0.0,0.0,,
里港鄉,房地(土地+建物),屏東縣里港鄉塔樓路24號,112.95,,鄉村區,乙種建築用地,1030421,土地2建物1車位0,全,三層,透天厝,住家用,鋼筋混凝土造,0850704,134.84,5,2,3,有,無,2400000,17799,,0.0,0,,RPPNMLQJNHJFFBT66DA,116.28,5.99,12.57,,
高樹鄉,土地,舊寮段149-848地號,320.08,,一般農業區,農牧用地,1030425,土地1建物0車位0,,,其他,,,,0.0,0,0,0,有,無,697000,2178,,0.0,0,,RPQNMLQJNHJFFBT76DA,0.0,0.0,0.0,,
恆春鎮,土地,大平頂段上大平頂小段137地號,55.52,,鄉村區,乙種建築用地,1030330,土地1建物0車位0,,,其他,,,,0.0,0,0,0,有,無,60000,1081,,0.0,0,親友、員工或其他特殊關係間之交易。,RPTNMLRJNHJFFET47DA,0.0,0.0,0.0,,
恆春鎮,土地,大平頂段下大平頂小段164地號,200.25,,鄉村區,乙種建築用地,1030425,土地1建物0車位0,,,其他,,,,0.0,0,0,0,有,無,1000000,4994,,0.0,0,,RPPNMLTKNHJFFET37DA,0.0,0.0,0.0,,
里港鄉,土地,大港洋段1907地號,271.6,,特定農業區,農牧用地,1030421,土地2建物0車位0,,,其他,,,,0.0,0,0,0,有,無,650000,2393,,0.0,0,,RPSNMLSJNHJFFBT27EA,0.0,0.0,0.0,,
里港鄉,土地,大港洋段824-13地號,105.0,住,,,1030506,土地3建物0車位0,,,其他,,,,0.0,0,0,0,有,無,2476000,23581,,0.0,0,,RPTNMLOJOHJFFBT96DA,0.0,0.0,0.0,,
高樹鄉,房地(土地+建物),屏東縣高樹鄉南麂路8號,44.0,,鄉村區,乙種建築用地,1030407,土地1建物1車位0,全,一層,透天厝,住家用,石造,0450914,15.0,2,1,1,有,無,200000,13333,,0.0,0,,RPVNMLTKNHJFFBT67DA,15.0,0.0,0.0,,
新埤鄉,土地,萬隆段400地號,4661.01,,一般農業區,農牧用地,1030414,土地1建物0車位0,,,其他,,,,0.0,0,0,0,有,無,4805570,1031,,0.0,0,,RPVNMLRJNHJFFCT47DA,0.0,0.0,0.0,,
新埤鄉,土地,南岸段159地號,129.0,,鄉村區,乙種建築用地,1030410,土地1建物0車位0,,,其他,,,,0.0,0,0,0,有,無,200000,1550,,0.0,0,,RPXNMLRJNHJFFCT67DA,0.0,0.0,0.0,,
九如鄉,土地,彭厝段1348地號,2940.0,,一般農業區,農牧用地,1030423,土地3建物0車位0,,,其他,,,,0.0,0,0,0,有,無,3300000,1122,,0.0,0,,RPPOMLKMNHJFFAT98DA,0.0,0.0,0.0,,
九如鄉,土地,耆老段29地號,2040.0,,特定農業區,農牧用地,1030421,土地1建物0車位0,,,其他,,,,0.0,0,0,0,有,無,5916000,2900,,0.0,0,,RPUOMLMLNHJFFAT96DA,0.0,0.0,0.0,,
恆春鎮,土地,龍泉水段575-13地號,5937.0,,國家公園區,,1030324,土地2建物0車位0,,,其他,,,,0.0,0,0,0,有,無,9200000,1550,,0.0,0,,RPQNMLSKNHJFFET27CA,0.0,0.0,0.0,,
南州鄉,土地,壽元段1155地號,86.89,,鄉村區,乙種建築用地,1030422,土地1建物0車位0,,,其他,,,,0.0,0,0,0,有,無,208000,2394,,0.0,0,,RPVNMLPKNHJFFDT37CA,0.0,0.0,0.0,,
新園鄉,土地,新吉段1984地號,154.0,,特定農業區,農牧用地,1030414,土地2建物0車位0,,,其他,,,,0.0,0,0,0,有,無,698700,4537,,0.0,0,,RPPNMLRJNHJFFDT86CA,0.0,0.0,0.0,,
內埔鄉,房地(土地+建物),屏東縣內埔鄉振興路４７巷２號,117.12,,鄉村區,乙種建築用地,1030331,土地1建物1車位0,全,三層,透天厝,住家用,鋼筋混凝土造,0840211,168.12,4,2,2,有,無,2280000,13562,,0.0,0,,RPTNMLSJNHJFFCT27CA,161.04,7.08,0.0,,
潮州鎮,房地(土地+建物),屏東縣潮州鎮太平路５０８號,88.14,,鄉村區,乙種建築用地,1030422,土地1建物1車位0,全,四層,透天厝,住商用,鋼筋混凝土造,0840328,244.84,6,2,4,有,無,4900000,20013,,0.0,0,,RPSNMLNKNHJFFCT76CA,207.44,20.6,16.8,,
潮州鎮,房地(土地+建物),屏東縣潮州鎮育英路６之５號,42.58,商,,,1030425,土地1建物1車位0,全,二層,透天厝,住家用,見其他登記事項,0520201,80.34,3,1,1,有,無,920000,11451,,0.0,0,未達房屋稅起徵點之建物,RPVNMLMKNHJFFCT96CA,80.34,0.0,0.0,,
竹田鄉,土地,美崙段893地號,2142.0,,特定農業區,農牧用地,1021002,土地1建物0車位0,,,其他,,,,0.0,0,0,0,有,無,3643596,1701,,0.0,0,,RPPOMLMLNHJFFCT56CA,0.0,0.0,0.0,,
潮州鎮,房地(土地+建物),屏東縣潮州鎮興隆路６３巷３０號,140.7,住,,,1030326,土地1建物1車位0,全,三層,透天厝,見其他登記事項,見其他登記事項,1030129,220.42,4,2,3,有,無,8400000,38109,,0.0,0,,RPROMLMLNHJFFCT76CA,207.22,0.0,13.2,,
潮州鎮,房地(土地+建物),屏東縣潮州鎮榮田路１２７之１號,24.73,住,,,1030422,土地1建物1車位0,一層，二層,七層,華廈(10層含以下有電梯),住商用,鋼筋混凝土造,0850817,118.96000000000001,2,2,2,有,無,1300000,10928,,0.0,0,,RPUNMLRJNHJFFCT27CA,78.56,0.0,12.0,,
內埔鄉,土地,新埔段2754-3地號,2588.0,,特定農業區,農牧用地,1030407,土地1建物0車位0,,,其他,,,,0.0,0,0,0,有,無,5187000,2004,,0.0,0,,RPWNMLRJNHJFFCT47CA,0.0,0.0,0.0,,
潮州鎮,房地(土地+建物),屏東縣潮州鎮光輪一巷２９號,79.61,,鄉村區,乙種建築用地,1030416,土地1建物1車位0,全,二層,透天厝,住家用,鋼筋混凝土加強磚造,0620522,86.2,3,2,2,有,無,1300000,15081,,0.0,0,,RPPOMLRLNHJFFCT07CA,86.2,0.0,0.0,,
潮州鎮,房地(土地+建物),屏東縣潮州鎮自由路１７０巷９號,68.08,住,,,1030418,土地1建物1車位0,全,四層,透天厝,見其他登記事項,鋼筋混凝土造,0840424,158.24,5,1,3,有,無,3160000,19970,,0.0,0,,RPQNMLMJOHJFFCT09CA,148.64,0.0,9.6,,
鹽埔鄉,房地(土地+建物),屏東縣鹽埔鄉豐隆路５巷１０號,93.08,,鄉村區,乙種建築用地,1030417,土地2建物1車位0,全,四層,透天厝,住家用,鋼筋混凝土造,0830125,148.17,4,2,3,有,無,2200000,14848,,0.0,0,,RPUNMLSJNHJFFBT27CA,134.36,0.0,13.81,,
高樹鄉,土地,田子段49地號,168.53,,鄉村區,乙種建築用地,1030425,土地1建物0車位0,,,其他,,,,0.0,0,0,0,有,無,275000,1632,,0.0,0,,RPSNMLMKNHJFFBT56CA,0.0,0.0,0.0,,
高樹鄉,土地,泰和段549地號,4538.16,,一般農業區,農牧用地,1030421,土地1建物0車位0,,,其他,,,,0.0,0,0,0,有,無,7530000,1659,,0.0,0,,RPTNMLNJOHJFFBT76CA,0.0,0.0,0.0,,
萬丹鄉,土地,萬全段42-7地號,37.9,農,,,1030401,土地1建物0車位0,,,其他,,,,0.0,0,0,0,有,無,90960,2400,,0.0,0,親屬買賣,RPRNMLSKNHJFFAT96CA,0.0,0.0,0.0,,
萬丹鄉,土地,萬全段42-9地號,55.89,農,,,1030401,土地1建物0車位0,,,其他,,,,0.0,0,0,0,有,無,134136,2400,,0.0,0,親友、員工或其他特殊關係間之交易。,RPTNMLSKNHJFFAT17CA,0.0,0.0,0.0,,
萬丹鄉,土地,萬全段42-5地號,1277.66,農,,,1030401,土地3建物0車位0,,,其他,,,,0.0,0,0,0,有,無,2946331,2306,,0.0,0,親友、員工或其他特殊關係間之交易。,RPUNMLSKNHJFFAT27CA,0.0,0.0,0.0,,
萬丹鄉,土地,新林段1055地號,377.33,,特定農業區,農牧用地,1030412,土地1建物0車位0,,,其他,,,,0.0,0,0,0,有,無,700000,1855,,0.0,0,,RPVNMLSKNHJFFAT37CA,0.0,0.0,0.0,,
萬丹鄉,房地(土地+建物),屏東縣萬丹鄉大吉路３６號,82.93,,鄉村區,乙種建築用地,1030326,土地1建物1車位0,全,三層,透天厝,住家用,鋼筋混凝土造,0800201,175.56,4,2,4,有,無,2600000,14810,,0.0,0,,RPWNMLSKNHJFFAT47CA,139.41,36.15,0.0,,
萬丹鄉,土地,萬全段42-8地號,183.86,農,,,1030401,土地2建物0車位0,,,其他,,,,0.0,0,0,0,有,無,441264,2400,,0.0,0,親友、員工或其他特殊關係間之交易。,RPPOMLKLNHJFFAT78CA,0.0,0.0,0.0,,
長治鄉,房地(土地+建物),屏東縣長治鄉潭頭路１７６巷２弄５號,97.95,住,,,1030421,土地3建物1車位0,全,五層,透天厝,住家用,鋼筋混凝土造,0831014,231.95,5,2,3,有,無,3700000,15952,,0.0,0,,RPSOMLTJNHJFFAT17CA,202.17,24.19,5.59,,
屏東市,房地(土地+建物),屏東縣屏東巿莊敬街二段１２５之２號,141.42,住,,,1030424,土地1建物1車位0,全,三層,透天厝,住家用,鋼筋混凝土造,1000307,212.95,4,2,3,有,無,10550000,49542,,0.0,0,,RPVOMLTJNHJFFAT47CA,171.87,20.0,21.08,,
屏東市,土地,中柳段471地號,3281.82,,一般農業區,農牧用地,1030425,土地2建物0車位0,,,其他,,,,0.0,0,0,0,有,無,7755000,2363,,0.0,0,,RPOPMLRJNHJFFAT66CA,0.0,0.0,0.0,,
麟洛鄉,土地,麟孝段418-1地號,83.43,住,,,1030428,土地1建物0車位0,,,其他,,,,0.0,0,0,0,有,無,1250000,14983,,0.0,0,,RPPNMLSJNHJFFAT66CA,0.0,0.0,0.0,,
屏東市,房地(土地+建物),屏東縣屏東巿民享一路１４３號二樓之三,17.22,住,,,1030410,土地1建物1車位0,二層,五層,公寓(5樓含以下無電梯),見其他登記事項,鋼筋混凝土造,1020916,65.99000000000001,2,1,2,有,有,4100000,62131,,0.0,0,,RPQNMLSJNHJFFAT76CA,39.86,5.41,3.47,,
屏東市,房地(土地+建物),屏東縣屏東巿自由路７５６號,87.0,住,,,1030429,土地2建物1車位0,全,四層,透天厝,住家用,鋼筋混凝土造,0781026,215.31,5,2,3,有,無,6050000,28099,,0.0,0,,RPPOMLRJNHJFFAT66CA,211.44,3.87,0.0,,
屏東市,房地(土地+建物),屏東縣屏東巿機場北路６７６號五樓,8.7,住,,,1030422,土地1建物1車位0,五層,十四層,住宅大樓(11層含以上有電梯),見其他登記事項,鋼筋混凝土造,0881204,61.54,2,1,1,有,有,1400000,22749,,0.0,0,,RPUOMLRJNHJFFAT17CA,37.64,0.0,9.5,,
屏東市,房地(土地+建物),屏東縣屏東巿機場北路４３８號二樓,8.7,住,,,1030417,土地1建物1車位0,二層,十四層,住宅大樓(11層含以上有電梯),見其他登記事項,鋼筋混凝土造,0881204,61.39,2,1,1,有,有,1150000,18733,,0.0,0,,RPVOMLRJNHJFFAT27CA,37.64,0.0,9.35,,
屏東市,房地(土地+建物),屏東縣屏東巿大武路４０３巷１９弄４號,88.0,住,,,1030330,土地1建物1車位0,全,二層,透天厝,住家用,鋼筋混凝土造,0780315,135.57,2,2,2,有,無,3980000,29358,,0.0,0,,RPPNMLRJNHJFFAT56CA,115.15,16.02,4.4,,
屏東市,房地(土地+建物),屏東縣屏東巿德豐街６７號七樓,19.81,住,,,1030415,土地1建物1車位0,七層,七層,華廈(10層含以下有電梯),住家用,鋼筋混凝土造,0810808,112.47,3,1,2,有,有,2000000,17783,,0.0,0,,RPQNMLRJNHJFFAT66CA,72.6,0.8,8.69,,
屏東市,房地(土地+建物),屏東縣屏東巿棒球路160巷1之1號,28.28,住,,,1030421,土地1建物1車位0,四層,五層,公寓(5樓含以下無電梯),國民住宅,鋼筋混凝土造,0711024,83.3,4,2,2,有,無,1660000,19928,,0.0,0,,RPXNMLTJNHJFFAT57CA,83.3,0.0,0.0,,
屏東市,土地,公興段661地號,1450.01,,一般農業區,農牧用地,1030428,土地1建物0車位0,,,其他,,,,0.0,0,0,0,有,無,4600000,3172,,0.0,0,,RPTNMLNKNHJFFAT66CA,0.0,0.0,0.0,,
屏東市,土地,公興段661地號,725.0,,一般農業區,農牧用地,1030429,土地1建物0車位0,,,其他,,,,0.0,0,0,0,有,無,2300000,3172,,0.0,0,,RPUNMLNKNHJFFAT76CA,0.0,0.0,0.0,,
屏東市,土地,和平段701地號,97.0,住,,,1030415,土地1建物0車位0,,,其他,,,,0.0,0,0,0,有,無,7000000,72165,,0.0,0,親友、員工或其他特殊關係間之交易。,RPVNMLMKNHJFFAT76CA,0.0,0.0,0.0,,
屏東市,房地(土地+建物),屏東縣屏東巿建國路４０５巷１００弄１０之２號,187.61,,鄉村區,乙種建築用地,1030425,土地2建物1車位0,全,三層,透天厝,住家用,鋼筋混凝土造,1010203,199.94,5,2,5,有,無,9500000,47514,,0.0,0,,RPSNMLMKNHJFFAT09CA,190.14,0.0,9.78,,
屏東市,房地(土地+建物),屏東縣屏東巿興豐路１６１號三樓之二,22.69,住,,,1030430,土地5建物1車位0,三層,七層,華廈(10層含以下有電梯),住家用,鋼筋混凝土造,0810220,116.86,3,2,2,有,無,2300000,19682,,0.0,0,,RPTNMLMKNHJFFAT56CA,76.05,0.0,9.36,,
長治鄉,土地,榮華段694地號,1642.03,,一般農業區,農牧用地,1030409,土地1建物0車位0,,,其他,,,,0.0,0,0,0,有,無,2873000,1750,,0.0,0,,RPOPMLSJNHJFFAT76CA,0.0,0.0,0.0,,
屏東市,房地(土地+建物),屏東縣屏東巿建興南路４１巷４號四樓之二,15.0,住,,,1030424,土地1建物1車位0,四層,七層,華廈(10層含以下有電梯),住家用,鋼筋混凝土造,0820510,86.37,3,2,1,有,無,1350000,15630,,0.0,0,,RPUNMLTJNHJFFAT27CA,47.99,0.0,12.27,,
長治鄉,房地(土地+建物),屏東縣長治鄉香潭路１０１號三樓之一,22.62,住,,,1030422,土地1建物1車位0,三層,七層,華廈(10層含以下有電梯),見其他登記事項,鋼筋混凝土造,0831116,112.19,3,2,2,有,有,1750000,15599,,0.0,0,,RPVNMLTJNHJFFAT37CA,78.44,0.0,11.29,,
屏東市,房地(土地+建物),屏東縣屏東巿廣東路８之１號,103.0,住,,,1030128,土地1建物1車位0,全,四層,透天厝,住商用,鋼筋混凝土造,1011120,202.76,5,1,6,有,無,22000000,108503,,0.0,0,,RPWNMLMLNHJFFAT96CA,192.76,0.0,10.0,,
屏東市,房地(土地+建物),屏東縣屏東巿廣東路８之３號,110.0,住,,,1030211,土地1建物1車位0,全,四層,透天厝,住商用,鋼筋混凝土造,1011120,202.76,5,1,6,有,無,25000000,123298,,0.0,0,,RPXNMLMLNHJFFAT07CA,192.76,0.0,10.0,,
萬丹鄉,土地,新林段573地號,3266.0,,特定農業區,農牧用地,1030407,土地1建物0車位0,,,其他,,,,0.0,0,0,0,有,無,15152600,4639,,0.0,0,,RPQNMLSKNHJFFAT86CA,0.0,0.0,0.0,,
屏東市,房地(土地+建物),屏東縣屏東巿高原街９０號,90.59,住,,,1030424,土地3建物1車位0,全,四層,透天厝,見其他登記事項,鋼筋混凝土造,1021227,165.59,4,2,3,有,無,6280000,37925,,0.0,0,,RPWPMLTKNHJFFAT77CA,144.24,0.0,21.35,,
屏東市,房地(土地+建物),屏東縣屏東巿廣勝路３９１巷２６號,134.77,住,,,1030406,土地4建物1車位0,全,三層,透天厝,住家用,鋼筋混凝土造,1020723,213.64,5,2,5,有,無,9650000,45169,,0.0,0,,RPRNMLRLNHJFFAT96CA,188.1,0.0,25.54,,
屏東市,土地,民和段420-3地號,11.0,住,,,1021226,土地1建物0車位0,,,其他,,,,0.0,0,0,0,有,無,332750,30250,,0.0,0,,RPUNMLOJOHJFFAT86CA,0.0,0.0,0.0,,
屏東市,土地,民和段420-5地號,6.0,住,,,1021226,土地1建物0車位0,,,其他,,,,0.0,0,0,0,有,無,181500,30250,,0.0,0,,RPVNMLOJOHJFFAT96CA,0.0,0.0,0.0,,
屏東市,土地,玉成段847地號,361.92,,鄉村區,乙種建築用地,1030327,土地1建物0車位0,,,其他,,,,0.0,0,0,0,有,無,2062972,5700,,0.0,0,親友、員工或其他特殊關係間之交易。,RPXNMLOJOHJFFAT17CA,0.0,0.0,0.0,,
屏東市,房地(土地+建物),屏東縣屏東巿莊敬街一段１２７巷１３號,135.07,住,,,1030414,土地1建物1車位0,全,四層,透天厝,住家用,鋼筋混凝土造,1011112,373.61,5,2,4,有,無,22300000,59688,,0.0,0,,RPVOMLOJOHJFFAT07CA,356.27,0.0,17.34,,
屏東市,房地(土地+建物),屏東縣屏東巿清寧街１０６巷２號,165.0,住,,,1030226,土地1建物1車位0,全,三層,透天厝,住家用,鋼筋混凝土造,1030219,229.61,6,2,4,有,無,12000000,52263,,0.0,0,,RPPNMLQJOHJFFAT56CA,216.72,0.0,12.89,,
里港鄉,房地(土地+建物),屏東縣里港鄉忠孝路４３巷３號,77.0,住,,,1030408,土地1建物1車位0,全,三層,透天厝,住家用,鋼筋混凝土造,0830111,147.48,4,2,3,有,無,1500000,10171,,0.0,0,,RPPNMLTJNHJFFBT86CA,125.28,7.82,14.38,,
里港鄉,土地,定國段34-2地號,3445.54,,一般農業區,農牧用地,1030327,土地1建物0車位0,,,其他,,,,0.0,0,0,0,有,無,7100000,2061,,0.0,0,,RPUNMLTJNHJFFBT37CA,0.0,0.0,0.0,,
鹽埔鄉,土地,上洛陽段105地號,587.4,,一般農業區,農牧用地,1030421,土地1建物0車位0,,,其他,,,,0.0,0,0,0,有,無,600000,1021,,0.0,0,親友、員工或其他特殊關係間之交易。,RPTNMLPKNHJFFBT96CA,0.0,0.0,0.0,,
鹽埔鄉,土地,新高段271地號,2512.55,,一般農業區,農牧用地,1030423,土地2建物0車位0,,,其他,,,,0.0,0,0,0,有,無,2800000,1114,,0.0,0,,RPUNMLRJNHJFFBT17CA,0.0,0.0,0.0,,
高樹鄉,土地,豐源段30-1地號,2432.0,,一般農業區,農牧用地,1030429,土地1建物0車位0,,,其他,,,,0.0,0,0,0,有,無,1700000,699,,0.0,0,,RPVNMLRJNHJFFBT27CA,0.0,0.0,0.0,,
竹田鄉,土地,過溝段168地號,1199.85,,特定農業區,農牧用地,1030328,土地1建物0車位0,,,其他,,,,0.0,0,0,0,有,無,2000000,1667,,0.0,0,,RPRNMLMKNHJFFCT56CA,0.0,0.0,0.0,,
潮州鎮,房地(土地+建物),屏東縣潮州鎮長榮街５２巷７號,152.19,住,,,1030415,土地1建物1車位0,全,二層,透天厝,住商用,加強磚造,0640109,85.8,2,1,2,有,無,2000000,23310,,0.0,0,,RPSNMLQKNHJFFCT07CA,85.8,0.0,0.0,,
竹田鄉,土地,過溝段511地號,1505.63,,特定農業區,農牧用地,1030408,土地1建物0車位0,,,其他,,,,0.0,0,0,0,有,無,2830000,1880,,0.0,0,,RPWNMLNKNHJFFCT17CA,0.0,0.0,0.0,,
潮州鎮,房地(土地+建物),屏東縣潮州鎮華安街６號九樓之六,19.77,住,,,1030421,土地1建物1車位0,九層,十一層,住宅大樓(11層含以上有電梯),住家用,鋼筋混凝土造,0830625,139.35000000000002,3,1,2,有,有,1780000,12774,,0.0,0,,RPOOMLTJNHJFFCT96CA,81.27,3.21,12.17,,
南州鄉,土地,七塊段1498地號,3634.55,,一般農業區,農牧用地,1030417,土地2建物0車位0,,,其他,,,,0.0,0,0,0,有,無,7850000,2160,,0.0,0,,RPPNMLSJNHJFFDT96CA,0.0,0.0,0.0,,
崁頂鄉,土地,港東段297-2地號,595.36,,一般農業區,農牧用地,1030424,土地1建物0車位0,,,其他,,,,0.0,0,0,0,有,無,375077,630,,0.0,0,,RPQNMLTJNHJFFDT17CA,0.0,0.0,0.0,,
東港鎮,土地,船頭段168地號,11650.9,工,,,1030426,土地6建物0車位0,,,其他,,,,0.0,0,0,0,有,無,52865910,4537,,0.0,0,,RPPNMLKKNHJFFDT88CA,0.0,0.0,0.0,,
東港鎮,房地(土地+建物),屏東縣東港鎮明禮路３３０號,149.85,住,,,1030414,土地1建物1車位0,全,四層,透天厝,住宅,鋼筋混凝土構造,1020910,320.22,5,2,5,有,無,19000000,59334,,0.0,0,,RPWNMLKMNHJFFDT17CA,296.75,0.0,23.47,,
恆春鎮,土地,榔林段115-5地號,957.0,,鄉村區,乙種建築用地,1030331,土地1建物0車位0,,,其他,,,,0.0,0,0,0,有,無,17690000,18485,,0.0,0,,RPRNMLPKNHJFFET07CA,0.0,0.0,0.0,,
滿州鄉,土地,束段101地號,6503.0,,國家公園區,,1030326,土地1建物0車位0,,,其他,,,,0.0,0,0,0,有,無,3800000,584,,0.0,0,,RPPNMLSJNHJFFET07CA,0.0,0.0,0.0,,
恆春鎮,房地(土地+建物),屏東縣恆春鎮省北路40巷67弄8號六樓之二十八,4.5,住,,,1030428,土地1建物1車位0,六層,十二層,套房(1房1廳1衛),住家用,鋼筋混凝土造,0840110,34.47,0,0,0,無,有,780000,22628,,0.0,0,,RPSNMLTLNHJFFET67CA,19.11,0.0,3.42,,
枋寮鄉,土地,新開村段1140地號,3010.86,,一般農業區,農牧用地,1030425,土地1建物0車位0,,,其他,,,,0.0,0,0,0,有,無,2551488,847,,0.0,0,,RPTNMLSJNHJFFFT57CA,0.0,0.0,0.0,,
枋寮鄉,土地,新開村段1140-1地號,3652.01,,一般農業區,農牧用地,1030425,土地1建物0車位0,,,其他,,,,0.0,0,0,0,有,無,3094830,847,,0.0,0,,RPUNMLSJNHJFFFT67CA,0.0,0.0,0.0,,
枋寮鄉,土地,新開村段1140-2地號,2518.86,,一般農業區,農牧用地,1030425,土地1建物0車位0,,,其他,,,,0.0,0,0,0,有,無,2133900,847,,0.0,0,,RPVNMLSJNHJFFFT77CA,0.0,0.0,0.0,,
枋寮鄉,土地,新開村段1140-4地號,2567.89,,一般農業區,農牧用地,1030425,土地1建物0車位0,,,其他,,,,0.0,0,0,0,有,無,2175800,847,,0.0,0,,RPWNMLSJNHJFFFT87CA,0.0,0.0,0.0,,
枋寮鄉,房地(土地+建物),屏東縣枋寮鄉沿海路９之２號二樓,23.56,住,,,1030317,土地1建物1車位0,二層,七層,華廈(10層含以下有電梯),住家用,鋼筋混凝土造,0870921,107.21,3,2,2,有,無,2800000,26117,,0.0,0,,RPXNMLSJNHJFFFT97CA,89.14,0.0,18.07,,
屏東市,房地(土地+建物),屏東縣屏東巿廣東路990號4樓之10,8.38,住,,,1030506,土地1建物1車位0,四層,十五層,公寓(5樓含以下無電梯),住家用,鋼筋混凝土造,0821204,55.67,2,1,1,有,無,800000,14370,,0.0,0,,RPRNMLNKNHJFFAT56DA,45.39,0.0,0.0,,
屏東市,房地(土地+建物)+車位,屏東縣屏東巿機場北路716號十三樓,45.08,住,,,1030506,土地1建物1車位2,十三層，十四層,十四層,住宅大樓(11層含以上有電梯),見其他登記事項,鋼筋混凝土造,0881204,361.90999999999997,4,2,4,有,有,4700000,12425,坡道平面,48.02,800000,,RPSOMLOJOHJFFAT86DA,227.74,0.0,17.02,,
屏東市,房地(土地+建物),屏東縣屏東巿機場北路430號六樓,18.19,住,,,1030506,土地1建物1車位0,六層,十四層,住宅大樓(11層含以上有電梯),見其他登記事項,鋼筋混凝土造,0881204,128.19,3,2,2,有,有,2950000,23013,,0.0,0,,RPPOMLOJOHJFFAT56DA,85.15,0.0,14.23,,
屏東市,房地(土地+建物),屏東縣屏東巿機場北路802號七樓,11.86,住,,,1030506,土地1建物1車位0,七層,十四層,住宅大樓(11層含以上有電梯),見其他登記事項,鋼筋混凝土造,0881204,82.12,2,1,1,有,有,1750000,21310,,0.0,0,,RPQOMLOJOHJFFAT66DA,53.88,0.0,9.03,,
潮州鎮,房地(土地+建物),屏東縣潮州鎮福康街19號五樓之六,15.29,住,,,1030415,土地1建物1車位0,五層，電梯樓梯間,十二層,住宅大樓(11層含以上有電梯),住家用,鋼筋混凝土造,0840119,102.88,3,2,2,有,有,1620000,15747,,0.0,0,,RPWNMLTJNHJFFCT77DA,80.74,1.11,10.01,,
高樹鄉,土地,舊寮段149-3627地號,168.0,,,,1030430,土地1建物0車位0,,,其他,,,,0.0,0,0,0,有,無,366000,2179,,0.0,0,,RPQNMLTJNHJFFBT07DA,0.0,0.0,0.0,,
高樹鄉,土地,阿拔泉段215-8地號,4669.3,,一般農業區,農牧用地,1030421,土地2建物0車位0,,,其他,,,,0.0,0,0,0,有,無,3800000,814,,0.0,0,,RPRNMLRJNHJFFBT07EA,0.0,0.0,0.0,,
鹽埔鄉,土地,埔段834地號,5331.0,,一般農業區,農牧用地,1030428,土地1建物0車位0,,,其他,,,,0.0,0,0,0,有,無,4836480,907,,0.0,0,,RPSNMLRJNHJFFBT17EA,0.0,0.0,0.0,,
鹽埔鄉,土地,上洛陽段53地號,224.12,,一般農業區,農牧用地,1030421,土地1建物0車位0,,,其他,,,,0.0,0,0,0,有,無,160000,714,,0.0,0,,RPTNMLTJNHJFFBT37DA,0.0,0.0,0.0,,
萬丹鄉,房地(土地+建物),屏東縣萬丹鄉南聖路23號,80.0,,鄉村區,乙種建築用地,1030410,土地1建物1車位0,全,四層,透天厝,住商用,鋼筋混凝土造,0830609,202.31,5,2,5,有,無,1980000,9787,,0.0,0,,RPXNMLOKNHJFFAT27DA,173.4,9.8,19.11,,
麟洛鄉,房地(土地+建物),屏東縣麟洛鄉田道村中華路農安巷16-2號,113.76,,一般農業區,甲種建築用地,1030414,土地2建物1車位0,全,四層,透天厝,住家用,鋼筋混凝土造,0840216,192.63,3,3,3,有,無,2000000,10383,,0.0,0,,RPQNMLMKNHJFFAT98DA,177.63,0.0,15.0,,
潮州鎮,土地,光華段225地號,1138.21,,一般農業區,農牧用地,1030320,土地1建物0車位0,,,其他,,,,0.0,0,0,0,有,無,6686000,5874,,0.0,0,,RPXOMLTJNHJFFCT87CA,0.0,0.0,0.0,,
內埔鄉,房地(土地+建物),屏東縣內埔鄉東寧路６０７號,86.24,住,,,1030421,土地2建物1車位0,全,三層,透天厝,住商用,鋼筋混凝土造,0840704,181.84,9,2,3,有,無,3880000,21337,,0.0,0,,RPPNMLMKNHJFFCT98CA,170.04,6.4,5.4,,
竹田鄉,土地,鳳明段1051地號,4032.0,,特定農業區,農牧用地,1030407,土地1建物0車位0,,,其他,,,,0.0,0,0,0,有,無,12000000,2976,,0.0,0,,RPQNMLMKNHJFFCT09CA,0.0,0.0,0.0,,
萬巒鄉,房地(土地+建物),屏東縣萬巒鄉南進路７１巷２６號,72.0,住,,,1030423,土地1建物1車位0,全,四層,透天厝,住家用,鋼筋混凝土造,0930716,152.02,5,1,3,有,無,2100000,13814,,0.0,0,,RPPNMLTJNHJFFCT96CA,147.83,0.0,4.19,,
新埤鄉,土地,上萬安段1229地號,2745.49,,一般農業區,農牧用地,1030505,土地1建物0車位0,,,其他,,,,0.0,0,0,0,有,無,1647294,600,,0.0,0,權利人等2人親友、員工或其他特殊關係間之交易。,RPRNMLTJNHJFFCT17CA,0.0,0.0,0.0,,
潮州鎮,土地,華興段1012地號,40.61,住,,,1030425,土地1建物0車位0,,,其他,,,,0.0,0,0,0,有,無,1050000,25856,,0.0,0,,RPSNMLTJNHJFFCT27CA,0.0,0.0,0.0,,
竹田鄉,土地,新田段1420地號,3318.0,農,,,1030415,土地1建物0車位0,,,其他,,,,0.0,0,0,0,有,無,5300000,1597,,0.0,0,,RPSNMLPKNHJFFCT96CA,0.0,0.0,0.0,,
潮州鎮,房地(土地+建物),屏東縣潮州鎮華安街６號六樓之八,19.2,住,,,1030425,土地1建物1車位0,六層,十一層,住宅大樓(11層含以上有電梯),住家用,鋼筋混凝土造,0830625,121.26,3,2,2,有,無,2000000,16493,,0.0,0,,RPXNMLMLNHJFFCT27CA,78.66,2.54,13.23,,
萬巒鄉,房地(土地+建物),屏東縣萬巒鄉萬巒村民和路８８號,774.29,住,,,1030414,土地3建物1車位0,全,三層,透天厝,住家用,鋼筋混凝土造,0830903,664.7,6,6,7,有,無,12000000,18053,,0.0,0,,RPRNMLKLNHJFFCT09CA,664.7,0.0,0.0,,
潮州鎮,房地(土地+建物),屏東縣潮州鎮三星路２０號七樓之１,17.29,住,,,1030421,土地1建物1車位0,七層,七層,華廈(10層含以下有電梯),住家用,鋼筋混凝土造,0831108,88.03,2,1,1,有,無,950000,10792,,0.0,0,,RPRNMLQKNHJFFCT96CA,58.45,0.0,6.4,,
潮州鎮,房地(土地+建物),屏東縣潮州鎮興隆路１１４號,100.61,住,,,1030415,土地2建物1車位0,全,三層,透天厝,住商用,鋼筋混凝土造,0711021,175.09,4,2,3,有,無,8300000,47404,,0.0,0,,RPXNMLLLNHJFFCT17CA,175.09,0.0,0.0,,
潮州鎮,房地(土地+建物),屏東縣潮州鎮三林路１００巷１號,17.7,住,,,1030420,土地1建物1車位0,一層,十一層,住宅大樓(11層含以上有電梯),住家用,鋼筋混凝土造,0840104,115.3,4,2,2,有,無,3000000,26019,,0.0,0,,RPXNMLRLNHJFFCT77CA,91.43,11.46,0.0,,
高樹鄉,土地,阿拔泉段594-804地號,562.0,,一般農業區,甲種建築用地,1030329,土地2建物0車位0,,,其他,,,,0.0,0,0,0,有,無,1420000,2527,,0.0,0,,RPQNMLTKNHJFFBT07CA,0.0,0.0,0.0,,
高樹鄉,土地,大路關段舊大路關小段306-71地號,3394.0,,一般農業區,農牧用地,1030421,土地1建物0車位0,,,其他,,,,0.0,0,0,0,有,無,5600000,1650,,0.0,0,,RPRNMLLLNHJFFBT09CA,0.0,0.0,0.0,,
里港鄉,土地,武洛段1067地號,1340.0,,一般農業區,農牧用地,1030425,土地2建物0車位0,,,其他,,,,0.0,0,0,0,有,無,450000,336,,0.0,0,親友、員工或其他特殊關係間之交易。,RPTNMLMLNHJFFBT76CA,0.0,0.0,0.0,,
里港鄉,土地,武洛段1064地號,1900.0,,一般農業區,農牧用地,1030425,土地1建物0車位0,,,其他,,,,0.0,0,0,0,有,無,600000,316,,0.0,0,親友、員工或其他特殊關係間之交易。,RPUNMLMLNHJFFBT86CA,0.0,0.0,0.0,,
萬丹鄉,房地(土地+建物),屏東縣萬丹鄉水哮路２７巷２６號,76.0,,特定農業區,甲種建築用地,1030416,土地1建物1車位0,全,三層,透天厝,住家用,鋼筋混凝土造,0821218,126.12,4,2,3,有,無,2100000,16651,,0.0,0,,RPTNMLOJOHJFFAT76CA,111.12,15.0,0.0,,
屏東市,房地(土地+建物),屏東縣屏東巿建國路４７８號,83.0,,鄉村區,乙種建築用地,1030408,土地1建物1車位0,全,四層,透天厝,住商用,鋼筋混凝土造,0830226,217.97,6,2,3,有,無,5100000,23398,,0.0,0,,RPPNMLMKNHJFFAT78CA,180.25,20.92,16.8,,
九如鄉,土地,九清段1382-2地號,147.0,,鄉村區,乙種建築用地,1030423,土地1建物0車位0,,,其他,,,,0.0,0,0,0,有,無,830000,5646,,0.0,0,,RPUNMLMKNHJFFAT66CA,0.0,0.0,0.0,,
屏東市,房地(土地+建物),屏東縣屏東巿自立路２８３號,22.11,住,,,1030418,土地2建物1車位0,一層，二層，三層,十層,華廈(10層含以下有電梯),住商用,鋼筋混凝土造,0831012,136.07,5,2,3,有,有,4000000,29397,,0.0,0,,RPTOMLMKNHJFFAT66CA,113.04,2.32,5.12,,
麟洛鄉,土地,麟仁段392地號,501.32,農,,,1030429,土地1建物0車位0,,,其他,,,,0.0,0,0,0,有,無,1300000,2593,,0.0,0,本筆申報書資料係由當事人確認提供屬實，解弟間之交易。,RPPNMLNKNHJFFAT88CA,0.0,0.0,0.0,,
萬丹鄉,土地,頂新段484-1地號,2058.18,,特定農業區,農牧用地,1030430,土地2建物0車位0,,,其他,,,,0.0,0,0,0,有,無,4243960,2062,,0.0,0,,RPQNMLNKNHJFFAT98CA,0.0,0.0,0.0,,
屏東市,房地(土地+建物),屏東縣屏東巿機場北路４９２號五樓,25.31,住,,,1030403,土地1建物1車位0,五層,十四層,住宅大樓(11層含以上有電梯),見其他登記事項,鋼筋混凝土造,0881204,177.24,4,2,2,有,有,3350000,18901,,0.0,0,,RPPOMLOKNHJFFAT09CA,122.71,0.0,15.16,,
長治鄉,土地,崑崙段634地號,2842.22,,一般農業區,農牧用地,1030429,土地3建物0車位0,,,其他,,,,0.0,0,0,0,有,無,9669000,3402,,0.0,0,,RPUNMLPKNHJFFAT96CA,0.0,0.0,0.0,,
屏東市,房地(土地+建物),屏東縣屏東巿中山路３６６號,78.0,住,,,1030418,土地1建物1車位0,全,四層,透天厝,住商用,鋼筋混凝土造,0830526,216.63,9,2,9,有,無,5680000,26220,,0.0,0,,RPSNMLOKNHJFFAT66CA,186.4,12.23,18.0,,
屏東市,房地(土地+建物),屏東縣屏東巿復興南路一段３３６巷１１弄１６號,76.47,,鄉村區,乙種建築用地,1030430,土地1建物1車位0,全,四層,透天厝,住家用,鋼筋混凝土造,0830415,188.3,5,2,3,有,無,1880000,9984,,0.0,0,,RPTNMLOKNHJFFAT76CA,151.2,24.5,12.6,,
屏東市,房地(土地+建物),屏東縣屏東巿逢甲路６６號,176.75,商,,,1030416,土地5建物1車位0,全,三層,透天厝,住商用,鋼筋混凝土加強磚造,,349.68,0,0,0,無,無,36000000,102951,,0.0,0,,RPRNMLPKNHJFFAT66CA,349.68,0.0,0.0,,
萬丹鄉,房地(土地+建物),屏東縣萬丹鄉大信路３０６號,62.29,,鄉村區,乙種建築用地,1030417,土地1建物1車位0,全,三層,透天厝,住家用,鋼筋混凝土造,0950718,164.02,4,2,3,有,無,4060000,24753,,0.0,0,,RPUOMLMKNHJFFAT76CA,108.6,24.49,30.93,,
屏東市,房地(土地+建物),屏東縣屏東巿機場北路７４２號四樓,17.79,住,,,1030421,土地1建物1車位0,四層,十四層,住宅大樓(11層含以上有電梯),見其他登記事項,鋼筋混凝土造,0881204,149.37,3,2,2,有,有,2300000,15398,,0.0,0,,RPVOMLMKNHJFFAT86CA,80.24,0.0,14.39,,
屏東市,房地(土地+建物),屏東縣屏東巿和生路一段８４號九樓,13.77,住,,,1030428,土地1建物1車位0,九層,十三層,住宅大樓(11層含以上有電梯),見其他登記事項,鋼筋混凝土造,0900118,116.79,3,2,2,有,有,2600000,22262,,0.0,0,,RPSOMLMKNHJFFAT56CA,74.8,1.3,14.82,,
屏東市,房地(土地+建物),屏東縣屏東巿徐州路１６８號五樓之四,9.77,住,,,1030505,土地1建物1車位0,五層,五層,套房(1房1廳1衛),住家用,鋼筋混凝土造,0831216,47.26,1,1,1,有,無,520000,11003,,0.0,0,,RPWNMLNKNHJFFAT96CA,26.41,0.0,5.5,,
屏東市,房地(土地+建物),屏東縣屏東巿中華路１９６巷７號,142.0,住,,,1030321,土地1建物1車位0,全,三層,透天厝,住家用,鋼筋混凝土造,0950613,188.2,4,3,5,有,無,6780000,36026,,0.0,0,,RPXNMLNKNHJFFAT07CA,162.88,17.86,7.5,,
萬丹鄉,土地,新鐘段623-18地號,567.0,,鄉村區,乙種建築用地,1030424,土地1建物0車位0,,,其他,,,,0.0,0,0,0,有,無,6174630,10890,,0.0,0,,RPQOMLNKNHJFFAT09CA,0.0,0.0,0.0,,
屏東市,房地(土地+建物),屏東縣屏東巿武威街１２９巷１０號,108.0,住,,,1030421,土地1建物1車位0,全,四層,透天厝,住家用,鋼筋混凝土造,0830503,237.57,5,3,3,有,無,6050000,25466,,0.0,0,,RPSOMLTKNHJFFAT27CA,237.57,0.0,0.0,,
屏東市,房地(土地+建物),屏東縣屏東巿武威街１２９巷６之２號,36.22,住,,,1030423,土地1建物1車位0,全,三層,透天厝,住家用,鋼筋混凝土造,1000701,84.77,4,1,3,有,無,1000000,11797,,0.0,0,親友、員工或其他特殊關係間之交易。,RPUNMLTKNHJFFAT37CA,64.2,10.4,10.17,,
鹽埔鄉,土地,高華段72地號,204.42,,一般農業區,農牧用地,1030501,土地1建物0車位0,,,其他,,,,0.0,0,0,0,有,無,100000,489,,0.0,0,,RPVNMLLLNHJFFBT86CA,0.0,0.0,0.0,,
里港鄉,房地(土地+建物),屏東縣里港鄉潮厝路５３之８號,68.0,住,,,1030416,土地1建物1車位0,全,三層,透天厝,住商用,鋼筋混凝土造,0830117,129.39,4,2,3,有,無,1800000,13911,,0.0,0,兄弟--親友、員工或其他特殊關係間之交易。,RPPNMLTLNHJFFBT07CA,122.85,6.54,0.0,,
高樹鄉,土地,豐源段322地號,4700.73,,一般農業區,農牧用地,1030302,土地2建物0車位0,,,其他,,,,0.0,0,0,0,有,無,4000000,851,,0.0,0,,RPSNMLQJOHJFFBT96CA,0.0,0.0,0.0,,
高樹鄉,土地,泰和段829地號,5744.91,,一般農業區,農牧用地,1030425,土地1建物0車位0,,,其他,,,,0.0,0,0,0,有,無,4680000,815,,0.0,0,,RPPNMLNKNHJFFBT98CA,0.0,0.0,0.0,,
里港鄉,土地,鐵店段240-2地號,2600.0,農,,,1030501,土地1建物0車位0,,,其他,,,,0.0,0,0,0,有,無,4020000,1546,,0.0,0,,RPQNMLNKNHJFFBT09CA,0.0,0.0,0.0,,
鹽埔鄉,土地,中段877地號,97.33,住,,,1030425,土地1建物0車位0,,,其他,,,,0.0,0,0,0,有,無,1060000,10891,,0.0,0,,RPUNMLNKNHJFFBT86CA,0.0,0.0,0.0,,
內埔鄉,土地,文化段24地號,263.45,,一般農業區,農牧用地,1030329,土地1建物0車位0,,,其他,,,,0.0,0,0,0,有,無,800000,3037,,0.0,0,,RPRNMLSLNHJFFCT27CA,0.0,0.0,0.0,,
潮州鎮,房地(土地+建物),屏東縣潮州鎮民治路６號、８號,106.42,住,,,1030331,土地2建物1車位0,全,三層,透天厝,住商用,鋼筋混凝土造,0641222,234.0,5,3,4,有,無,5200000,22222,,0.0,0,,RPTNMLSLNHJFFCT47CA,234.0,0.0,0.0,,
內埔鄉,土地,中勝段1078地號,78.97,住,,,1030428,土地1建物0車位0,,,其他,,,,0.0,0,0,0,有,無,300000,3799,,0.0,0,含未登記建物。,RPQNMLNJOHJFFCT56CA,0.0,0.0,0.0,,
潮州鎮,土地,劉厝庄段620地號,238.01,,鄉村區,乙種建築用地,1030416,土地2建物0車位0,,,其他,,,,0.0,0,0,0,有,無,2370579,9960,,0.0,0,,RPOPMLQJOHJFFCT86CA,0.0,0.0,0.0,,
萬巒鄉,土地,民生段1196地號,1648.58,,鄉村區,乙種建築用地,1030417,土地2建物0車位0,,,其他,,,,0.0,0,0,0,有,無,6000000,3639,,0.0,0,含路權通行費用,RPUNMLLLNHJFFCT86CA,0.0,0.0,0.0,,
內埔鄉,房地(土地+建物),屏東縣內埔鄉中華一街６號,118.71,住,,,1030417,土地1建物1車位0,全,三層,透天厝,見其他登記事項,見其他登記事項,1030123,177.31,5,2,3,有,無,6880000,38802,,0.0,0,,RPWNMLMKNHJFFCT07CA,151.72,11.2,14.39,,
屏東市,房地(土地+建物),屏東縣屏東巿徐州路168號5樓之2,7.22,住,,,1030425,土地1建物1車位0,五層,五層,華廈(10層含以下有電梯),住家用,鋼筋混凝土造,0831216,29.2,1,0,1,有,無,570000,19521,,0.0,0,,RPPOMLMKNHJFFAT98DA,23.49,0.0,0.0,,
佳冬鄉,房地(土地+建物),屏東縣佳冬鄉文化二路１１８之６號,212.15,住,,,1030413,土地2建物1車位0,全,三層,透天厝,住家用,鋼筋混凝土造,1021218,210.52,5,2,4,有,無,6500000,30876,,0.0,0,,RPQNMLPKNHJFFFT07CA,195.09,0.0,15.43,,
車城鄉,土地,興統段144地號,2720.7,,一般農業區,農牧用地,1030421,土地1建物0車位0,,,其他,,,,0.0,0,0,0,有,無,1220000,448,,0.0,0,,RPQNMLLLNHJFFET66CA,0.0,0.0,0.0,,
恆春鎮,土地,鵝鑾段230地號,96.66,,國家公園區,,1030414,土地1建物0車位0,,,其他,,,,0.0,0,0,0,有,無,108258,1120,,0.0,0,,RPPOMLNLNHJFFET86CA,0.0,0.0,0.0,,
恆春鎮,土地,鵝鑾段230地號,49.13,,國家公園區,,1030415,土地1建物0車位0,,,其他,,,,0.0,0,0,0,有,無,55027,1120,,0.0,0,,RPQOMLNLNHJFFET96CA,0.0,0.0,0.0,,
恆春鎮,土地,鵝鑾段230地號,124.8,,國家公園區,,1030415,土地1建物0車位0,,,其他,,,,0.0,0,0,0,有,無,139772,1120,,0.0,0,,RPROMLNLNHJFFET07CA,0.0,0.0,0.0,,
恆春鎮,土地,鵝鑾鼻段127-4地號,2429.0,,國家公園區,,1030523,土地1建物0車位0,,,其他,,,,0.0,0,0,0,有,無,5000000,2058,,0.0,0,,RPXNMLNLNHJFFET57CA,0.0,0.0,0.0,,
恆春鎮,房地(土地+建物),屏東縣恆春鎮省北路４０巷６７弄８號八樓之四十,5.22,住,,,1030501,土地1建物1車位0,八層,十二層,套房(1房1廳1衛),住家用,鋼筋混凝土造,0840110,21.68,1,1,1,有,無,600000,27675,,0.0,0,,RPSNMLNKNHJFFET96CA,21.68,0.0,0.0,,
恆春鎮,土地,大埔段1149地號,1362.66,,一般農業區,農牧用地,1030413,土地1建物0車位0,,,其他,,,,0.0,0,0,0,有,無,1800000,1321,,0.0,0,,RPVNMLMLNHJFFET27CA,0.0,0.0,0.0,,
長治鄉,土地,永興段1237地號,74.17,,一般農業區,農牧用地,1030423,土地1建物0車位0,,,其他,,,,0.0,0,0,0,有,無,180000,2427,,0.0,0,向政府機關承購之案件。,RPXNMLLLNHJFFAT07DA,0.0,0.0,0.0,,
屏東市,房地(土地+建物)+車位,屏東縣屏東巿機場北路756號十三樓,17.79,住,,,1030508,土地1建物1車位1,十三層,十四層,住宅大樓(11層含以上有電梯),見其他登記事項,鋼筋混凝土造,0881204,149.38,3,2,2,有,有,3420000,24089,坡道平面,24.01,400000,,RPROMLOJOHJFFAT76DA,83.51,0.0,11.13,,
屏東市,房地(土地+建物),屏東縣屏東巿古松西巷317弄1號,101.44,住,,,1030411,土地2建物1車位0,全,四層,透天厝,見其他登記事項,鋼筋混凝土造,0910322,196.17,4,2,3,有,無,5000000,25488,,0.0,0,,RPSNMLTKOHJFFAT37DA,187.95,0.0,8.22,,
高樹鄉,土地,加蚋埔段547-329地號,105.0,其他,,,1030502,土地1建物0車位0,,,其他,,,,0.0,0,0,0,有,無,91000,867,,0.0,0,,RPPNMLMKNHJFFBT98DA,0.0,0.0,0.0,,
里港鄉,房地(土地+建物),屏東縣里港鄉三和路71-15號,99.03,,鄉村區,乙種建築用地,1030428,土地3建物1車位0,全,三層,透天厝,住家用,鋼筋混凝土造,0821126,154.7,4,1,2,有,無,2250000,14544,,0.0,0,,RPSNMLNKNHJFFBT76DA,129.81,11.3,13.59,,
新埤鄉,土地,新東段232地號,162.34,住,,,1030428,土地1建物0車位0,,,其他,,,,0.0,0,0,0,有,無,1000000,6160,,0.0,0,,RPSNMLMKNHJFFCT76DA,0.0,0.0,0.0,,
崁頂鄉,土地,頂仁段1353地號,2352.22,農,,,1030422,土地1建物0車位0,,,其他,,,,0.0,0,0,0,有,無,2117000,900,,0.0,0,,RPRNMLTLNHJFFDT47CA,0.0,0.0,0.0,,
東港鎮,土地,新孝段62地號,663.43,住,,,1030214,土地3建物0車位0,,,其他,,,,0.0,0,0,0,有,無,14046900,21173,,0.0,0,本案買賣交易價格低於市場一般行情，茲因位於東港大橋旁邊，就風水地理學方面來講，買方較為排斥及不好脫手，故交易價格特殊，如能不實價公開，較不會影響市場行情，特此說明。瑕疵物件之交易。,RPSNMLSLNHJFFDT47CA,0.0,0.0,0.0,,
南州鄉,土地,三千段44地號,2387.71,,一般農業區,農牧用地,1030423,土地1建物0車位0,,,其他,,,,0.0,0,0,0,有,無,3000000,1256,,0.0,0,,RPWNMLPKNHJFFDT47CA,0.0,0.0,0.0,,
新園鄉,土地,鹽新段277-1地號,12.81,住,,,1030421,土地1建物0車位0,,,其他,,,,0.0,0,0,0,有,無,187538,14640,,0.0,0,,RPSNMLNKNHJFFDT86CA,0.0,0.0,0.0,,
南州鄉,房地(土地+建物),屏東縣南州鄉壽元路３９之１號,198.02,,鄉村區,乙種建築用地,1030415,土地1建物1車位0,全,二層,透天厝,住宅,加強磚造,0700325,136.59,3,2,3,有,無,1100000,8053,,0.0,0,姑姪間買賣,RPPNMLSKNHJFFDT07CA,133.12,3.47,0.0,,
恆春鎮,房地(土地+建物),屏東縣恆春鎮?南路125巷32號三樓之二,7.82,住,,,1030424,土地4建物1車位0,三層,七層,套房(1房1廳1衛),住家用,鋼筋混凝土造,0830817,36.93,0,0,1,無,無,600000,16247,,0.0,0,,RPQNMLTJNHJFFET37DA,0.0,0.0,0.0,,
崁頂鄉,土地,頂信段704地號,837.55,,一般農業區,農牧用地,1030505,土地1建物0車位0,,,其他,,,,0.0,0,0,0,有,無,1208000,1442,,0.0,0,代為標售地籍清理土地,RPTNMLNKNHJFFDT07DA,0.0,0.0,0.0,,
東港鎮,土地,東港段1248-2地號,224.0,住,,,1030327,土地1建物0車位0,,,其他,,,,0.0,0,0,0,有,無,2710400,12100,,0.0,0,,RPRNMLQKNHJFFDT17DA,0.0,0.0,0.0,,
恆春鎮,房地(土地+建物),屏東縣恆春鎮恆公路1012巷2弄13號,97.22,住,,,1030416,土地1建物1車位0,全,二層,透天厝,見其他登記事項,加強磚造,0790406,109.2,6,2,2,有,無,4400000,40293,,0.0,0,,RPPNMLNKNHJFFET76DA,109.2,0.0,0.0,,
車城鄉,房地(土地+建物),屏東縣車城鄉福安路6-10號,72.83,住,,,1030331,土地2建物1車位0,全,三層,透天厝,住商用,鋼筋混凝土造,0840627,144.73,4,2,3,有,無,3500000,24183,,0.0,0,,RPPOMLNKNHJFFET86DA,0.0,0.0,0.0,,
崁頂鄉,土地,頂義段631-1地號,1.74,住,,,1030501,土地1建物0車位0,,,其他,,,,0.0,0,0,0,有,無,30000,17241,,0.0,0,,RPQOMLPKNHJFFDT96CA,0.0,0.0,0.0,,
東港鎮,土地,東港段800-11地號,46.5,其他,,,1030226,土地3建物0車位0,,,其他,,,,0.0,0,0,0,有,無,1400000,30108,,0.0,0,,RPRNMLMKNHJFFDT66CA,0.0,0.0,0.0,,
東港鎮,土地,新孝段1404-5地號,116.7,住,,,1030512,土地1建物0車位0,,,其他,,,,0.0,0,0,0,有,無,5850000,50129,,0.0,0,,RPRNMLKLNHJFFDT56CA,0.0,0.0,0.0,,
東港鎮,建物,屏東縣東港鎮明德一路３６６巷１０號,0.0,,,,1030512,土地0建物1車位0,全,三層,透天厝,住宅,鋼筋混凝土構造,1030128,213.52,0,0,0,無,無,3150000,14753,,0.0,0,,RPSNMLKLNHJFFDT66CA,189.62,4.65,19.25,,
新園鄉,土地,南龍段198地號,287.71,住,,,1030411,土地2建物0車位0,,,其他,,,,0.0,0,0,0,有,無,4525000,15728,,0.0,0,,RPQNMLQJOHJFFDT96CA,0.0,0.0,0.0,,
林邊鄉,土地,復興段491地號,141.75,住,,,1030430,土地3建物0車位0,,,其他,,,,0.0,0,0,0,有,無,1800000,12698,,0.0,0,,RPQNMLKKOHJFFDT09CA,0.0,0.0,0.0,,
內埔鄉,土地,上龍泉段19地號,2694.71,,一般農業區,農牧用地,1030415,土地3建物0車位0,,,其他,,,,0.0,0,0,0,有,無,4430000,1644,,0.0,0,,RPPNMLSLNHJFFCT17DA,0.0,0.0,0.0,,
鹽埔鄉,土地,彭新段746地號,17.33,,一般農業區,農牧用地,1030502,土地1建物0車位0,,,其他,,,,0.0,0,0,0,有,無,17334,1000,,0.0,0,,RPPNMLOKNHJFFBT56DA,0.0,0.0,0.0,,
鹽埔鄉,土地,彭新段745地號,2.27,,一般農業區,農牧用地,1030502,土地1建物0車位0,,,其他,,,,0.0,0,0,0,有,無,1929,850,,0.0,0,,RPQNMLOKNHJFFBT66DA,0.0,0.0,0.0,,
鹽埔鄉,土地,洛陽段1082地號,2500.02,,一般農業區,農牧用地,1030414,土地1建物0車位0,,,其他,,,,0.0,0,0,0,有,無,2500000,1000,,0.0,0,親友、員工或其他特殊關係間之交易。,RPRNMLOKNHJFFBT76DA,0.0,0.0,0.0,,
里港鄉,房地(土地+建物),屏東縣里港鄉屏東縣里港鄉中和村中和路8-1號,91.53,,鄉村區,乙種建築用地,1030416,土地1建物1車位0,全,三層,透天厝,住商用,鋼筋混凝土造,0840322,130.74,3,2,2,有,無,1450000,11091,,0.0,0,,RPPNMLTJOHJFFBT07DA,0.0,0.0,0.0,,
九如鄉,土地,耆老段626地號,3937.0,,特定農業區,農牧用地,1030428,土地2建物0車位0,,,其他,,,,0.0,0,0,0,有,無,8850000,2248,,0.0,0,,RPVOMLMLNHJFFAT07DA,0.0,0.0,0.0,,
恆春鎮,土地,恆春段3-440地號,16.0,商,,,1030417,土地2建物0車位0,,,其他,,,,0.0,0,0,0,有,無,300000,18750,,0.0,0,含未登記建物。,RPTNMLNLNHJFFET17CA,0.0,0.0,0.0,,
恆春鎮,土地,大平頂段上大平頂小段155-4地號,5901.08,,山坡地保育區,農牧用地,1030326,土地1建物0車位0,,,其他,,,,0.0,0,0,0,有,無,4700000,796,,0.0,0,,RPTNMLNKNHJFFET07CA,0.0,0.0,0.0,,
車城鄉,土地,新海口段134地號,9217.19,,一般農業區,農牧用地,1030430,土地1建物0車位0,,,其他,,,,0.0,0,0,0,有,無,5850000,635,,0.0,0,,RPQNMLNKNHJFFET76CA,0.0,0.0,0.0,,
恆春鎮,房地(土地+建物),屏東縣恆春鎮西門路９９巷２８號,69.69,住,,,1030429,土地1建物1車位0,全,二層,透天厝,住家用,鋼筋混凝土加強磚造,0640705,81.6,3,2,1,有,無,850000,10417,,0.0,0,,RPPNMLPKNHJFFET86CA,81.6,0.0,0.0,,
恆春鎮,土地,鵝鑾鼻段127-3地號,2404.0,,國家公園區,,1030328,土地1建物0車位0,,,其他,,,,0.0,0,0,0,有,無,5000000,2080,,0.0,0,,RPVNMLNLNHJFFET37CA,0.0,0.0,0.0,,
恆春鎮,土地,鵝鑾段230地號,47.53,,國家公園區,,1030415,土地1建物0車位0,,,其他,,,,0.0,0,0,0,有,無,53231,1120,,0.0,0,,RPSOMLNLNHJFFET17CA,0.0,0.0,0.0,,
恆春鎮,土地,鵝鑾段230地號,47.53,,國家公園區,,1030416,土地1建物0車位0,,,其他,,,,0.0,0,0,0,有,無,53231,1120,,0.0,0,,RPTOMLNLNHJFFET27CA,0.0,0.0,0.0,,
恆春鎮,土地,鵝鑾段230地號,98.26,,國家公園區,,1030421,土地1建物0車位0,,,其他,,,,0.0,0,0,0,有,無,110054,1120,,0.0,0,,RPUOMLNLNHJFFET37CA,0.0,0.0,0.0,,
佳冬鄉,土地,佳和段1496地號,3844.0,,一般農業區,農牧用地,1030319,土地3建物0車位0,,,其他,,,,0.0,0,0,0,有,無,4000000,1041,,0.0,0,1.親友、員工或其他特殊關係間之交易。2.含增建或未登記建物。,RPRNMLQKNHJFFFT27CA,0.0,0.0,0.0,,
枋寮鄉,土地,內寮村段467地號,19348.76,,一般農業區,農牧用地,1030416,土地1建物0車位0,,,其他,,,,0.0,0,0,0,有,無,21940000,1134,,0.0,0,,RPRNMLNKNHJFFFT96CA,0.0,0.0,0.0,,
枋寮鄉,房地(土地+建物),屏東縣枋寮鄉中山路１０９巷８號,90.52,住,,,1030502,土地1建物1車位0,全,二層,透天厝,住家用,加強磚造,0660706,113.6,3,2,2,有,無,1900000,16725,,0.0,0,,RPPNMLOKNHJFFFT86CA,113.6,0.0,0.0,,
內埔鄉,房地(土地+建物),屏東縣內埔鄉學人路２６７之３７號二樓,8.06,,鄉村區,乙種建築用地,1030410,土地1建物1車位0,二層,六層,套房(1房1廳1衛),住家用,鋼筋混凝土造,0840710,28.259999999999998,1,1,1,有,無,399000,14119,,0.0,0,,RPOOMLPKNHJFFCT66CA,14.78,0.0,2.31,,
內埔鄉,土地,圳頭段829地號,6122.62,,一般農業區,農牧用地,1030429,土地2建物0車位0,,,其他,,,,0.0,0,0,0,有,無,10800000,1764,,0.0,0,,RPQNMLOKNHJFFCT66CA,0.0,0.0,0.0,,
潮州鎮,房地(土地+建物),屏東縣潮州鎮和順街１００號,80.18,住,,,1030417,土地1建物1車位0,全,三層,透天厝,住家用,見其他登記事項,1021115,152.96,4,2,3,有,無,6380000,41710,,0.0,0,,RPXNMLQLNHJFFCT67CA,132.84,9.18,10.94,,
潮州鎮,房地(土地+建物),屏東縣潮州鎮和順街９８號,122.48,住,,,1030416,土地1建物1車位0,全,三層,透天厝,住家用,見其他登記事項,1021115,167.79,4,2,3,有,無,7600000,45295,,0.0,0,,RPOOMLQLNHJFFCT86CA,142.29,12.97,12.53,,
內埔鄉,房地(土地+建物),屏東縣內埔鄉海平路２２３之１號,4992.0,,特定農業區,農牧用地,1030418,土地1建物2車位0,全,一層,透天厝,農舍,加強磚造,0840517,280.86,3,2,1,有,無,8224000,29281,,0.0,0,,RPPNMLOJOHJFFCT56CA,274.59,6.27,0.0,,
潮州鎮,土地,八爺段116地號,22483.7,,一般農業區,農牧用地,1030424,土地4建物0車位0,,,其他,,,,0.0,0,0,0,有,無,36626000,1629,,0.0,0,含未登記建物。,RPXNMLPJOHJFFCT47CA,0.0,0.0,0.0,,
潮州鎮,房地(土地+建物),屏東縣潮州鎮和順街９２號,79.88,住,,,1030416,土地1建物1車位0,全,三層,透天厝,住家用,見其他登記事項,1021115,167.67,4,2,3,有,無,6650000,39661,,0.0,0,,RPTNMLKMNHJFFCT76CA,142.29,12.97,12.41,,
高樹鄉,土地,埔崙段582-7地號,2183.0,,一般農業區,農牧用地,1030430,土地3建物0車位0,,,其他,,,,0.0,0,0,0,有,無,630000,289,,0.0,0,,RPQNMLKMNHJFFBT98CA,0.0,0.0,0.0,,
高樹鄉,土地,埔崙段582-1地號,1280.0,,一般農業區,農牧用地,1030430,土地1建物0車位0,,,其他,,,,0.0,0,0,0,有,無,370000,289,,0.0,0,,RPRNMLKMNHJFFBT09CA,0.0,0.0,0.0,,
麟洛鄉,土地,麟愛段560地號,40.99,住,,,1030417,土地1建物0車位0,,,其他,,,,0.0,0,0,0,有,無,20000,488,,0.0,0,1.親友間買賣移轉。2.賣清（買方負擔全部稅規費）,RPVNMLQKNHJFFAT17CA,0.0,0.0,0.0,,
屏東市,房地(土地+建物),屏東縣屏東巿自由路７３０之３號九樓之六,3.94,住,,,1030428,土地1建物1車位0,九層,十二層,套房(1房1廳1衛),住家用,鋼筋混凝土造,0841109,31.560000000000002,1,0,1,有,有,550000,17427,,0.0,0,,RPSNMLQKNHJFFAT86CA,20.95,0.0,2.42,,
屏東市,房地(土地+建物),屏東縣屏東巿和生路二段５４２巷４２號,92.0,住,,,1030508,土地1建物1車位0,全,二層,透天厝,住家用,加強磚造,0770519,119.35,3,3,2,有,無,5350000,44826,,0.0,0,,RPQQMLLLNHJFFAT56CA,105.93,13.42,0.0,,
萬丹鄉,房地(土地+建物),屏東縣萬丹鄉四維東路３１２巷２２號,69.0,,鄉村區,乙種建築用地,1030428,土地1建物1車位0,全,三層,透天厝,住家用,鋼筋混凝土造,0820812,134.32,3,2,3,有,無,2400000,17868,,0.0,0,,RPTNMLKLNHJFFAT09CA,123.41,4.13,6.78,,
屏東市,房地(土地+建物),屏東縣屏東巿徐州路１６８號四樓之六,9.59,住,,,1030429,土地1建物1車位0,四層,五層,套房(1房1廳1衛),住家用,鋼筋混凝土造,0831216,39.0,1,0,1,有,有,850000,21795,,0.0,0,,RPUNMLKLNHJFFAT56CA,26.94,0.0,4.3,,
屏東市,房地(土地+建物),屏東縣屏東巿古松西巷７４６弄８號,114.52,住,,,1030424,土地2建物1車位0,全,三層,透天厝,住家用,鋼筋混凝土造,1020905,194.45,5,2,3,有,無,9360000,48136,,0.0,0,,RPOPMLNKNHJFFAT98CA,168.55,0.0,25.9,,
屏東市,房地(土地+建物),屏東縣屏東巿武昌街１１７之１號四樓之三,11.5,住,,,1030427,土地1建物1車位0,四層,七層,華廈(10層含以下有電梯),見其他登記事項,鋼筋混凝土造,0841125,66.25999999999999,1,1,1,有,有,950000,14337,,0.0,0,,RPQNMLOKNHJFFAT09CA,39.66,1.71,0.0,,
萬丹鄉,土地,萬興段1649地號,1355.0,,特定農業區,農牧用地,1030430,土地1建物0車位0,,,其他,,,,0.0,0,0,0,有,無,5099068,3763,,0.0,0,,RPSNMLPKNHJFFAT76CA,0.0,0.0,0.0,,
屏東市,房地(土地+建物),屏東縣屏東巿歸禮巷１４５號,278.46,,一般農業區,特定目的事業用地,1030405,土地1建物1車位0,全,四層,透天厝,見其他登記事項,鋼筋混凝土造,0950509,330.71,3,2,3,有,有,5250000,15875,,0.0,0,,RPRNMLQLNHJFFAT86CA,266.02,12.22,52.47,,
屏東市,房地(土地+建物),屏東縣屏東巿廣勝路３９１巷３８號,134.77,住,,,1030414,土地4建物1車位0,全,三層,透天厝,住家用,鋼筋混凝土造,1020723,213.64,5,2,5,有,無,9720000,45497,,0.0,0,,RPUNMLRLNHJFFAT27CA,188.1,0.0,25.54,,
屏東市,房地(土地+建物),屏東縣屏東巿公裕街３８３巷３６弄１６號,112.67,住,,,1030430,土地3建物1車位0,全,三層,透天厝,住家用,鋼筋混凝土造,1020313,171.98,5,2,3,有,無,9000000,52332,,0.0,0,,RPPQMLNLNHJFFAT66CA,158.46,0.0,13.52,,
屏東市,房地(土地+建物),屏東縣屏東巿武成街７３號,82.0,住,,,1030430,土地1建物1車位0,全,三層,透天厝,住家用,鋼筋混凝土造,0821015,158.52,4,3,3,有,無,7450000,46997,,0.0,0,,RPWNMLTLNHJFFAT67CA,158.52,0.0,0.0,,
屏東市,土地,北勢段121-7地號,904.0,商,,,1030421,土地4建物0車位0,,,其他,,,,0.0,0,0,0,有,無,17949000,19855,,0.0,0,,RPUNMLLKOHJFFAT66CA,0.0,0.0,0.0,,
屏東市,房地(土地+建物),屏東縣屏東巿大同北路１５巷１１弄３號,127.0,住,,,1030418,土地1建物1車位0,全,一層,透天厝,住家用,磚造,0641013,52.96,3,2,2,有,無,1506800,28452,,0.0,0,,RPVOMLPKNHJFFAT17CA,52.96,0.0,0.0,,
長治鄉,房地(土地+建物),屏東縣長治鄉長生街５１號,206.99,住,,,1030429,土地1建物1車位0,全,三層,透天厝,見其他登記事項,鋼筋混凝土造,0930505,404.45,14,0,14,有,無,7700000,19038,,0.0,0,,RPWOMLPKNHJFFAT27CA,385.58,11.83,7.04,,
屏東市,房地(土地+建物),屏東縣屏東巿大春路１０１巷４７弄６７號,89.18,,一般農業區,甲種建築用地,1030430,土地2建物1車位0,全,三層,透天厝,住家用,鋼筋混凝土造,0830623,142.49,4,2,3,有,無,2300000,16141,,0.0,0,,RPVNMLOKNHJFFAT96CA,117.72,16.64,8.13,,
九如鄉,土地,東寧段17-46地號,168.0,,一般農業區,農牧用地,1030428,土地1建物0車位0,,,其他,,,,0.0,0,0,0,有,無,200000,1190,,0.0,0,,RPWNMLPKNHJFFAT17CA,0.0,0.0,0.0,,
屏東市,房地(土地+建物)+車位,屏東縣屏東巿民享一路１４１號五樓之二,35.48,住,,,1030421,土地1建物1車位1,五層，見其他登記事項,五層,公寓(5樓含以下無電梯),見其他登記事項,鋼筋混凝土造,1020916,134.13,3,1,2,有,有,7500000,55916,坡道平面,10.78,0,,RPQNMLLLNHJFFAT88CA,73.29,2.48,12.1,,
屏東市,土地,豐田段825地號,121.0,住,,,1030417,土地1建物0車位0,,,其他,,,,0.0,0,0,0,有,無,5100000,42149,,0.0,0,,RPQOMLQKNHJFFAT76CA,0.0,0.0,0.0,,
九如鄉,土地,九清段183地號,285.75,,鄉村區,乙種建築用地,1030419,土地2建物0車位0,,,其他,,,,0.0,0,0,0,有,無,2000000,6999,,0.0,0,其中一筆為私設道路,RPQNMLTKNHJFFAT96CA,0.0,0.0,0.0,,
麟洛鄉,土地,麟信段373地號,30.85,農,,,1030421,土地1建物0車位0,,,其他,,,,0.0,0,0,0,有,無,100000,3241,,0.0,0,本筆土地申報書資料係由當事人確認提供屬實，親友關係間之交易。,RPQNMLPKNHJFFAT56CA,0.0,0.0,0.0,,
屏東市,房地(土地+建物),屏東縣屏東巿豐年街１８２號,81.0,住,,,1030430,土地1建物1車位0,全,四層,透天厝,住家用,鋼筋混凝土造,0790430,212.88,5,2,4,有,無,5800000,27245,,0.0,0,,RPTOMLTKNHJFFAT37CA,209.16,3.72,0.0,,
萬丹鄉,房地(土地+建物),屏東縣萬丹鄉萬丹路二段３０號,108.0,住,,,1030501,土地1建物1車位0,全,一層,透天厝,住商用,鋼筋混凝土加強磚造,,85.05,2,1,1,有,無,2032050,23892,,0.0,0,親友、其他特殊關係間之交易。,RPQPMLTKNHJFFAT17CA,0.0,0.0,0.0,,
高樹鄉,土地,埔崙段40-10地號,167.04,,鄉村區,乙種建築用地,1030502,土地3建物0車位0,,,其他,,,,0.0,0,0,0,有,無,500000,2993,,0.0,0,,RPQNMLSLNHJFFBT07CA,0.0,0.0,0.0,,
鹽埔鄉,土地,永隆段673地號,1669.19,,一般農業區,農牧用地,1030505,土地1建物0車位0,,,其他,,,,0.0,0,0,0,有,無,2200000,1318,,0.0,0,,RPPNMLPKNHJFFBT56CA,0.0,0.0,0.0,,
鹽埔鄉,土地,仕絨段535地號,3049.15,,一般農業區,農牧用地,1030505,土地2建物0車位0,,,其他,,,,0.0,0,0,0,有,無,2294390,752,,0.0,0,,RPQNMLLLNHJFFBT98CA,0.0,0.0,0.0,,
內埔鄉,房地(土地+建物)+車位,屏東縣內埔鄉學人路７０２巷７７號,108.91,住,,,1030430,土地1建物1車位1,全,三層,透天厝,見其他登記事項,見其他登記事項,1020826,207.82,5,2,4,有,無,7800000,37532,一樓平面,0.0,0,,RPPNMLTJOHJFFCT07CA,173.8,22.49,11.53,,
潮州鎮,房地(土地+建物),屏東縣潮州鎮開平路５１號,71.38,住,,,1030409,土地1建物1車位0,全,三層,透天厝,住家用,鋼筋混凝土造,0930521,146.71,4,2,3,有,無,4000000,27265,,0.0,0,,RPPOMLQLNHJFFCT96CA,127.8,4.96,13.95,,
竹田鄉,土地,新勢段2166地號,1598.0,,特定農業區,農牧用地,1030412,土地1建物0車位0,,,其他,,,,0.0,0,0,0,有,無,3540000,2215,,0.0,0,,RPWNMLRLNHJFFCT67CA,0.0,0.0,0.0,,
泰武鄉,土地,佳平段1866地號,4640.0,,山坡地保育區,林業用地,1030407,土地1建物0車位0,,,其他,,,,0.0,0,0,0,有,無,1600000,345,,0.0,0,,RPTNMLLLNHJFFCT76CA,0.0,0.0,0.0,,
內埔鄉,土地,新埔段2171-1地號,1242.0,,特定農業區,農牧用地,1030417,土地2建物0車位0,,,其他,,,,0.0,0,0,0,有,無,2630000,2118,,0.0,0,,RPXNMLPKNHJFFCT47CA,0.0,0.0,0.0,,
佳冬鄉,土地,塭仔段947地號,207.32,,鄉村區,乙種建築用地,1030430,土地3建物0車位0,,,其他,,,,0.0,0,0,0,有,無,480000,2315,,0.0,0,親友、員工或其他特殊關係間之交易。,RPQNMLTKNHJFFFT47CA,0.0,0.0,0.0,,
枋寮鄉,土地,內寮村段40地號,848.66,,一般農業區,農牧用地,1030123,土地2建物0車位0,,,其他,,,,0.0,0,0,0,有,無,1729000,2037,,0.0,0,,RPQNMLLLNHJFFFT76CA,0.0,0.0,0.0,,
恆春鎮,土地,鵝鑾段230地號,49.13,,國家公園區,,1030430,土地1建物0車位0,,,其他,,,,0.0,0,0,0,有,無,55027,1120,,0.0,0,,RPVOMLNLNHJFFET47CA,0.0,0.0,0.0,,
恆春鎮,土地,鵝鑾段230地號,49.13,,國家公園區,,1030430,土地1建物0車位0,,,其他,,,,0.0,0,0,0,有,無,55027,1120,,0.0,0,,RPWOMLNLNHJFFET57CA,0.0,0.0,0.0,,
恆春鎮,土地,龍泉水段244-2地號,1603.0,,一般農業區,農牧用地,1030428,土地2建物0車位0,,,其他,,,,0.0,0,0,0,有,無,2000000,1248,,0.0,0,,RPQNMLOLNHJFFET96CA,0.0,0.0,0.0,,
恆春鎮,土地,龍泉水段247-4地號,8372.0,,一般農業區,農牧用地,1030428,土地4建物0車位0,,,其他,,,,0.0,0,0,0,有,無,16500000,1971,,0.0,0,,RPSNMLOLNHJFFET17CA,0.0,0.0,0.0,,
恆春鎮,土地,龍泉水段243-2地號,8596.0,,一般農業區,農牧用地,1030428,土地3建物0車位0,,,其他,,,,0.0,0,0,0,有,無,17000000,1978,,0.0,0,,RPTNMLOLNHJFFET27CA,0.0,0.0,0.0,,
恆春鎮,土地,龍泉水段244-3地號,9966.0,,一般農業區,農牧用地,1030428,土地2建物0車位0,,,其他,,,,0.0,0,0,0,有,無,18500000,1856,,0.0,0,,RPUNMLOLNHJFFET37CA,0.0,0.0,0.0,,
恆春鎮,土地,龍泉水段241-2地號,8599.0,,一般農業區,農牧用地,1030428,土地2建物0車位0,,,其他,,,,0.0,0,0,0,有,無,16000000,1861,,0.0,0,,RPVNMLOLNHJFFET47CA,0.0,0.0,0.0,,
滿州鄉,土地,滿林段479地號,1500.0,,山坡地保育區,農牧用地,1030423,土地1建物0車位0,,,其他,,,,0.0,0,0,0,有,無,900000,600,,0.0,0,,RPUNMLNJOHJFFET17CA,0.0,0.0,0.0,,
車城鄉,房地(土地+建物),屏東縣車城鄉中山路８之１號,112.72,住,,,1030423,土地1建物1車位0,全,二層,透天厝,住家用,鋼筋混凝土造,0841124,143.43,3,2,2,有,無,4700000,32769,,0.0,0,,RPQNMLPKNHJFFET96CA,125.25,11.83,6.35,,
恆春鎮,土地,榔林段115-4地號,957.0,,鄉村區,乙種建築用地,1030430,土地1建物0車位0,,,其他,,,,0.0,0,0,0,有,無,16200000,16928,,0.0,0,,RPPNMLSKNHJFFET17CA,0.0,0.0,0.0,,
滿州鄉,土地,九棚段123-5地號,2239.0,,山坡地保育區,農牧用地,1030507,土地1建物0車位0,,,其他,,,,0.0,0,0,0,有,無,600000,268,,0.0,0,,RPSNMLSKNHJFFET47CA,0.0,0.0,0.0,,
萬丹鄉,土地,萬安段738-8地號,384.0,農,,,1030507,土地1建物0車位0,,,其他,,,,0.0,0,0,0,有,無,2300000,5990,,0.0,0,,RPWPMLLLNHJFFAT17DA,0.0,0.0,0.0,,
屏東市,房地(土地+建物),屏東縣屏東巿徐州街142巷4之1號,41.6,住,,,1030410,土地3建物2車位0,三層,五層,公寓(5樓含以下無電梯),住家用,鋼筋混凝土造,0721130,149.98999999999998,5,2,2,有,無,2100000,14001,,0.0,0,,RPQOMLOKNHJFFAT66DA,68.4,0.0,0.0,,
屏東市,土地,新歸來段1009地號,105.28,,鄉村區,乙種建築用地,1030501,土地1建物0車位0,,,其他,,,,0.0,0,0,0,有,無,1910000,18142,,0.0,0,,RPOOMLNKNHJFFAT98DA,0.0,0.0,0.0,,
屏東市,房地(土地+建物),屏東縣屏東巿勝利路326巷47弄122號,122.4,住,,,1030502,土地3建物1車位0,全,三層,透天厝,住家用,鋼筋混凝土造,1030116,204.37,5,2,4,有,無,8500000,41591,,0.0,0,,RPUNMLOKNHJFFAT96DA,179.19,0.0,25.18,,
屏東市,房地(土地+建物),屏東縣屏東巿勝利路326巷47弄126號,129.4,住,,,1030502,土地3建物1車位0,全,三層,透天厝,住家用,鋼筋混凝土造,1030116,204.37,5,2,4,有,無,8500000,41591,,0.0,0,,RPWNMLOKNHJFFAT17DA,179.19,0.0,25.18,,
東港鎮,房地(土地+建物)+車位,屏東縣東港鎮興東里興東路77-2號,358.85,住,,,1030501,土地2建物1車位0,一層，二層，騎樓,二層,工廠,,鋼筋混凝土造,0690608,363.6,1,0,1,有,無,14600000,,其他,0.0,0,,RPVNMLQJOHJFFDT47CA,363.6,0.0,0.0,,
東港鎮,房地(土地+建物),屏東縣東港鎮中正路一段１３９號,84.85,住,,,1030417,土地1建物1車位0,一層，二層，三層，騎樓,三層,店面(店鋪),店舖、住宅,鋼筋混凝土造,0770206,159.32,4,2,3,有,無,11120000,69797,,0.0,0,,RPQNMLKLNHJFFDT09CA,156.42,2.9,0.0,,
林邊鄉,房地(土地+建物),屏東縣林邊鄉中林路４４號,139.85,住,,,1030429,土地1建物1車位0,一層，二層,二層,店面(店鋪),住商用,加強磚造,0570101,90.6,3,1,2,有,無,8500000,93819,,0.0,0,,RPROMLPKNHJFFDT07CA,90.6,0.0,0.0,,
南州鄉,土地,同安段1648-2地號,1781.84,,一般農業區,農牧用地,1030424,土地1建物0車位0,,,其他,,,,0.0,0,0,0,有,無,575000,323,,0.0,0,,RPSOMLPKNHJFFDT17CA,0.0,0.0,0.0,,
琉球鄉,建物,屏東縣琉球鄉中山路116之2號,0.0,,,,1030428,土地0建物1車位0,全,三層,透天厝,住家用,鋼筋混凝土構造,1030129,187.67,4,1,5,有,無,4100000,21847,,0.0,0,,RPPNMLPKNHJFFDT76CA,154.23,7.46,25.98,,
琉球鄉,土地,白沙段723-12地號,70.49,商,,,1030428,土地1建物0車位0,,,其他,,,,0.0,0,0,0,有,無,1700000,24117,,0.0,0,,RPQNMLPKNHJFFDT86CA,0.0,0.0,0.0,,
琉球鄉,房地(土地+建物),屏東縣琉球鄉中山路116之1號,70.91,商,,,1030428,土地1建物1車位0,全,三層,透天厝,住家用,鋼筋混凝土構造,1030213,188.55,4,1,5,有,無,5800000,30761,,0.0,0,,RPRNMLPKNHJFFDT96CA,152.29,7.46,28.8,,
南州鄉,土地,七塊段1590地號,2002.83,,一般農業區,農牧用地,1030502,土地2建物0車位0,,,其他,,,,0.0,0,0,0,有,無,2065000,1031,,0.0,0,有合併使用之交易。,RPXNMLPKNHJFFDT57CA,0.0,0.0,0.0,,
東港鎮,土地,三隆段640地號,2146.46,,一般農業區,農牧用地,1030124,土地1建物0車位0,,,其他,,,,0.0,0,0,0,有,無,7500000,3494,,0.0,0,,RPOOMLPKNHJFFDT76CA,0.0,0.0,0.0,,
車城鄉,房地(土地+建物),屏東縣車城鄉保力路6-29號,32.82,,鄉村區,乙種建築用地,1030409,土地1建物1車位0,一層,四層,套房(1房1廳1衛),住家用,鋼筋混凝土造,0840710,84.91,1,1,1,有,有,1600000,18843,,0.0,0,,RPQNMLKLNHJFFET66DA,46.82,0.0,0.0,,
滿州鄉,土地,射麻裡段420-2地號,1582.0,,國家公園區,,1030325,土地2建物0車位0,,,其他,,,,0.0,0,0,0,有,無,1596000,1009,,0.0,0,向政府機關承購之案件。,RPRNMLQLNHJFFET37DA,0.0,0.0,0.0,,
佳冬鄉,土地,六根段46-1地號,194.24,住,,,1030316,土地1建物0車位0,,,其他,,,,0.0,0,0,0,有,無,2450000,12613,,0.0,0,含增建或未登記建物。,RPPNMLQKNHJFFFT17DA,0.0,0.0,0.0,,
崁頂鄉,土地,頂信段37-6地號,67.25,,一般農業區,交通用地,1030425,土地1建物0車位0,,,其他,,,,0.0,0,0,0,有,無,110963,1650,,0.0,0,,RPTNMLPKNHJFFDT27DA,0.0,0.0,0.0,,
南州鄉,房地(土地+建物),屏東縣南州鄉人和路１巷１４之２號,56.79,住,,,1030423,土地1建物1車位0,全,三層,透天厝,住商用,鋼筋混凝土造,0671004,144.31,3,2,2,有,無,2380000,16492,,0.0,0,,RPPOMLPKNHJFFDT86CA,140.64,3.67,0.0,,
新園鄉,土地,港西段200地號,1845.24,,一般農業區,農牧用地,1030425,土地1建物0車位0,,,其他,,,,0.0,0,0,0,有,無,5897000,3196,,0.0,0,,RPPNMLOKNHJFFDT66CA,0.0,0.0,0.0,,
東港鎮,土地,關帝段81-2地號,2618.76,,一般農業區,農牧用地,1030421,土地1建物0車位0,,,其他,,,,0.0,0,0,0,有,無,13499707,5155,,0.0,0,,RPPNMLTKNHJFFDT17CA,0.0,0.0,0.0,,
琉球鄉,土地,花矸段294地號,189.7,其他,,,1030424,土地1建物0車位0,,,其他,,,,0.0,0,0,0,有,無,260000,1371,,0.0,0,急賣。包含公共設施保留地之交易。,RPQNMLRJOHJFFDT07CA,0.0,0.0,0.0,,
屏東市,房地(土地+建物),屏東縣屏東巿機場北路802號九樓,11.86,住,,,1030513,土地1建物1車位0,九層,十四層,住宅大樓(11層含以上有電梯),見其他登記事項,鋼筋混凝土造,0881204,82.12,2,1,1,有,有,1750000,21310,,0.0,0,,RPTOMLOJOHJFFAT96DA,53.88,0.0,9.03,,
鹽埔鄉,土地,洛陽段16地號,90.36,,一般農業區,農牧用地,1030502,土地1建物0車位0,,,其他,,,,0.0,0,0,0,有,無,95000,1051,,0.0,0,,RPPNMLQKNHJFFBT76DA,0.0,0.0,0.0,,
恆春鎮,土地,龍泉水段247-9地號,1615.0,,一般農業區,農牧用地,1030428,土地1建物0車位0,,,其他,,,,0.0,0,0,0,有,無,2000000,1238,,0.0,0,,RPPNMLOLNHJFFET86CA,0.0,0.0,0.0,,
車城鄉,土地,興統段824地號,2317.86,農,,,1030428,土地4建物0車位0,,,其他,,,,0.0,0,0,0,有,無,1500000,647,,0.0,0,,RPSNMLQKOHJFFET37CA,0.0,0.0,0.0,,
潮州鎮,土地,五魁段338地號,10868.17,農,,,1030425,土地7建物0車位0,,,其他,,,,0.0,0,0,0,有,無,63451000,5838,,0.0,0,,RPUNMLQKNHJFFCT27CA,0.0,0.0,0.0,,
新埤鄉,土地,新埤段5-3地號,4483.4,,一般農業區,農牧用地,1030430,土地2建物0車位0,,,其他,,,,0.0,0,0,0,有,無,4696860,1048,,0.0,0,,RPWNMLQKNHJFFCT47CA,0.0,0.0,0.0,,
新埤鄉,房地(土地+建物),屏東縣新埤鄉新埤鄉中正路２６巷１０號,77.85,住,,,1030421,土地1建物1車位0,全,三層,透天厝,住家用,鋼筋混凝土造,0810731,135.54,4,2,3,有,無,2500000,18445,,0.0,0,,RPWNMLKLNHJFFCT96CA,127.56,0.0,8.0,,
潮州鎮,房地(土地+建物),屏東縣潮州鎮壽星路９７巷２號,125.78,住,,,1030421,土地1建物1車位0,全,三層,透天厝,住家用,鋼筋混凝土造,0780203,141.63,4,1,3,有,無,3900000,27537,,0.0,0,,RPQNMLPKNHJFFCT76CA,141.63,0.0,0.0,,
萬巒鄉,土地,赤山段131地號,1136.8,,一般農業區,農牧用地,1030420,土地1建物0車位0,,,其他,,,,0.0,0,0,0,有,無,580000,510,,0.0,0,,RPRNMLPKNHJFFCT86CA,0.0,0.0,0.0,,
竹田鄉,土地,鳳新段116-6地號,168.18,,鄉村區,乙種建築用地,1030407,土地1建物0車位0,,,其他,,,,0.0,0,0,0,有,無,700000,4162,,0.0,0,,RPTNMLPKNHJFFCT07CA,0.0,0.0,0.0,,
竹田鄉,土地,鳳新段116-7地號,168.19,,鄉村區,乙種建築用地,1030407,土地1建物0車位0,,,其他,,,,0.0,0,0,0,有,無,700000,4162,,0.0,0,,RPUNMLPKNHJFFCT17CA,0.0,0.0,0.0,,
竹田鄉,土地,鳳新段118地號,30.32,,鄉村區,乙種建築用地,1030407,土地5建物0車位0,,,其他,,,,0.0,0,0,0,有,無,40000,1319,,0.0,0,,RPWNMLPKNHJFFCT37CA,0.0,0.0,0.0,,
內埔鄉,土地,光明段1083-1地號,109.54,住,,,1030502,土地1建物0車位0,,,其他,,,,0.0,0,0,0,有,無,2500000,22823,,0.0,0,,RPSNMLKLNHJFFCT56CA,0.0,0.0,0.0,,
萬巒鄉,房地(土地+建物),屏東縣萬巒鄉平和路５４之８號、５４之９號,179.28,住,,,1030502,土地1建物2車位0,全,二層,透天厝,住家用,加強磚造,0700224,223.75,6,2,4,有,無,4200000,18771,,0.0,0,,RPQOMLLLNHJFFCT56CA,223.75,0.0,0.0,,
內埔鄉,土地,新埔段1701地號,2799.0,農,,,1030430,土地2建物0車位0,,,其他,,,,0.0,0,0,0,有,無,7089920,2533,,0.0,0,祭祀公業移轉,RPRNMLMLNHJFFCT66CA,0.0,0.0,0.0,,
竹田鄉,土地,頓物段909-4地號,2755.16,農,,,1030108,土地2建物0車位0,,,其他,,,,0.0,0,0,0,有,無,8100000,2940,,0.0,0,,RPQPMLLKOHJFFCT66CA,0.0,0.0,0.0,,
內埔鄉,房地(土地+建物),屏東縣內埔鄉中華一街２０號,136.32,住,,,1030423,土地1建物1車位0,全,三層,透天厝,見其他登記事項,見其他登記事項,1021224,205.02,4,2,3,有,無,9000000,43898,,0.0,0,,RPUNMLKMNHJFFCT86CA,180.25,8.8,15.97,,
潮州鎮,房地(土地+建物),屏東縣潮州鎮和順街７９號,86.63,住,,,1030411,土地1建物1車位0,全,四層,透天厝,住家用,鋼筋混凝土造,0810901,182.56,6,1,3,有,無,4600000,25197,,0.0,0,,RPPNMLMJOHJFFCT98CA,182.56,0.0,0.0,,
潮州鎮,房地(土地+建物),屏東縣潮州鎮文化路１２號,83.37,住,,,1030327,土地2建物1車位0,全,四層,透天厝,住商用,鋼筋混凝土造,0661220,218.56,4,2,4,有,無,6200000,28367,,0.0,0,,RPVNMLSLNHJFFCT67CA,218.56,0.0,0.0,,
鹽埔鄉,土地,彭南段536地號,2748.73,,一般農業區,農牧用地,1030402,土地1建物0車位0,,,其他,,,,0.0,0,0,0,有,無,1750000,637,,0.0,0,親友、員工或其他特殊關係間之交易。,RPWNMLTKNHJFFBT67CA,0.0,0.0,0.0,,
鹽埔鄉,房地(土地+建物),屏東縣鹽埔鄉永樂路７之１５號,4765.18,,一般農業區,農牧用地,1030429,土地1建物1車位0,見其他登記事項,一層,其他,見其他登記事項,見其他登記事項,0910305,2103.69,0,0,0,無,無,23800000,11313,,0.0,0,,RPPNMLTKNHJFFBT96CA,2103.69,0.0,0.0,,
鹽埔鄉,土地,新二段1022地號,841.93,,一般農業區,甲種建築用地,1030417,土地1建物0車位0,,,其他,,,,0.0,0,0,0,有,無,6100000,7245,,0.0,0,,RPQNMLQLNHJFFBT86CA,0.0,0.0,0.0,,
屏東市,房地(土地+建物),屏東縣屏東巿永大路８９號,38.65,住,,,1030506,土地1建物1車位0,一層，二層，騎樓,五層,公寓(5樓含以下無電梯),住商用,鋼筋混凝土造,0831212,107.44,2,0,2,有,無,4200000,39092,,0.0,0,,RPXNMLTKNHJFFAT67CA,90.68,0.0,5.18,,
屏東市,房地(土地+建物),屏東縣屏東巿機場北路７３０號十四樓,17.79,住,,,1030417,土地1建物1車位0,十四層,十四層,住宅大樓(11層含以上有電梯),見其他登記事項,鋼筋混凝土造,0881204,125.14,3,2,2,有,有,2800000,22375,,0.0,0,,RPOOMLTKNHJFFAT86CA,80.24,0.0,14.17,,
屏東市,房地(土地+建物),屏東縣屏東巿田中巷１８號三樓之一,11.4,住,,,1030502,土地1建物1車位0,三層,十二層,住宅大樓(11層含以上有電梯),住家用,鋼筋混凝土造,0841125,67.52,2,1,1,有,有,1200000,17773,,0.0,0,,RPVNMLTKNHJFFAT47CA,44.4,0.0,7.56,,
屏東市,土地,清溪段1875-23地號,440.0,,鄉村區,乙種建築用地,1021203,土地1建物0車位0,,,其他,,,,0.0,0,0,0,有,無,2112000,4800,,0.0,0,父子買賣,RPPNMLSKNHJFFAT76CA,0.0,0.0,0.0,,
麟洛鄉,土地,麟平段910地號,1482.78,,一般農業區,農牧用地,1030430,土地2建物0車位0,,,其他,,,,0.0,0,0,0,有,無,1900000,1281,,0.0,0,,RPVOMLQKNHJFFAT27CA,0.0,0.0,0.0,,
萬丹鄉,土地,水泉段544地號,140.96,住,,,1030502,土地1建物0車位0,,,其他,,,,0.0,0,0,0,有,無,2899000,20566,,0.0,0,,RPQPMLQKNHJFFAT86CA,0.0,0.0,0.0,,
屏東市,土地,大同段108地號,618.0,住,,,1030415,土地1建物0車位0,,,其他,,,,0.0,0,0,0,有,無,7477800,12100,,0.0,0,,RPTNMLQKNHJFFAT96CA,0.0,0.0,0.0,,
屏東市,土地,大同段108-1地號,646.0,其他,,,1030415,土地1建物0車位0,,,其他,,,,0.0,0,0,0,有,無,7816600,12100,,0.0,0,,RPUNMLQKNHJFFAT07CA,0.0,0.0,0.0,,
屏東市,土地,民和段206地號,89.0,住,,,1030506,土地1建物0車位0,,,其他,,,,0.0,0,0,0,有,無,2000000,22472,,0.0,0,含未保存登記平房一棟,RPWNMLQKNHJFFAT27CA,0.0,0.0,0.0,,
屏東市,房地(土地+建物),屏東縣屏東巿泰和１３之２７號,232.47,,鄉村區,乙種建築用地,1030409,土地2建物1車位0,全,三層,透天厝,住家用,鋼筋混凝土造,1020904,218.66,5,2,4,有,無,8350000,38187,,0.0,0,,RPXNMLPKNHJFFAT27CA,209.65,0.0,9.01,,
屏東市,房地(土地+建物),屏東縣屏東巿崇陽街１４１巷１５號,89.0,住,,,1030506,土地1建物1車位0,全,二層,透天厝,住家用,鋼筋混凝土造,0780320,168.99,4,2,2,有,有,3500000,20711,,0.0,0,,RPOOMLPKNHJFFAT09CA,129.25,24.06,15.68,,
屏東市,房地(土地+建物),屏東縣屏東巿復興南路一段２３１巷７６號,5.77,,一般農業區,特定目的事業用地,1030507,土地2建物1車位0,一層,五層,公寓(5樓含以下無電梯),國民住宅,鋼筋混凝土造,0730316,26.479999999999997,3,1,2,有,無,360000,13595,,0.0,0,,RPROMLOKNHJFFAT66CA,15.37,0.0,0.0,,
屏東市,房地(土地+建物),屏東縣屏東巿古松西巷７４６弄１２號,114.52,住,,,1030505,土地2建物1車位0,全,三層,透天厝,住家用,鋼筋混凝土造,1020905,194.45,5,2,3,有,無,11250000,57855,,0.0,0,附有裝潢含傢俱及家電之樣品屋,RPRNMLQKNHJFFAT76CA,168.55,0.0,25.9,,
萬丹鄉,土地,新全段383地號,4539.0,,特定農業區,農牧用地,1030508,土地4建物0車位0,,,其他,,,,0.0,0,0,0,有,無,7253500,1598,,0.0,0,,RPQOMLPKNHJFFAT66CA,0.0,0.0,0.0,,
九如鄉,房地(土地+建物),屏東縣九如鄉中庄街１７巷１號,435.0,,鄉村區,乙種建築用地,1030331,土地2建物1車位0,一層,一層,其他,住家用,加強磚造,0920220,96.5,3,2,2,有,無,5260000,54508,,0.0,0,,RPROMLPKNHJFFAT76CA,0.0,0.0,0.0,,
萬丹鄉,土地,新鐘段417-1地號,172.5,,鄉村區,乙種建築用地,1030502,土地3建物0車位0,,,其他,,,,0.0,0,0,0,有,無,900000,5217,,0.0,0,,RPSOMLPKNHJFFAT86CA,0.0,0.0,0.0,,
萬丹鄉,房地(土地+建物),屏東縣萬丹鄉萬興街４巷１號,167.0,住,,,1030502,土地1建物1車位0,全,二層,透天厝,住家用,加強磚造,0680526,156.3,3,2,2,有,無,2200000,14075,,0.0,0,親友、員工或其他特殊關係間之交易。,RPTOMLPKNHJFFAT96CA,156.3,0.0,0.0,,
屏東市,土地,花園段732地號,69.0,住,,,1030128,土地2建物0車位0,,,其他,,,,0.0,0,0,0,有,無,2470000,35797,,0.0,0,,RPUOMLPKNHJFFAT07CA,0.0,0.0,0.0,,
屏東市,房地(土地+建物),屏東縣屏東巿公義街７１號,70.0,住,,,1030423,土地1建物1車位0,全,二層,透天厝,住家用,鋼筋混凝土加強磚造,,94.4,3,2,2,有,無,3000000,31780,,0.0,0,,RPRNMLKKOHJFFAT88CA,94.4,0.0,0.0,,
屏東市,房地(土地+建物),屏東縣屏東巿高原街４６之２號,81.72,住,,,1030421,土地2建物1車位0,全,三層,透天厝,商業用,鋼筋混凝土造,0700611,169.2,3,2,2,有,無,3600000,21277,,0.0,0,親友關係間之交易。,RPROMLTLNHJFFAT27CA,169.2,0.0,0.0,,
萬丹鄉,土地,新安段633地號,5210.0,,特定農業區,農牧用地,1030220,土地2建物0車位0,,,其他,,,,0.0,0,0,0,有,無,8336000,1600,,0.0,0,,RPQNMLKMNHJFFAT88CA,0.0,0.0,0.0,,
九如鄉,土地,東寧段375-2地號,2626.0,,一般農業區,農牧用地,1030428,土地1建物0車位0,,,其他,,,,0.0,0,0,0,有,無,4000000,1523,,0.0,0,,RPXNMLKMNHJFFAT96CA,0.0,0.0,0.0,,
屏東市,房地(土地+建物),屏東縣屏東巿菸廠東巷５７之２號,63.32,住,,,1030505,土地2建物1車位0,三層,四層,公寓(5樓含以下無電梯),住家用,鋼筋混凝土造,0731105,119.11000000000001,4,2,2,有,無,1350000,11334,,0.0,0,,RPRNMLNJOHJFFAT09CA,99.15,0.0,0.0,,
長治鄉,土地,進興段395地號,76.62,住,,,1030423,土地1建物0車位0,,,其他,,,,0.0,0,0,0,有,無,612880,7999,,0.0,0,親兄妹關係,RPPNMLOLNHJFFAT09CA,0.0,0.0,0.0,,
長治鄉,房地(土地+建物),屏東縣長治鄉潭頭路１１巷４６號,285.71,住,,,1030307,土地2建物2車位0,全,三層,透天厝,住家用,鋼筋混凝土造,0820211,578.75,7,4,5,有,無,16800000,29028,,0.0,0,,RPXNMLQLNHJFFAT47CA,573.57,5.18,0.0,,
萬丹鄉,土地,新全段533-8地號,2939.77,,特定農業區,農牧用地,1030423,土地2建物0車位0,,,其他,,,,0.0,0,0,0,有,無,5598600,1904,,0.0,0,,RPUNMLKKOHJFFAT56CA,0.0,0.0,0.0,,
屏東市,房地(土地+建物),屏東縣屏東巿中正路３３６號,74.0,商,,,1030513,土地1建物1車位0,全,三層,透天厝,住商用,鋼筋混凝土造,0780417,153.71,5,2,4,有,無,11800000,76768,,0.0,0,,RPSOMLLKOHJFFAT56CA,145.81,7.9,0.0,,
屏東市,房地(土地+建物),屏東縣屏東巿廣東路１５８６巷３７弄１５號,77.54,住,,,1030422,土地2建物1車位0,全,四層,透天厝,見其他登記事項,鋼筋混凝土造,0940422,167.95,4,3,4,有,無,5050000,30068,,0.0,0,,RPPOMLPKNHJFFAT56CA,146.06,2.25,19.64,,
屏東市,房地(土地+建物),屏東縣屏東巿民教路１９４號五樓之六,6.91,住,,,1030425,土地2建物1車位0,五層,六層,套房(1房1廳1衛),住家用,鋼筋混凝土造,0840428,32.21,1,1,1,有,有,630000,19559,,0.0,0,,RPXNMLQKNHJFFAT37CA,17.5,0.0,5.25,,
萬丹鄉,土地,新林段352地號,2394.0,,特定農業區,農牧用地,1030507,土地1建物0車位0,,,其他,,,,0.0,0,0,0,有,無,8000000,3342,,0.0,0,,RPOOMLQKNHJFFAT56CA,0.0,0.0,0.0,,
屏東市,房地(土地+建物),屏東縣屏東巿大武路１０之１號,23.96,住,,,1030418,土地1建物1車位0,二層,五層,公寓(5樓含以下無電梯),國民住宅,鋼筋混凝土造,0720330,72.08,3,2,2,有,無,1220000,16926,,0.0,0,,RPPOMLQKNHJFFAT66CA,72.08,0.0,0.0,,
麟洛鄉,土地,麟平段831地號,3000.97,,一般農業區,農牧用地,1030426,土地2建物0車位0,,,其他,,,,0.0,0,0,0,有,無,6350000,2116,,0.0,0,,RPROMLQKNHJFFAT86CA,0.0,0.0,0.0,,
屏東市,房地(土地+建物),屏東縣屏東巿中正路３３４號,114.0,住,,,1030422,土地2建物1車位0,全,三層,透天厝,住商用,鋼筋混凝土加強磚造,,208.35,5,2,4,有,無,16500000,79194,,0.0,0,,RPPNMLRKNHJFFAT66CA,208.34,0.0,0.0,,
屏東市,房地(土地+建物),屏東縣屏東巿公正四街７５巷１號,97.12,住,,,1030428,土地2建物1車位0,全,二層,透天厝,住家用,鋼筋混凝土加強磚造,0590823,94.5,3,2,3,有,無,5200000,55026,,0.0,0,,RPWNMLTKNHJFFAT57CA,94.5,0.0,0.0,,
屏東市,土地,中柳段405地號,1068.75,,一般農業區,農牧用地,1030507,土地1建物0車位0,,,其他,,,,0.0,0,0,0,有,無,1816875,1700,,0.0,0,二等親買賣,RPTNMLLLNHJFFAT56CA,0.0,0.0,0.0,,
萬丹鄉,土地,崙頂段2842地號,60.4,,鄉村區,乙種建築用地,1030421,土地2建物0車位0,,,其他,,,,0.0,0,0,0,有,無,229520,3800,,0.0,0,親友、員工或其他特殊關係間之交易。,RPVOMLLLNHJFFAT86CA,0.0,0.0,0.0,,
屏東市,房地(土地+建物),屏東縣屏東巿民生路２２９號,53.0,住,,,1030506,土地3建物1車位0,全,四層,透天厝,住商用,鋼筋混凝土加強磚造,,167.08,4,3,3,有,無,4500000,26933,,0.0,0,親友、員工或其他特殊關係間之交易。,RPSNMLMLNHJFFAT56CA,167.08,0.0,0.0,,
屏東市,房地(土地+建物)+車位,屏東縣屏東巿廣興１８７之３號,36.89,,鄉村區,乙種建築用地,1030415,土地1建物1車位1,三層,五層,華廈(10層含以下有電梯),住家用,鋼筋混凝土造,0821125,90.17,3,1,2,有,有,2600000,28834,一樓平面,0.0,0,,RPROMLMLNHJFFAT56CA,79.28,10.89,0.0,,
鹽埔鄉,房地(土地+建物),屏東縣鹽埔鄉勝利路１１３之１號,66.34,住,,,1030506,土地1建物1車位0,全,四層,透天厝,住商用,鋼筋混凝土造,0831221,176.69,5,2,3,有,無,3100000,17545,,0.0,0,,RPUNMLLLNHJFFBT76CA,162.16,9.69,4.84,,
新埤鄉,土地,新埤段41-1地號,189.0,,鄉村區,乙種建築用地,1030401,土地2建物0車位0,,,其他,,,,0.0,0,0,0,有,無,245700,1300,,0.0,0,親友特殊關係間之交易。,RPSNMLSLNHJFFCT37CA,0.0,0.0,0.0,,
潮州鎮,房地(土地+建物),屏東縣潮州鎮堯舜街２巷７６號,208.06,住,,,1030414,土地2建物1車位0,全,三層,透天厝,見其他登記事項,見其他登記事項,1030226,223.04,5,2,3,有,無,11300000,50664,,0.0,0,,RPSNMLKMNHJFFCT66CA,214.41,0.0,8.63,,
竹田鄉,土地,溝子墘段521-1地號,539.0,,一般農業區,農牧用地,1030422,土地1建物0車位0,,,其他,,,,0.0,0,0,0,有,無,750000,1391,,0.0,0,,RPSNMLOJOHJFFCT86CA,0.0,0.0,0.0,,
泰武鄉,土地,武潭段507-1地號,2765.0,,山坡地保育區,林業用地,1030507,土地1建物0車位0,,,其他,,,,0.0,0,0,0,有,無,138250,50,,0.0,0,,RPUNMLKLNHJFFCT76CA,0.0,0.0,0.0,,
潮州鎮,房地(土地+建物),屏東縣潮州鎮太平路３６２巷１弄３號,137.61,,鄉村區,乙種建築用地,1030429,土地1建物1車位0,全,二層,透天厝,住家用,加強磚造,0691220,139.82,4,1,2,有,無,1000000,7152,,0.0,0,,RPXNMLQKNHJFFCT57CA,139.82,0.0,0.0,,
潮州鎮,房地(土地+建物)+車位,屏東縣潮州鎮瑞昌街４７號三樓之五,28.73,住,,,1030418,土地1建物1車位1,三層,八層,華廈(10層含以下有電梯),住家用,鋼筋混凝土造,0820826,158.84,4,2,2,有,有,2150000,13536,一樓平面,0.0,0,,RPSOMLQKNHJFFCT17CA,95.31,0.0,11.1,,
潮州鎮,房地(土地+建物),屏東縣潮州鎮育德街３６之３號,74.0,住,,,1030505,土地1建物1車位0,全,三層,透天厝,住家用,鋼筋混凝土造,0911004,150.52,4,2,3,有,無,5200000,34547,,0.0,0,,RPPOMLPKNHJFFCT76CA,126.62,18.0,5.9,,
潮州鎮,房地(土地+建物),屏東縣潮州鎮延平路２４８號,70.26,住,,,1030503,土地1建物1車位0,全,三層,透天厝,住商用,鋼筋混凝土造,0700312,137.04,2,2,3,有,無,6300000,45972,,0.0,0,,RPTNMLQKNHJFFCT17CA,137.04,0.0,0.0,,
恆春鎮,土地,大平頂段上大平頂小段66地號,2327.0,,山坡地保育區,農牧用地,1030424,土地1建物0車位0,,,其他,,,,0.0,0,0,0,有,無,3800000,1633,,0.0,0,,RPSNMLQLNHJFFET37CA,0.0,0.0,0.0,,
恆春鎮,土地,西門段189地號,66.93,住,,,1030404,土地1建物0車位0,,,其他,,,,0.0,0,0,0,有,無,1700000,25400,,0.0,0,含未保存登記之建物,RPOOMLNLNHJFFET76CA,0.0,0.0,0.0,,
高樹鄉,房地(土地+建物),屏東縣高樹鄉興店路7號,95.75,,鄉村區,乙種建築用地,1030422,土地1建物1車位0,全,四層,透天厝,住家用,鋼筋混凝土造,0820709,128.0,5,3,4,有,無,3500000,27344,,0.0,0,,RPSNMLTKNHJFFBT37DA,128.0,0.0,0.0,,
里港鄉,土地,大港洋段1257地號,1272.0,,特定農業區,農牧用地,1030428,土地1建物0車位0,,,其他,,,,0.0,0,0,0,有,無,3250000,2555,,0.0,0,,RPQNMLTJOHJFFBT17DA,0.0,0.0,0.0,,
屏東市,房地(土地+建物),屏東縣屏東巿廣東南路47號六樓,18.29,住,,,1030420,土地1建物1車位0,六層,七層,華廈(10層含以下有電梯),住家用,鋼筋混凝土造,0870528,93.94,2,1,2,有,有,1800000,19161,,0.0,0,,RPRPMLQKNHJFFAT07DA,62.47,0.0,11.04,,
萬丹鄉,土地,新安段234地號,1520.0,,特定農業區,農牧用地,1030502,土地1建物0車位0,,,其他,,,,0.0,0,0,0,有,無,4701360,3093,,0.0,0,,RPPNMLKLNHJFFAT78DA,0.0,0.0,0.0,,
琉球鄉,土地,花矸段301地號,487.58,其他,,,1030424,土地1建物0車位0,,,其他,,,,0.0,0,0,0,有,無,620000,1272,,0.0,0,急賣。包含公共設施保留地之交易。,RPPNMLRJOHJFFDT96CA,0.0,0.0,0.0,,
南州鄉,房地(土地+建物),屏東縣南州鄉仁里路１３巷１５號,76.73,住,,,1030423,土地2建物1車位0,全,二層,透天厝,住宅,加強磚造,0671013,97.78,4,2,3,有,無,1800000,18409,,0.0,0,,RPUNMLTJOHJFFDT67CA,97.78,0.0,0.0,,
東港鎮,土地,新仁段956-1地號,173.51,住,,,1030506,土地1建物0車位0,,,其他,,,,0.0,0,0,0,有,無,11547000,66549,,0.0,0,,RPPNMLRKNHJFFDT96CA,0.0,0.0,0.0,,
東港鎮,土地,新仁段956地號,232.42,住,,,1030506,土地1建物0車位0,,,其他,,,,0.0,0,0,0,有,無,15819000,68062,,0.0,0,,RPQNMLRKNHJFFDT07CA,0.0,0.0,0.0,,
東港鎮,房地(土地+建物),屏東縣東港鎮環美路１８號,242.74,,一般農業區,丁種建築用地,1030407,土地1建物1車位0,一層，二層,二層,其他,廠房,鋼筋混凝土構造,1020314,261.03,5,2,3,有,無,8400000,32180,,0.0,0,,RPPOMLNJOHJFFDT66CA,251.05,9.98,0.0,,
崁頂鄉,土地,頂信段37-4地號,52.51,,一般農業區,交通用地,1030428,土地1建物0車位0,,,其他,,,,0.0,0,0,0,有,無,86642,1650,,0.0,0,,RPQNMLQKNHJFFDT07DA,0.0,0.0,0.0,,
高樹鄉,土地,東振新段436地號,126.0,,一般農業區,甲種建築用地,1030505,土地1建物0車位0,,,其他,,,,0.0,0,0,0,有,無,295000,2341,,0.0,0,,RPRNMLTKNHJFFBT37EA,0.0,0.0,0.0,,
車城鄉,土地,保力段山腳小段90-1地號,1361.8,,一般農業區,農牧用地,1030416,土地2建物0車位0,,,其他,,,,0.0,0,0,0,有,無,476630,350,,0.0,0,親友、員工或其他特殊關係間之交易。,RPVNMLNJOHJFFET37DA,0.0,0.0,0.0,,
恆春鎮,土地,龍泉水段245地號,1636.5,,一般農業區,農牧用地,1030325,土地1建物0車位0,,,其他,,,,0.0,0,0,0,有,無,1566000,957,,0.0,0,,RPPNMLQKNHJFFET07DA,0.0,0.0,0.0,,
枋寮鄉,土地,三民段271地號,3260.61,,一般農業區,農牧用地,1030421,土地1建物0車位0,,,其他,,,,0.0,0,0,0,有,無,3500000,1073,,0.0,0,,RPPNMLNLNHJFFFT07EA,0.0,0.0,0.0,,
東港鎮,房地(土地+建物),屏東縣東港鎮環美一街３號,225.39,,一般農業區,丁種建築用地,1030321,土地1建物1車位0,一層，二層,二層,其他,廠房,鋼筋混凝土構造,1020313,260.96,5,2,3,有,無,7500000,28740,,0.0,0,,RPQOMLNJOHJFFDT76CA,248.78,12.18,0.0,,
東港鎮,房地(土地+建物),屏東縣東港鎮環美三街２６號,228.62,,一般農業區,丁種建築用地,1030421,土地1建物1車位0,一層，二層,二層,其他,廠房,鋼筋混凝土構造,1020314,260.96,5,2,3,有,無,7550000,28932,,0.0,0,,RPSOMLNJOHJFFDT96CA,248.78,12.18,0.0,,
東港鎮,房地(土地+建物),屏東縣東港鎮興東四街５１巷１２號,82.34,住,,,1030429,土地1建物1車位0,全,三層,透天厝,住宅,鋼筋混凝土造,0951004,170.55,4,2,3,有,無,5300000,31076,,0.0,0,,RPPNMLKLNHJFFDT98CA,147.26,6.23,17.06,,
新園鄉,土地,新堤段698地號,29.04,,一般農業區,農牧用地,1030508,土地1建物0車位0,,,其他,,,,0.0,0,0,0,有,無,17000,585,,0.0,0,,RPSNMLNLNHJFFDT96CA,0.0,0.0,0.0,,
東港鎮,土地,東新段1245地號,395.18,住,,,1030423,土地1建物0車位0,,,其他,,,,0.0,0,0,0,有,無,11954000,30250,,0.0,0,,RPUNMLQLNHJFFDT47CA,0.0,0.0,0.0,,
東港鎮,土地,新孝段540-4地號,87.04,住,,,1030417,土地2建物0車位0,,,其他,,,,0.0,0,0,0,有,無,3949500,45376,,0.0,0,,RPVNMLQLNHJFFDT57CA,0.0,0.0,0.0,,
崁頂鄉,房地(土地+建物),屏東縣崁頂鄉舊店路１之３１號,139.01,,一般農業區,甲種建築用地,1030415,土地2建物1車位0,全,四層,透天厝,住宅,鋼筋混凝土造,0830104,184.03,4,2,4,有,無,2700000,14672,,0.0,0,,RPUNMLQJOHJFFDT37CA,184.03,0.0,0.0,,
東港鎮,土地,龍帝段791地號,3732.89,住,,,1021230,土地9建物0車位0,,,其他,,,,0.0,0,0,0,有,無,88670166,23754,,0.0,0,,RPRNMLKKOHJFFDT56CA,0.0,0.0,0.0,,
新埤鄉,房地(土地+建物),屏東縣新埤鄉龍潭路194號,157.0,,鄉村區,乙種建築用地,1030502,土地1建物1車位0,全,二層,透天厝,住家用,磚造,0560916,69.0,4,2,2,有,無,1100000,15942,,0.0,0,,RPQOMLQKNHJFFCT07DA,69.0,0.0,0.0,,
恆春鎮,房地(土地+建物),屏東縣恆春鎮復興路１１２巷１１弄７號二樓,22.0,住,,,1030318,土地1建物1車位0,二層,七層,華廈(10層含以下有電梯),住家用,鋼筋混凝土造,0830928,119.74000000000001,3,2,1,有,有,2200000,18373,,0.0,0,,RPRNMLNLNHJFFET96CA,75.68,0.0,11.96,,
萬巒鄉,土地,赤山段599-1地號,6295.0,,一般農業區,農牧用地,1030506,土地2建物0車位0,,,其他,,,,0.0,0,0,0,有,無,6490000,1031,,0.0,0,,RPRNMLTKNHJFFCT27CA,0.0,0.0,0.0,,
潮州鎮,房地(土地+建物),屏東縣潮州鎮公園路２巷３６號,79.31,住,,,1030423,土地2建物1車位0,全,二層,透天厝,住家用,加強磚造,0720806,90.6,4,2,2,有,無,3000000,33113,,0.0,0,,RPWNMLTKNHJFFCT77CA,90.6,0.0,0.0,,
潮州鎮,房地(土地+建物),屏東縣潮州鎮志成路５１８巷５弄１１號,107.28,住,,,1030416,土地2建物1車位0,全,三層,透天厝,住家用,見其他登記事項,1020902,167.32,4,2,3,有,無,6300000,37652,,0.0,0,,RPTNMLQLNHJFFCT27CA,129.54,37.78,0.0,,
萬巒鄉,土地,佳和段991地號,885.52,,鄉村區,乙種建築用地,1030428,土地1建物0車位0,,,其他,,,,0.0,0,0,0,有,無,2950000,3331,,0.0,0,,RPTNMLOJOHJFFCT96CA,0.0,0.0,0.0,,
潮州鎮,房地(土地+建物),屏東縣潮州鎮北門路１８７號,123.64,住,,,1030416,土地1建物1車位0,全,三層,透天厝,見其他登記事項,見其他登記事項,1021108,216.37,4,2,3,有,無,11500000,53150,,0.0,0,,RPVOMLLKOHJFFCT07CA,201.22,0.0,15.15,,
潮州鎮,房地(土地+建物)+車位,屏東縣潮州鎮太平路２３２號七樓之七,26.31,住,,,1030430,土地1建物1車位1,七層,七層,華廈(10層含以下有電梯),住家用,鋼筋混凝土造,0830812,152.16,4,1,2,有,無,1200000,7886,坡道平面,0.0,0,,RPQNMLTJOHJFFCT17CA,90.09,0.0,7.34,,
萬巒鄉,土地,佳和段235地號,91.72,,一般農業區,農牧用地,1030501,土地2建物0車位0,,,其他,,,,0.0,0,0,0,有,無,75600,824,,0.0,0,,RPPOMLTJOHJFFCT17CA,0.0,0.0,0.0,,
里港鄉,土地,新土庫段　1087地號,1410.2,,一般農業區,農牧用地,1030428,土地1建物0車位0,,,其他,,,,0.0,0,0,0,有,無,1692240,1200,,0.0,0,,RPPNMLKLNHJFFBT78CA,0.0,0.0,0.0,,
里港鄉,土地,玉田段938-3地號,130.0,住,,,1030513,土地1建物0車位0,,,其他,,,,0.0,0,0,0,有,無,1960000,15077,,0.0,0,,RPPNMLQLNHJFFBT76CA,0.0,0.0,0.0,,
屏東市,房地(土地+建物),屏東縣屏東巿台糖一街５巷２２號,78.0,住,,,1030425,土地1建物1車位0,全,三層,透天厝,住家用,鋼筋混凝土造,0971202,183.39,4,2,3,有,無,9000000,49076,,0.0,0,,RPQNMLMLNHJFFAT98CA,135.04,26.75,21.6,,
屏東市,土地,豐年段202地號,909.56,住,,,1030418,土地4建物0車位0,,,其他,,,,0.0,0,0,0,有,無,39350000,43263,,0.0,0,,RPUNMLLLNHJFFAT66CA,0.0,0.0,0.0,,
長治鄉,房地(土地+建物),屏東縣長治鄉瑞源路２４０號四樓之六,13.1,住,,,1030421,土地1建物1車位0,四層,十一層,住宅大樓(11層含以上有電梯),見其他登記事項,鋼筋混凝土造,0850607,76.38,2,1,1,有,無,1650000,21603,,0.0,0,,RPOOMLLLNHJFFAT78CA,48.89,0.0,4.75,,
屏東市,房地(土地+建物),屏東縣屏東巿華盛街２９號二樓之一,51.8,住,,,1030425,土地1建物1車位0,二層,十四層,住宅大樓(11層含以上有電梯),見其他登記事項,鋼筋混凝土造,0930909,205.76999999999998,4,2,2,有,有,3780000,18370,,0.0,0,,RPQOMLLLNHJFFAT98CA,117.73,0.0,12.25,,
屏東市,房地(土地+建物),屏東縣屏東巿興豐路１６１號二樓之三,20.17,住,,,1030418,土地5建物1車位0,二層,七層,華廈(10層含以下有電梯),住家用,鋼筋混凝土造,0810220,105.13,3,2,2,有,有,2200000,20926,,0.0,0,,RPSOMLLLNHJFFAT56CA,67.73,0.0,9.36,,
麟洛鄉,土地,麟忠段382地號,3135.87,,一般農業區,農牧用地,1030506,土地3建物0車位0,,,其他,,,,0.0,0,0,0,有,無,5800000,1850,,0.0,0,,RPUOMLLLNHJFFAT76CA,0.0,0.0,0.0,,
屏東市,房地(土地+建物)+車位,屏東縣屏東巿大同北路１６３號,30.46,住,,,1030507,土地1建物1車位1,二層，三層，一層,九層,華廈(10層含以下有電梯),見其他登記事項,鋼筋混凝土造,0840613,151.9,4,1,3,有,有,2300000,15142,坡道平面,0.0,0,,RPWOMLTKNHJFFAT67CA,90.48,7.78,7.68,,
屏東市,房地(土地+建物),屏東縣屏東巿崇德一路１９１號三樓之三,35.16,住,,,1030505,土地1建物1車位0,三層,六層,華廈(10層含以下有電梯),住家用,鋼筋混凝土造,0861016,146.37,3,2,2,有,有,3150000,21521,,0.0,0,,RPXPMLTKNHJFFAT87CA,97.56,0.0,13.28,,
屏東市,房地(土地+建物),屏東縣屏東巿建興南路４１巷４號二樓,15.0,住,,,1030430,土地1建物1車位0,二層,七層,華廈(10層含以下有電梯),住家用,鋼筋混凝土造,0820510,86.37,2,1,1,有,有,1480000,17136,,0.0,0,,RPOQMLTKNHJFFAT07CA,47.99,0.0,12.27,,
屏東市,房地(土地+建物),屏東縣屏東巿武愛街１６５巷１８號,100.49,住,,,1030422,土地1建物1車位0,全,三層,透天厝,住家用,鋼筋混凝土造,0930708,219.07,3,2,3,有,無,6400000,29214,,0.0,0,,RPPQMLTKNHJFFAT17CA,179.61,24.62,14.84,,
萬丹鄉,土地,社上段989地號,83.14,,鄉村區,乙種建築用地,1030430,土地1建物0車位0,,,其他,,,,0.0,0,0,0,有,無,1350000,16238,,0.0,0,含未保存建物,RPSPMLQKNHJFFAT07CA,0.0,0.0,0.0,,
九如鄉,土地,彭厝段1399-11地號,2520.0,,一般農業區,農牧用地,1030428,土地1建物0車位0,,,其他,,,,0.0,0,0,0,有,無,2000000,794,,0.0,0,,RPRNMLTKNHJFFAT07CA,0.0,0.0,0.0,,
屏東市,房地(土地+建物),屏東縣屏東巿高原街９８之１號,69.68,住,,,1030505,土地3建物1車位0,全,四層,透天厝,見其他登記事項,鋼筋混凝土造,1021227,154.97,4,2,3,有,無,6340000,40911,,0.0,0,,RPSNMLQJOHJFFAT86CA,132.43,0.0,22.54,,
九如鄉,土地,九清段1327地號,2455.0,,特定農業區,農牧用地,1030422,土地1建物0車位0,,,其他,,,,0.0,0,0,0,有,無,6200000,2525,,0.0,0,,RPRNMLRJOHJFFAT86CA,0.0,0.0,0.0,,
屏東市,土地,頂柳段920地號,6586.36,,一般農業區,農牧用地,1030505,土地1建物0車位0,,,其他,,,,0.0,0,0,0,有,無,11900000,1807,,0.0,0,,RPUNMLQLNHJFFAT17CA,0.0,0.0,0.0,,
屏東市,房地(土地+建物),屏東縣屏東巿建豐路２１７號,76.5,住,,,1030428,土地1建物1車位0,全,三層,透天厝,住商用,鋼筋混凝土造,0770630,213.88,3,1,2,有,無,8800000,41145,,0.0,0,,RPWNMLOJOHJFFAT07CA,210.74,3.13,0.0,,
長治鄉,土地,興華段578地號,357.2,,一般農業區,農牧用地,1030512,土地1建物0車位0,,,其他,,,,0.0,0,0,0,有,無,300000,840,,0.0,0,,RPQNMLLJOHJFFAT78CA,0.0,0.0,0.0,,
屏東市,房地(土地+建物),屏東縣屏東巿公教街２２號、公教街２２號二樓,142.0,住,,,1030416,土地2建物1車位0,全,三層,透天厝,住家用,鋼筋混凝土造,0970327,209.63,5,2,4,有,無,9000000,42933,,0.0,0,,RPXNMLRLNHJFFAT57CA,185.71,0.0,23.92,,
屏東市,房地(土地+建物),屏東縣屏東巿濟南街５之６號,49.0,住,,,1030401,土地1建物1車位0,全,二層,透天厝,住商用,鋼筋混凝土加強磚造,,89.04,2,2,2,有,無,4550000,51101,,0.0,0,,RPRPMLSLNHJFFAT27CA,89.04,0.0,0.0,,
屏東市,房地(土地+建物)+車位,屏東縣屏東巿豐年街１３１巷６之５號,25.78,住,,,1030415,土地1建物1車位1,六層,六層,華廈(10層含以下有電梯),住家用,鋼筋混凝土造,0820817,110.81,2,2,2,有,有,2500000,22561,升降機械,0.0,0,,RPTNMLTLNHJFFAT37CA,73.45,0.0,9.48,,
屏東市,房地(土地+建物),屏東縣屏東巿古松巷２之５號,130.71,,鄉村區,乙種建築用地,1030502,土地3建物1車位0,全,三層,透天厝,住家用,鋼筋混凝土造,1030226,158.92,5,2,2,有,無,8800000,55374,,0.0,0,,RPUNMLTLNHJFFAT47CA,144.36,0.0,14.56,,
麟洛鄉,房地(土地+建物),屏東縣麟洛鄉中山路３８２之９２號,412.82,工,,,1030429,土地5建物1車位0,全,三層,透天厝,見其他登記事項,鋼筋混凝土造,0990226,291.61,5,2,5,有,有,17000000,58297,,0.0,0,,RPPNMLTJOHJFFAT86CA,230.86,9.79,50.56,,
萬丹鄉,房地(土地+建物),屏東縣萬丹鄉崙頂路９９巷２１２號,107.33,,鄉村區,乙種建築用地,1030420,土地3建物1車位0,全,四層,透天厝,住家用,鋼筋混凝土造,0850210,146.81,4,2,3,有,無,2000000,13623,,0.0,0,,RPQNMLRJOHJFFAT76CA,122.33,9.85,14.63,,
屏東市,房地(土地+建物),屏東縣屏東巿崇德路３５號,80.68,住,,,1030430,土地2建物1車位0,全,四層,透天厝,見其他登記事項,鋼筋混凝土造,0880202,238.83,5,2,3,有,無,5600000,23448,,0.0,0,,RPROMLLLNHJFFAT09CA,196.83,15.56,26.44,,
屏東市,房地(土地+建物),屏東縣屏東巿迪化街５９巷３號,82.0,住,,,1030507,土地1建物1車位0,全,二層,透天厝,住商用,鋼筋混凝土加強磚造,0640911,90.6,4,2,2,有,無,1950000,21523,,0.0,0,,RPVNMLLLNHJFFAT76CA,90.6,0.0,0.0,,
萬丹鄉,土地,新全段1293地號,1246.0,,特定農業區,農牧用地,1030513,土地1建物0車位0,,,其他,,,,0.0,0,0,0,有,無,2826000,2268,,0.0,0,,RPWNMLLLNHJFFAT86CA,0.0,0.0,0.0,,
長治鄉,房地(土地+建物),屏東縣長治鄉長興路７５號,74.09,住,,,1030508,土地1建物1車位0,全,三層,透天厝,住商用,鋼筋混凝土造,0860308,157.42,4,1,3,有,無,5300000,33668,,0.0,0,,RPRNMLLLNHJFFAT98CA,148.6,8.82,0.0,,
長治鄉,房地(土地+建物),屏東縣長治鄉香楊路１０巷３弄９號,64.0,住,,,1030414,土地1建物1車位0,全,三層,透天厝,見其他登記事項,鋼筋混凝土造,0911206,163.5,5,2,3,有,無,4750000,29052,,0.0,0,,RPSNMLLLNHJFFAT09CA,145.5,18.0,0.0,,
屏東市,房地(土地+建物),屏東縣屏東巿民享一路３８巷２號,81.0,住,,,1030423,土地1建物1車位0,全,二層,透天厝,住家用,鋼筋混凝土加強磚造,0620322,89.6,3,2,2,有,無,2370000,26451,,0.0,0,,RPPNMLLLNHJFFAT78CA,89.6,0.0,0.0,,
屏東市,房地(土地+建物),屏東縣屏東巿建國路４０５巷９２號,152.0,,鄉村區,乙種建築用地,1030506,土地1建物1車位0,全,三層,透天厝,住家用,鋼筋混凝土造,1010203,199.94,5,2,5,有,無,9500000,47514,,0.0,0,,RPWNMLKLNHJFFAT76CA,190.15,0.0,9.79,,
長治鄉,房地(土地+建物),屏東縣長治鄉合興路5巷16號,223.89,住,,,1030501,土地3建物1車位0,全,三層,透天厝,住家用,鋼筋混凝土造,1030120,216.67,5,2,4,有,無,8770000,40476,,0.0,0,,RPRNMLQKOHJFFAT86CA,204.77,0.0,11.9,,
高樹鄉,土地,田子段661-7地號,43853.0,,一般農業區,農牧用地,1030512,土地5建物0車位0,,,其他,,,,0.0,0,0,0,有,無,15348550,350,,0.0,0,親友、員工或其他特殊關係間之交易。,RPPNMLKMNHJFFBT88CA,0.0,0.0,0.0,,
高樹鄉,房地(土地+建物),屏東縣高樹鄉山下路４９之１號,190.51,,鄉村區,乙種建築用地,1030324,土地1建物1車位0,全,二層,透天厝,住家用,加強磚造,0780214,117.22,3,2,2,有,無,2500000,21327,,0.0,0,,RPTNMLQJOHJFFBT07CA,113.9,0.0,3.32,,
內埔鄉,土地,新埔段849地號,1993.0,,特定農業區,農牧用地,1030322,土地3建物0車位0,,,其他,,,,0.0,0,0,0,有,無,5455000,2737,,0.0,0,,RPWNMLQKOHJFFCT57CA,0.0,0.0,0.0,,
內埔鄉,土地,頭鏢段888-48地號,1445.0,,一般農業區,農牧用地,1030416,土地1建物0車位0,,,其他,,,,0.0,0,0,0,有,無,1380000,955,,0.0,0,,RPQNMLSKOHJFFCT17CA,0.0,0.0,0.0,,
恆春鎮,房地(土地+建物),屏東縣恆春鎮北門路６８巷１０弄６號,152.8,住,,,1030422,土地3建物1車位0,全,四層,透天厝,住家用,鋼筋混凝土造,0960831,221.38,4,2,3,有,無,8000000,36137,,0.0,0,,RPSNMLNLNHJFFET07CA,0.0,0.0,0.0,,
恆春鎮,房地(土地+建物),屏東縣恆春鎮德和路１６０巷３弄５８號,89.76,,鄉村區,乙種建築用地,1030508,土地3建物1車位0,全,三層,透天厝,住家用,鋼筋混凝土造,0871120,124.36,6,7,2,有,無,5450000,43824,,0.0,0,,RPUNMLMLNHJFFET17CA,0.0,0.0,0.0,,
恆春鎮,土地,大平頂段下大平頂小段63地號,1369.25,,山坡地保育區,農牧用地,1030424,土地2建物0車位0,,,其他,,,,0.0,0,0,0,有,無,4400000,3213,,0.0,0,,RPQNMLQJOHJFFET07CA,0.0,0.0,0.0,,
麟洛鄉,土地,麟仁段182地號,494.5,農,,,1030509,土地1建物0車位0,,,其他,,,,0.0,0,0,0,有,無,1200000,2427,,0.0,0,,RPRNMLMLNHJFFAT56DA,0.0,0.0,0.0,,
新園鄉,土地,鹽埔段1080地號,199.23,住,,,1030423,土地2建物0車位0,,,其他,,,,0.0,0,0,0,有,無,2458340,12339,,0.0,0,,RPRNMLMKOHJFFDT76CA,0.0,0.0,0.0,,
新園鄉,土地,鹽龍段181-6地號,420.24,農,,,1030509,土地1建物0車位0,,,其他,,,,0.0,0,0,0,有,無,3305000,7865,,0.0,0,,RPQNMLNLNHJFFDT76CA,0.0,0.0,0.0,,
東港鎮,房地(土地+建物),屏東縣東港鎮中正路三段９５號,280.4,,一般農業區,丁種建築用地,1030305,土地1建物1車位0,一層，二層,二層,其他,廠房,鋼筋混凝土構造,1020308,283.37,5,2,3,有,無,13500000,47641,,0.0,0,,RPROMLNJOHJFFDT86CA,262.08,21.29,0.0,,
新園鄉,土地,新房段700地號,30452.01,,工業區,農牧用地,1030307,土地2建物0車位0,,,其他,,,,0.0,0,0,0,有,無,133570100,4386,,0.0,0,,RPSNMLTKNHJFFDT47CA,0.0,0.0,0.0,,
恆春鎮,土地,大潭段303地號,239.2,住,,,1030501,土地2建物0車位0,,,其他,,,,0.0,0,0,0,有,無,9941000,41559,,0.0,0,含未保存建物1棟NT＄62800,RPPNMLPJOHJFFET96DA,0.0,0.0,0.0,,
高樹鄉,土地,東振新段412-12地號,802.62,,一般農業區,農牧用地,1030509,土地2建物0車位0,,,其他,,,,0.0,0,0,0,有,無,661600,824,,0.0,0,,RPPNMLMLNHJFFBT56EA,0.0,0.0,0.0,,
恆春鎮,土地,鵝鑾鼻段739-1地號,185.0,,國家公園區,,1030415,土地1建物0車位0,,,其他,,,,0.0,0,0,0,有,無,5550,30,,0.0,0,向政府機關承購之案件。,RPPNMLQLNHJFFET17DA,0.0,0.0,0.0,,
新園鄉,土地,南龍段58-4地號,25.14,住,,,1030507,土地1建物0車位0,,,其他,,,,0.0,0,0,0,有,無,301680,12000,,0.0,0,,RPPNMLMLNHJFFDT66DA,0.0,0.0,0.0,,
林邊鄉,房地(土地+建物),屏東縣林邊鄉仁和路１２８號,10.84,住,,,1030501,土地1建物1車位0,一層,十四層,住宅大樓(11層含以上有電梯),住宅,鋼筋混凝土造,0840808,63.51,3,1,1,有,無,1500000,23618,,0.0,0,,RPSNMLQJOHJFFDT17CA,63.51,0.0,0.0,,
東港鎮,房地(土地+建物),屏東縣東港鎮鎮海路１１５之１４號,93.0,住,,,1030512,土地2建物1車位0,全,二層,透天厝,,鋼筋混凝土造,0620116,131.86,3,3,2,有,無,3200000,24268,,0.0,0,,RPRNMLNLNHJFFDT86CA,0.0,0.0,0.0,,
崁頂鄉,土地,越溪段414地號,132.24,,一般農業區,農牧用地,1030511,土地1建物0車位0,,,其他,,,,0.0,0,0,0,有,無,200000,1512,,0.0,0,,RPQNMLMLNHJFFDT66CA,0.0,0.0,0.0,,
屏東市,房地(土地+建物),屏東縣屏東巿棒球路206號,91.0,住,,,1030303,土地2建物1車位0,全,五層,透天厝,住商用,鋼筋混凝土造,0771219,266.48,4,2,4,有,無,3713300,13935,,0.0,0,親友、員工或其他特殊關係間之交易。,RPUNMLMLNHJFFAT86DA,266.48,0.0,0.0,,
屏東市,房地(土地+建物),屏東縣屏東巿民和二路48-9號3樓,3.81,住,,,1030505,土地1建物1車位0,三層,八層,套房(1房1廳1衛),見其他登記事項,鋼筋混凝土造,0960530,6.62,1,1,1,有,無,700000,105740,,0.0,0,,RPPNMLNLNHJFFAT09DA,0.0,0.0,0.0,,
高樹鄉,土地,大路關段新大路關小段195-148地號,4162.0,,山坡地保育區,農牧用地,1030420,土地1建物0車位0,,,其他,,,,0.0,0,0,0,有,無,4350000,1045,,0.0,0,,RPRNMLTJOHJFFBT27DA,0.0,0.0,0.0,,
里港鄉,土地,過江段410-3地號,105.0,住,,,1030513,土地1建物0車位0,,,其他,,,,0.0,0,0,0,有,無,1429200,13611,,0.0,0,,RPSNMLLLNHJFFBT66DA,0.0,0.0,0.0,,
恆春鎮,房地(土地+建物),屏東縣恆春鎮?南路１之１號,5658.37,,一般農業區,農牧用地,1030407,土地1建物1車位0,一層,一層,農舍,農舍,加強磚造,0900108,151.91,3,2,3,有,無,26000000,,,0.0,0,,RPVNMLRLNHJFFET77CA,0.0,0.0,0.0,,
恆春鎮,土地,水泉段201地號,72.7,,國家公園區,,1030508,土地1建物0車位0,,,其他,,,,0.0,0,0,0,有,無,620000,8528,,0.0,0,,RPWNMLNLNHJFFET47CA,0.0,0.0,0.0,,
恆春鎮,土地,恆西段1139地號,68.99,,一般農業區,水利用地,1030506,土地1建物0車位0,,,其他,,,,0.0,0,0,0,有,無,55193,800,,0.0,0,政府機關承購之案件。,RPPOMLMLNHJFFET76CA,0.0,0.0,0.0,,
枋寮鄉,土地,太源段102-1地號,51.49,,鄉村區,乙種建築用地,1030508,土地1建物0車位0,,,其他,,,,0.0,0,0,0,有,無,160000,3107,,0.0,0,,RPPNMLMLNHJFFFT76CA,0.0,0.0,0.0,,
枋山鄉,土地,楓港段859地號,336.0,,鄉村區,乙種建築用地,1030504,土地1建物0車位0,,,其他,,,,0.0,0,0,0,有,無,1000000,2976,,0.0,0,,RPWNMLKKOHJFFFT27CA,0.0,0.0,0.0,,
佳冬鄉,土地,塭豐段1250地號,2406.0,,一般農業區,特定目的事業用地,1030425,土地1建物0車位0,,,其他,,,,0.0,0,0,1,有,無,3650000,1517,,0.0,0,總價含地上物及增建或未登記建物。,RPRNMLMKOHJFFFT96CA,0.0,0.0,0.0,,
枋寮鄉,土地,保生段1157地號,140.64,住,,,1030507,土地2建物0車位0,,,其他,,,,0.0,0,0,0,有,無,1060000,7537,,0.0,0,,RPPNMLRKOHJFFFT27CA,0.0,0.0,0.0,,
潮州鎮,房地(土地+建物),屏東縣潮州鎮復興路６１之１８號,72.0,,特定農業區,甲種建築用地,1030428,土地1建物1車位0,全,三層,透天厝,住家用,鋼筋混凝土造,0780701,133.42,4,2,3,有,無,1150000,8619,,0.0,0,,RPTNMLKKOHJFFCT66CA,133.42,0.0,0.0,,
新埤鄉,土地,新力段265地號,1610.0,,特定農業區,農牧用地,1030430,土地1建物0車位0,,,其他,,,,0.0,0,0,0,有,無,1700000,1056,,0.0,0,,RPUNMLPJOHJFFCT17CA,0.0,0.0,0.0,,
內埔鄉,房地(土地+建物),屏東縣內埔鄉康寧路２５３號,94.03,住,,,1030428,土地1建物1車位0,全,二層,透天厝,住家用,鋼筋混凝土造,0780630,113.73,3,2,2,有,無,3000000,26378,,0.0,0,,RPROMLSLNHJFFCT37CA,110.4,3.33,0.0,,
萬巒鄉,房地(土地+建物),屏東縣萬巒鄉永安路１１之３３號,158.33,,鄉村區,乙種建築用地,1030505,土地2建物1車位0,全,三層,透天厝,住家用,鋼筋混凝土造,0801115,133.03,3,1,3,有,無,900000,6765,,0.0,0,,RPVNMLLLNHJFFCT96CA,0.0,0.0,0.0,,
竹田鄉,土地,新田段2624地號,2344.0,,特定農業區,農牧用地,1030406,土地1建物0車位0,,,其他,,,,0.0,0,0,0,有,無,6283420,2681,,0.0,0,,RPPNMLLLNHJFFCT98CA,0.0,0.0,0.0,,
竹田鄉,土地,新田段2625地號,2789.0,,特定農業區,農牧用地,1030406,土地1建物0車位0,,,其他,,,,0.0,0,0,0,有,無,7476300,2681,,0.0,0,,RPQNMLLLNHJFFCT09CA,0.0,0.0,0.0,,
內埔鄉,土地,新埔段2221地號,1627.0,,特定農業區,農牧用地,1030506,土地1建物0車位0,,,其他,,,,0.0,0,0,0,有,無,3800000,2336,,0.0,0,,RPRNMLLLNHJFFCT56CA,0.0,0.0,0.0,,
潮州鎮,土地,愛國段73地號,170.39,住,,,1030412,土地2建物0車位0,,,其他,,,,0.0,0,0,0,有,無,3450000,20248,,0.0,0,,RPSNMLLLNHJFFCT66CA,0.0,0.0,0.0,,
屏東市,房地(土地+建物),屏東縣屏東巿香揚巷1之112號,74.0,住,,,1030411,土地1建物1車位0,全,二層,透天厝,住家用,加強磚造,0710122,92.94,5,2,3,有,無,2100000,22595,,0.0,0,,RPRNMLNKOHJFFAT56CA,92.94,0.0,0.0,,
屏東市,房地(土地+建物),屏東縣屏東巿香揚巷1之111號,106.0,住,,,1030411,土地1建物1車位0,全,二層,透天厝,住家用,加強磚造,0710122,92.94,5,2,3,有,無,3100000,33355,,0.0,0,,SPRNMLNKOHJFFAT66CA,92.94,0.0,0.0,,
屏東市,房地(土地+建物),屏東縣屏東巿武愛街８８巷８號,81.0,住,,,1030512,土地1建物1車位0,全,四層,透天厝,住家用,鋼筋混凝土造,0810407,164.69,5,2,3,有,無,4500000,27324,,0.0,0,,RPPNMLSKOHJFFAT86CA,164.69,0.0,0.0,,
屏東市,房地(土地+建物),屏東縣屏東巿和生路二段２８０巷８之３號,26.55,住,,,1030429,土地1建物1車位0,四層,五層,公寓(5樓含以下無電梯),國民住宅,鋼筋混凝土造,0720315,73.04,3,1,2,有,無,1520000,20811,,0.0,0,,RPOQMLLLNHJFFAT98CA,73.04,0.0,0.0,,
屏東市,房地(土地+建物),屏東縣屏東巿建興南路２８號十二樓之一,18.72,住,,,1030430,土地1建物1車位0,十二層,十六層,住宅大樓(11層含以上有電梯),見其他登記事項,鋼筋混凝土造,0830621,112.21000000000001,3,1,2,有,有,2000000,17824,,0.0,0,,RPPQMLLLNHJFFAT09CA,70.95,2.02,10.7,,
屏東市,房地(土地+建物),屏東縣屏東巿古松巷２之２號,99.78,,鄉村區,乙種建築用地,1030430,土地3建物1車位0,全,三層,透天厝,住家用,鋼筋混凝土造,1030226,163.09,5,2,3,有,無,8600000,52732,,0.0,0,,RPXOMLNLNHJFFAT27CA,147.29,0.0,15.8,,
屏東市,房地(土地+建物),屏東縣屏東巿古松巷２之１號,141.45,,鄉村區,乙種建築用地,1030425,土地2建物1車位0,全,三層,透天厝,住家用,鋼筋混凝土造,1030226,162.15,5,2,3,有,無,8750000,53962,,0.0,0,,RPQPMLNLNHJFFAT66CA,146.93,0.0,15.22,,
長治鄉,房地(土地+建物),屏東縣長治鄉新潭三巷３號,83.53,住,,,1030430,土地1建物1車位0,全,三層,透天厝,住商用,鋼筋混凝土造,0830630,161.82,5,2,3,有,無,3000000,18539,,0.0,0,,RPQPMLSLNHJFFAT17CA,146.82,15.0,0.0,,
長治鄉,土地,香潭段381地號,387.38,農,,,1030502,土地1建物0車位0,,,其他,,,,0.0,0,0,0,有,無,1350000,3485,,0.0,0,,RPVOMLSLNHJFFAT57CA,0.0,0.0,0.0,,
屏東市,房地(土地+建物),屏東縣屏東巿公安街３２巷６號,75.0,住,,,1030427,土地1建物1車位0,全,二層,透天厝,住家用,加強磚造,0690912,87.88,5,2,4,有,無,4600000,52344,,0.0,0,,RPWOMLSLNHJFFAT67CA,87.88,0.0,0.0,,
屏東市,房地(土地+建物),屏東縣屏東巿廣勝路３９１巷２２號,134.77,住,,,1030321,土地4建物1車位0,全,三層,透天厝,住家用,鋼筋混凝土造,1020723,213.64,5,2,5,有,無,9700000,45403,,0.0,0,,RPROMLRLNHJFFAT07CA,188.1,0.0,25.54,,
屏東市,房地(土地+建物),屏東縣屏東巿古松西巷４７７號,176.14,住,,,1030416,土地2建物1車位0,全,三層,透天厝,住家用,鋼筋混凝土造,1020723,265.02,5,2,6,有,無,14090000,53166,,0.0,0,,RPVNMLRLNHJFFAT37CA,233.17,0.0,31.85,,
屏東市,房地(土地+建物),屏東縣屏東巿民富街１４１號,69.0,住,,,1030326,土地1建物1車位0,全,三層,透天厝,住家用,鋼筋混凝土造,0690610,110.16,3,3,2,有,無,4000000,36311,,0.0,0,,RPUNMLNJOHJFFAT76CA,110.16,0.0,0.0,,
麟洛鄉,土地,麟義段151-31地號,1073.66,農,,,1030514,土地1建物0車位0,,,其他,,,,0.0,0,0,0,有,無,3897385,3630,,0.0,0,,RPQNMLOJOHJFFAT09CA,0.0,0.0,0.0,,
九如鄉,房地(土地+建物),屏東縣九如鄉九龍路５３巷１８號,102.51,住,,,1030417,土地1建物1車位0,全,四層,透天厝,見其他登記事項,鋼筋混凝土造,0850926,204.87,4,1,4,有,無,2500000,12203,,0.0,0,,RPOOMLRLNHJFFAT76CA,180.0,8.96,15.91,,
長治鄉,房地(土地+建物),屏東縣長治鄉水源路46之2號,79.0,,鄉村區,乙種建築用地,1030429,土地1建物1車位0,全,二層,透天厝,住家用,加強磚造,0791017,101.59,4,2,3,有,無,2320000,22837,,0.0,0,,RPTNMLRLNHJFFAT17CA,0.0,0.0,0.0,,
屏東市,土地,頂柳段634地號,3646.0,,一般農業區,農牧用地,1030509,土地1建物0車位0,,,其他,,,,0.0,0,0,0,有,無,11200000,3072,,0.0,0,含未保存登記豬舍,RPOQMLNLNHJFFAT56CA,0.0,0.0,0.0,,
屏東市,土地,三山段1062地號,3253.6,,一般農業區,農牧用地,1030417,土地1建物0車位0,,,其他,,,,0.0,0,0,0,有,無,10733794,3299,,0.0,0,,RPQOMLSLNHJFFAT07CA,0.0,0.0,0.0,,
屏東市,房地(土地+建物),屏東縣屏東巿崇德一路３５巷１１號,147.16,住,,,1030505,土地4建物1車位0,全,四層,透天厝,見其他登記事項,鋼筋混凝土造,1021025,167.44,4,2,3,有,無,8500000,50764,,0.0,0,,RPWNMLQJOHJFFAT27CA,165.37,0.0,2.07,,
萬丹鄉,房地(土地+建物),屏東縣萬丹鄉崙頂路９９巷３４２號,88.08,,鄉村區,乙種建築用地,1030424,土地2建物1車位0,全,四層,透天厝,住家用,鋼筋混凝土造,0850201,176.49,3,2,3,有,無,1450000,8216,,0.0,0,,RPSQMLOJOHJFFAT96CA,151.66,14.5,10.33,,
長治鄉,土地,新潭段891地號,1602.14,,一般農業區,農牧用地,1030502,土地1建物0車位0,,,其他,,,,0.0,0,0,0,有,無,4250000,2653,,0.0,0,,RPSPMLNLNHJFFAT86CA,0.0,0.0,0.0,,
屏東市,房地(土地+建物),屏東縣屏東巿徐州路169號四樓之一,5.58,住,,,1030513,土地1建物1車位0,四層,五層,套房(1房1廳1衛),住家用,鋼筋混凝土造,0831216,21.58,1,1,1,有,無,500000,23170,,0.0,0,,RPOOMLMLNHJFFAT88CA,17.11,0.0,0.0,,
屏東市,土地,勝興段18-1地號,184.0,住,,,1030430,土地1建物0車位0,,,其他,,,,0.0,0,0,0,有,無,5400000,29348,,0.0,0,,RPRPMLSKOHJFFAT27CA,0.0,0.0,0.0,,
麟洛鄉,土地,麟孝段179地號,255.16,,鄉村區,乙種建築用地,1030508,土地1建物0車位0,,,其他,,,,0.0,0,0,0,有,無,1200000,4703,,0.0,0,親友、員工或其他特殊關係間之交易。,RPXOMLQKOHJFFAT57CA,0.0,0.0,0.0,,
麟洛鄉,土地,麟孝段180地號,246.88,,,,1030508,土地1建物0車位0,,,其他,,,,0.0,0,0,0,有,無,1200000,4861,,0.0,0,親友、員工或其他特殊關係間之交易。,RPOPMLQKOHJFFAT76CA,0.0,0.0,0.0,,
潮州鎮,土地,榮田段423-1地號,250.24,住,,,1030424,土地4建物0車位0,,,其他,,,,0.0,0,0,0,有,無,4448400,17777,,0.0,0,,RPOOMLLLNHJFFCT98CA,0.0,0.0,0.0,,
內埔鄉,房地(土地+建物),屏東縣內埔鄉瑞華路３５巷１０號,89.89,住,,,1030421,土地3建物1車位0,全,四層,透天厝,住家用,鋼筋混凝土造,0840718,181.06,4,2,4,有,無,3600000,19883,,0.0,0,,RPQOMLNLNHJFFCT76CA,162.84,7.64,10.58,,
內埔鄉,土地,新埔段3317-1地號,2514.0,,特定農業區,農牧用地,1030327,土地1建物0車位0,,,其他,,,,0.0,0,0,0,有,無,2278000,906,,0.0,0,三七五租約承租人之交易。,RPPNMLNLNHJFFCT56CA,0.0,0.0,0.0,,
內埔鄉,土地,新埔段2367地號,1740.0,,特定農業區,農牧用地,1030509,土地1建物0車位0,,,其他,,,,0.0,0,0,0,有,無,2088000,1200,,0.0,0,本案申報書資料由提供屬實，有三七五租約，由承租人優先購買。,RPPNMLRLNHJFFCT96CA,0.0,0.0,0.0,,
潮州鎮,房地(土地+建物),屏東縣潮州鎮朝昇路８０巷８８弄１３號,74.76,住,,,1030424,土地1建物1車位0,全,四層,透天厝,住商用,鋼筋混凝土造,0840427,212.92,5,2,3,有,無,5880000,27616,,0.0,0,,RPVNMLKMNHJFFCT96CA,178.17,15.49,19.26,,
竹田鄉,土地,新田段2057地號,2368.0,,特定農業區,農牧用地,1030422,土地1建物0車位0,,,其他,,,,0.0,0,0,0,有,無,4880000,2061,,0.0,0,,RPVNMLNJOHJFFCT07CA,0.0,0.0,0.0,,
內埔鄉,房地(土地+建物)+車位,屏東縣內埔鄉永光路１０之５號五樓,17.82,住,,,1030501,土地1建物1車位0,五層,九層,華廈(10層含以下有電梯),住家用,鋼筋混凝土造,0830207,117.43,3,2,2,有,無,1600000,13625,坡道平面,0.0,0,,RPSNMLLKOHJFFCT66CA,69.92,1.17,7.33,,
內埔鄉,土地,新埔段1548地號,1800.0,農,,,1030503,土地1建物0車位0,,,其他,,,,0.0,0,0,0,有,無,4500000,2500,,0.0,0,,RPXNMLQKOHJFFCT67CA,0.0,0.0,0.0,,
三地門鄉,房地(土地+建物),屏東縣三地門鄉中正路二段７７巷１號,90.0,,鄉村區,乙種建築用地,1030425,土地1建物1車位0,全,二層,透天厝,住家用,加強磚造,0860227,112.69,3,2,2,有,無,1700000,15086,,0.0,0,,RPQNMLRJOHJFFBT86CA,96.68,8.4,7.61,,
高樹鄉,土地,阿拔泉段85-15地號,7665.0,,一般農業區,農牧用地,1030425,土地3建物0車位0,,,其他,,,,0.0,0,0,0,有,無,5390000,703,,0.0,0,,RPPNMLPLNHJFFBT66CA,0.0,0.0,0.0,,
鹽埔鄉,土地,新莊段246-5地號,189.59,,鄉村區,乙種建築用地,1030514,土地2建物0車位0,,,其他,,,,0.0,0,0,0,有,無,1000000,5275,,0.0,0,,RPQNMLMLNHJFFBT09CA,0.0,0.0,0.0,,
鹽埔鄉,土地,新莊段246-4地號,189.58,,鄉村區,乙種建築用地,1030514,土地1建物0車位0,,,其他,,,,0.0,0,0,0,有,無,1000000,5275,,0.0,0,,RPRNMLMLNHJFFBT56CA,0.0,0.0,0.0,,
恆春鎮,房地(土地+建物),屏東縣恆春鎮?公路１６號四樓之十二,3.18,住,,,1030513,土地2建物1車位0,四層,十二層,套房(1房1廳1衛),住家用,鋼筋混凝土造,0841117,40.56,1,0,1,有,有,650000,16026,,0.0,0,,RPOOMLMLNHJFFET66CA,18.85,0.0,10.95,,
滿州鄉,土地,九個厝段749地號,3920.0,,山坡地保育區,農牧用地,1030502,土地1建物0車位0,,,其他,,,,0.0,0,0,0,有,無,30000,8,,0.0,0,,RPUNMLNLNHJFFET27CA,0.0,0.0,0.0,,
恆春鎮,土地,大潭段861地號,368.24,農,,,1030508,土地3建物0車位0,,,其他,,,,0.0,0,0,0,有,無,1500000,4073,,0.0,0,為促進土地合理利用買方與鄰地所有權人辦理部分土地交換,RPSNMLRLNHJFFET47CA,0.0,0.0,0.0,,
恆春鎮,土地,榔林段241-15地號,803.0,,一般農業區,丙種建築用地,1030512,土地1建物0車位0,,,其他,,,,0.0,0,0,0,有,無,8500000,10585,,0.0,0,,RPWNMLRLNHJFFET87CA,0.0,0.0,0.0,,
恆春鎮,房地(土地+建物),屏東縣恆春鎮德和路１６０巷３弄３２號,89.76,,鄉村區,乙種建築用地,1030430,土地3建物1車位0,全,三層,透天厝,見其他登記事項,鋼筋混凝土造,0871120,124.36,3,2,2,有,無,3700000,29752,,0.0,0,,RPQNMLNJOHJFFET76CA,0.0,0.0,0.0,,
高樹鄉,土地,長榮段499-1地號,161.0,商,,,1030411,土地2建物0車位0,,,其他,,,,0.0,0,0,0,有,無,2244000,13938,,0.0,0,親友、員工或其他特殊關係間之交易。,RPWNMLSKOHJFFBT77DA,0.0,0.0,0.0,,
竹田鄉,土地,新田段1608地號,1058.4,,特定農業區,農牧用地,1030516,土地1建物0車位0,,,其他,,,,0.0,0,0,0,有,無,1300000,1228,,0.0,0,,RPWNMLQLNHJFFCT67DA,0.0,0.0,0.0,,
屏東市,房地(土地+建物),屏東縣屏東巿機場北路722號五樓,18.19,住,,,1030520,土地1建物1車位0,五層,十四層,住宅大樓(11層含以上有電梯),見其他登記事項,鋼筋混凝土造,0881204,128.19,3,2,2,有,有,2130000,16616,,0.0,0,,RPXPMLOJOHJFFAT47DA,85.15,0.0,14.23,,
屏東市,房地(土地+建物),屏東縣屏東巿機場北路640號八樓,22.54,住,,,1030520,土地1建物1車位0,八層,十四層,住宅大樓(11層含以上有電梯),見其他登記事項,鋼筋混凝土造,0881204,157.81,4,2,2,有,有,3700000,23446,,0.0,0,,RPOQMLOJOHJFFAT66DA,105.8,0.0,16.48,,
長治鄉,土地,番子寮段60-403地號,132.0,,鄉村區,乙種建築用地,1030502,土地1建物0車位0,,,其他,,,,0.0,0,0,0,有,無,3200000,24242,,0.0,0,含增建或未登記建物。,RPSOMLKMNHJFFAT66DA,0.0,0.0,0.0,,
屏東市,房地(土地+建物),屏東縣屏東巿機場北路592號十二樓,25.31,住,,,1030520,土地1建物1車位0,十二層,十四層,住宅大樓(11層含以上有電梯),見其他登記事項,鋼筋混凝土造,0881204,177.24,4,2,2,有,有,2940000,16588,,0.0,0,,RPQQMLOJOHJFFAT86DA,122.71,0.0,15.16,,
屏東市,房地(土地+建物),屏東縣屏東巿機場北路728號三樓,22.54,住,,,1030520,土地1建物1車位0,三層,十四層,住宅大樓(11層含以上有電梯),見其他登記事項,鋼筋混凝土造,0881204,157.81,4,2,2,有,有,2620000,16602,,0.0,0,,RPOOMLSKOHJFFAT96DA,105.8,0.0,16.48,,
屏東市,房地(土地+建物)+車位,屏東縣屏東巿機場北路538號14樓,17.0,住,,,1030520,土地1建物1車位1,十四層,十四層,住宅大樓(11層含以上有電梯),見其他登記事項,鋼筋混凝土造,0881204,143.65,3,2,2,有,有,1990000,13290,坡道平面,24.01,400000,,RPPOMLSKOHJFFAT07DA,78.01,0.0,12.83,,
林邊鄉,土地,內庄段250地號,106.22,,一般農業區,交通用地,1030502,土地1建物0車位0,,,其他,,,,0.0,0,0,0,有,無,50000,471,,0.0,0,道路用地，權利人共三人,RPPNMLTLNHJFFDT27CA,0.0,0.0,0.0,,
新園鄉,土地,新東段344地號,415.54,,鄉村區,乙種建築用地,1030513,土地1建物0車位0,,,其他,,,,0.0,0,0,0,有,無,1000000,2407,,0.0,0,親友特殊關係間之交易。,RPQNMLTLNHJFFDT37CA,0.0,0.0,0.0,,
林邊鄉,土地,銀放索段815地號,1730.79,,一般農業區,農牧用地,1030509,土地1建物0車位0,,,其他,,,,0.0,0,0,0,有,無,800000,462,,0.0,0,,RPTNMLKMNHJFFDT86CA,0.0,0.0,0.0,,
新園鄉,土地,五龍段1079地號,2512.68,,鄉村區,乙種建築用地,1030415,土地1建物0車位0,,,其他,,,,0.0,0,0,0,有,無,15000000,5970,,0.0,0,,RPTNMLNKOHJFFDT07CA,0.0,0.0,0.0,,
滿州鄉,土地,新滿州段42地號,490.13,住,,,1020421,土地3建物0車位0,,,其他,,,,0.0,0,0,0,有,無,1945903,3970,,0.0,0,,RPQNMLKKOHJFFET66DA,0.0,0.0,0.0,,
牡丹鄉,土地,石門段891地號,2320.0,,山坡地保育區,農牧用地,1030429,土地1建物0車位0,,,其他,,,,0.0,0,0,0,有,無,650000,280,,0.0,0,,RPQNMLQKOHJFFET27DA,0.0,0.0,0.0,,
恆春鎮,土地,水泉段428-28地號,880.67,,國家公園區,,1030414,土地3建物0車位0,,,其他,,,,0.0,0,0,0,有,無,573787,652,,0.0,0,親友、員工或其他特殊關係間之交易。,RPPNMLQJOHJFFET07DA,0.0,0.0,0.0,,
東港鎮,土地,東港段948地號,258.75,住,,,1030520,土地1建物0車位0,,,其他,,,,0.0,0,0,0,有,無,2184000,8441,,0.0,0,,RPVNMLNJOHJFFDT27DA,0.0,0.0,0.0,,
枋寮鄉,房地(土地+建物),屏東縣枋寮鄉中華路１６４巷８號,79.41,住,,,1030509,土地1建物1車位0,全,二層,透天厝,住商用,加強磚造,0691210,99.6,3,1,2,有,無,1050000,10542,,0.0,0,,RPPNMLQLNHJFFFT37EA,99.6,0.0,0.0,,
東港鎮,土地,東新段973地號,195.8,其他,,,1030507,土地2建物0車位0,,,其他,,,,0.0,0,0,0,有,無,403596,2061,,0.0,0,本件土地為公共設施用地,RPSNMLNKOHJFFDT96CA,0.0,0.0,0.0,,
東港鎮,房地(土地+建物),屏東縣東港鎮明禮路３３６巷３號,241.73,住,,,1030512,土地1建物1車位0,全,四層,透天厝,住家用,鋼筋混凝土構造,1020910,302.84,5,2,4,有,無,18600000,61419,,0.0,0,,RPTNMLTKOHJFFDT67CA,278.53,0.45,23.86,,
新園鄉,土地,興厝段1053-1地號,2652.28,農,,,1030512,土地2建物0車位0,,,其他,,,,0.0,0,0,0,有,無,3691575,1392,,0.0,0,,RPQNMLNJOHJFFDT66CA,0.0,0.0,0.0,,
東港鎮,房地(土地+建物),屏東縣東港鎮嘉新路１５６號,171.93,住,,,1030417,土地2建物1車位0,全,四層,透天厝,店舖、住宅,鋼筋混凝土構造,1010217,355.89,4,2,4,有,無,20200000,56759,,0.0,0,含增建或未登記建物。,RPPNMLQJOHJFFDT86CA,325.79,0.0,30.1,,
東港鎮,房地(土地+建物),屏東縣東港鎮環美三街２３號,225.4,,一般農業區,丁種建築用地,1030430,土地1建物1車位0,一層，二層,二層,其他,廠房,鋼筋混凝土構造,1020315,260.96,5,2,3,有,無,7450000,28548,,0.0,0,,RPWNMLNJOHJFFDT27CA,248.78,12.18,0.0,,
東港鎮,房地(土地+建物),屏東縣東港鎮大順路６５號,81.85,住,,,1030424,土地1建物1車位0,全,五層,透天厝,見其他登記事項,鋼筋混凝土造,0871007,241.45,5,2,4,有,無,6500000,26921,,0.0,0,,RPUNMLSLNHJFFDT67CA,222.55,0.0,18.9,,
林邊鄉,土地,永樂段789地號,111.8,住,,,1030505,土地1建物0車位0,,,其他,,,,0.0,0,0,0,有,無,905580,8100,,0.0,0,親友、員工或其他特殊關係間之交易。,RPWNMLSLNHJFFDT87CA,0.0,0.0,0.0,,
琉球鄉,土地,相埔段642-2地號,1845.7,農,,,1030508,土地1建物0車位0,,,其他,,,,0.0,0,0,0,有,無,15000000,8127,,0.0,0,,RPPNMLNLNHJFFDT66CA,0.0,0.0,0.0,,
林邊鄉,土地,下庄段820地號,2647.2,,一般農業區,農牧用地,1030506,土地1建物0車位0,,,其他,,,,0.0,0,0,0,有,無,2700000,1020,,0.0,0,,RPTNMLNLNHJFFDT07CA,0.0,0.0,0.0,,
東港鎮,房地(土地+建物),屏東縣東港鎮延平路１５９之３號,78.0,住,,,1030506,土地1建物1車位0,全,三層,透天厝,店舖、住宅,鋼筋混凝土造,0760107,151.31,3,2,3,有,無,2750000,18175,,0.0,0,,RPUNMLNLNHJFFDT17CA,146.11,5.2,0.0,,
東港鎮,建物,屏東縣東港鎮明德一路３６６巷２０號,0.0,,,,1030522,土地0建物1車位0,全,三層,透天厝,住宅,鋼筋混凝土構造,1030128,231.58,0,0,0,無,無,4165000,17985,,0.0,0,,RPWNMLNLNHJFFDT37CA,207.38,4.46,19.74,,
東港鎮,土地,新孝段1404地號,141.57,住,,,1030522,土地1建物0車位0,,,其他,,,,0.0,0,0,0,有,無,7735000,54637,,0.0,0,,RPXNMLNLNHJFFDT47CA,0.0,0.0,0.0,,
九如鄉,土地,九如段1078-11地號,345.84,,鄉村區,乙種建築用地,1030504,土地3建物0車位0,,,其他,,,,0.0,0,0,0,有,無,1890000,5465,,0.0,0,,RPPNMLLKOHJFFAT88DA,0.0,0.0,0.0,,
屏東市,房地(土地+建物),屏東縣屏東巿機場北路800號十二樓之二,12.65,住,,,1030521,土地1建物1車位0,十二層,十四層,住宅大樓(11層含以上有電梯),見其他登記事項,鋼筋混凝土造,0881204,87.23,2,1,1,有,有,1450000,16623,,0.0,0,,RPPQMLOJOHJFFAT76DA,60.66,0.0,6.4,,
屏東市,土地,文明段一小段416地號,12.0,住,,,1030508,土地1建物0車位0,,,其他,,,,0.0,0,0,0,有,無,762000,63500,,0.0,0,向政府機關承購之案件。權利人共2人,RPVPMLNLNHJFFAT27DA,0.0,0.0,0.0,,
屏東市,房地(土地+建物)+車位,屏東縣屏東巿華盛街47號4樓之2,45.61,住,,,1030430,土地1建物1車位1,四層,十四層,住宅大樓(11層含以上有電梯),見其他登記事項,鋼筋混凝土造,0930909,181.01,3,2,2,有,有,3000000,16574,坡道平面,0.0,0,,RPSQMLNLNHJFFAT07DA,102.59,0.0,11.69,,
屏東市,土地,灰段894-1地號,975.0,住,,,1030405,土地6建物0車位0,,,其他,,,,0.0,0,0,0,有,無,24635000,25267,,0.0,0,,RPSOMLTLNHJFFAT47DA,0.0,0.0,0.0,,
恆春鎮,房地(土地+建物),屏東縣恆春鎮?琱螂?16號十二樓之六,3.56,住,,,1030511,土地2建物1車位0,十二層,十二層,套房(1房1廳1衛),住家用,鋼筋混凝土造,0841117,34.81,0,0,0,無,有,680000,19535,,0.0,0,,RPQNMLTLNHJFFET47CA,17.27,0.0,5.49,,
恆春鎮,房地(土地+建物),屏東縣恆春鎮省北路４０巷６７弄８號十一樓之十一,4.74,住,,,1030514,土地1建物1車位0,十一層,十二層,套房(1房1廳1衛),住家用,鋼筋混凝土造,0840110,22.97,1,1,1,有,無,600000,26121,,0.0,0,,RPTNMLNKOHJFFET17CA,19.69,0.0,3.28,,
恆春鎮,房地(土地+建物),屏東縣恆春鎮省北路４０巷６７弄８號十一樓之十二,4.74,住,,,1030514,土地1建物1車位0,十一層,十二層,套房(1房1廳1衛),住家用,鋼筋混凝土造,0840110,22.97,1,1,1,有,無,600000,26121,,0.0,0,,RPUNMLNKOHJFFET27CA,19.69,0.0,3.28,,
恆春鎮,房地(土地+建物),屏東縣恆春鎮西門路１０９巷２５弄４號,64.17,住,,,1030501,土地1建物1車位0,全,三層,透天厝,住商用,鋼筋混凝土造,0710904,111.2,3,2,2,有,無,2950000,26529,,0.0,0,,RPPNMLNLNHJFFET76CA,111.2,0.0,0.0,,
枋寮鄉,土地,沿海段15地號,5724.69,農,,,1030506,土地3建物0車位0,,,其他,,,,0.0,0,0,0,有,無,7900000,1380,,0.0,0,權利人共2人 各取得持分1/2,RPTNMLQJOHJFFFT47CA,0.0,0.0,0.0,,
枋寮鄉,房地(土地+建物),屏東縣枋寮鄉臨海路二段９３之２號,69.0,,工業區,丁種建築用地,1030430,土地1建物1車位0,全,四層,透天厝,住家用,鋼筋混凝土造,0831115,152.39,4,2,3,有,無,2850000,18702,,0.0,0,,RPPNMLTJOHJFFFT37CA,152.39,0.0,0.0,,
枋寮鄉,土地,新龍段638地號,551.24,住,,,1030520,土地3建物0車位0,,,其他,,,,0.0,0,0,0,有,無,6199999,11247,,0.0,0,,RPQNMLSLNHJFFFT47CA,0.0,0.0,0.0,,
鹽埔鄉,土地,彭新段772地號,3435.51,,一般農業區,農牧用地,1030508,土地1建物0車位0,,,其他,,,,0.0,0,0,0,有,無,3000000,873,,0.0,0,,RPVNMLMLNHJFFBT96CA,0.0,0.0,0.0,,
鹽埔鄉,土地,新莊段609-1地號,76.76,,,,1030428,土地1建物0車位0,,,其他,,,,0.0,0,0,0,有,無,63300,825,,0.0,0,,RPQNMLNLNHJFFBT56CA,0.0,0.0,0.0,,
鹽埔鄉,土地,高朗段470地號,66.0,,鄉村區,乙種建築用地,1030513,土地1建物0車位0,,,其他,,,,0.0,0,0,0,有,無,390000,5909,,0.0,0,,RPQNMLTLNHJFFBT17CA,0.0,0.0,0.0,,
高樹鄉,土地,大路關段新大路關小段195-521地號,5000.0,,山坡地保育區,農牧用地,1030513,土地1建物0車位0,,,其他,,,,0.0,0,0,0,有,無,9000000,1800,,0.0,0,,RPPNMLRJOHJFFBT76CA,0.0,0.0,0.0,,
高樹鄉,土地,豐源段602地號,538.0,住,,,1030401,土地8建物0車位0,,,其他,,,,0.0,0,0,0,有,無,1000000,1859,,0.0,0,,RPPNMLNKOHJFFBT09CA,0.0,0.0,0.0,,
潮州鎮,房地(土地+建物)+車位,屏東縣潮州鎮三共里海康街２１２號６樓之８,25.24,住,,,1030508,土地1建物1車位1,六層,十層,華廈(10層含以下有電梯),住家用,鋼筋混凝土造,0830407,146.56,3,2,2,有,有,2250000,15352,坡道平面,0.0,0,,RPPPMLLKOHJFFCT56CA,88.06,0.0,9.21,,
潮州鎮,房地(土地+建物),屏東縣潮州鎮東華路１號,83.49,住,,,1030411,土地1建物1車位0,全,三層,透天厝,住商用,鋼筋混凝土造,0710617,147.84,0,0,0,無,無,3800000,25703,,0.0,0,,RPWNMLKMNHJFFCT07CA,147.84,0.0,0.0,,
潮州鎮,房地(土地+建物),屏東縣潮州鎮福安路８１之１號,88.25,住,,,1030501,土地1建物1車位0,全,四層,透天厝,見其他登記事項,鋼筋混凝土造,0830328,186.72,6,2,3,有,無,4280000,22922,,0.0,0,,RPSOMLSLNHJFFCT47CA,170.93,0.0,15.79,,
潮州鎮,房地(土地+建物),屏東縣潮州鎮東華路３號,72.07,住,,,1030415,土地1建物1車位0,全,三層,透天厝,住商用,鋼筋混凝土造,0710617,154.82,0,0,0,無,無,3800000,24545,,0.0,0,,RPRNMLRLNHJFFCT17CA,149.64,5.18,0.0,,
潮州鎮,房地(土地+建物),屏東縣潮州鎮三德路２５號五樓之３２,21.49,住,,,1030508,土地1建物1車位0,五層,八層,華廈(10層含以下有電梯),住家用,鋼筋混凝土造,0830120,143.62,3,1,2,有,無,2400000,16711,,0.0,0,,RPRNMLNLNHJFFCT76CA,91.06,0.0,8.97,,
潮州鎮,房地(土地+建物),屏東縣潮州鎮崙川路５８巷２弄１０號,96.12,,鄉村區,乙種建築用地,1030513,土地1建物1車位0,全,三層,透天厝,住家用,鋼筋混凝土造,0830517,169.53,4,2,3,有,無,2060000,12151,,0.0,0,,RPSNMLNLNHJFFCT86CA,148.5,9.51,11.52,,
潮州鎮,房地(土地+建物),屏東縣潮州鎮永華街３３號,85.91,住,,,1030501,土地2建物1車位0,全,二層,透天厝,住家用,見使用執照,0551019,163.23,3,1,2,有,無,3750000,22974,,0.0,0,,RPUNMLNLNHJFFCT07CA,163.23,0.0,0.0,,
潮州鎮,房地(土地+建物),屏東縣潮州鎮三德路２５號七樓之三十四,21.49,住,,,1030422,土地1建物1車位0,七層,八層,華廈(10層含以下有電梯),住家用,鋼筋混凝土造,0830120,143.62,3,1,2,有,無,2350000,16363,,0.0,0,,RPVNMLNLNHJFFCT17CA,91.06,0.0,8.97,,
內埔鄉,房地(土地+建物),屏東縣內埔鄉學人路２６７之２０號二樓,8.06,,鄉村區,乙種建築用地,1030508,土地1建物1車位0,二層,六層,套房(1房1廳1衛),住家用,鋼筋混凝土造,0840710,28.259999999999998,1,0,1,有,有,315000,11146,,0.0,0,,RPWNMLNLNHJFFCT27CA,14.78,0.0,2.31,,
潮州鎮,房地(土地+建物),屏東縣潮州鎮福康街１７號,36.04,住,,,1030411,土地1建物1車位0,一層，二層，三層,十二層,住宅大樓(11層含以上有電梯),住商用,鋼筋混凝土造,0840119,125.76,3,1,2,有,有,3600000,28626,,0.0,0,,RPSNMLQLNHJFFCT17CA,101.47,13.31,10.98,,
竹田鄉,土地,竹洲段316地號,1772.15,,一般農業區,農牧用地,1030418,土地1建物0車位0,,,其他,,,,0.0,0,0,0,有,無,3197000,1804,,0.0,0,,RPSQMLMLNHJFFCT07CA,0.0,0.0,0.0,,
麟洛鄉,房地(土地+建物),屏東縣麟洛鄉中山路３８２之１１３號,420.84,其他,,,1030521,土地5建物1車位0,全,三層,透天厝,見其他登記事項,鋼筋混凝土造,1001111,304.27,5,2,5,有,有,16000000,52585,,0.0,0,,RPRNMLRKOHJFFAT96CA,247.55,24.99,31.32,,
屏東市,房地(土地+建物),屏東縣屏東巿民學路１６巷３９之４號,39.99,住,,,1030426,土地1建物1車位0,五層,五層,公寓(5樓含以下無電梯),國民住宅,鋼筋混凝土造,0710717,91.75,3,2,2,有,無,750000,8174,,0.0,0,,RPPOMLMLNHJFFAT98CA,91.75,0.0,0.0,,
長治鄉,土地,番子寮段15-8地號,1940.0,,一般農業區,農牧用地,1030513,土地1建物0車位0,,,其他,,,,0.0,0,0,0,有,無,1100000,567,,0.0,0,,RPWPMLNLNHJFFAT27CA,0.0,0.0,0.0,,
屏東市,房地(土地+建物),屏東縣屏東巿林森路1巷11號,109.0,住,,,1030418,土地1建物1車位0,全,一層,透天厝,住家用,鋼筋混凝土加強磚造,0631227,62.8,1,1,1,有,無,4000000,63694,,0.0,0,,RPSOMLNLNHJFFAT76CA,62.8,0.0,0.0,,
長治鄉,土地,德華段242地號,66.65,,鄉村區,乙種建築用地,1030417,土地1建物0車位0,,,其他,,,,0.0,0,0,0,有,無,1200000,18005,,0.0,0,二等親間買賣。此次買賣包含未辦理所有權第一次登記建物兩筆,RPQNMLQJOHJFFAT66CA,0.0,0.0,0.0,,
屏東市,房地(土地+建物),屏東縣屏東巿台糖二街４２巷３２號,66.62,住,,,1030514,土地3建物1車位0,一層,四層,公寓(5樓含以下無電梯),住家用,鋼筋混凝土加強磚造,0641106,146.02,4,2,2,有,無,4800000,32872,,0.0,0,,RPRNMLTLNHJFFAT17CA,146.02,0.0,0.0,,
屏東市,土地,水源段二小段1756地號,99.0,住,,,1030509,土地1建物0車位0,,,其他,,,,0.0,0,0,0,有,無,5800000,58586,,0.0,0,,RPQQMLNLNHJFFAT76CA,0.0,0.0,0.0,,
屏東市,房地(土地+建物),屏東縣屏東巿建國路４０１號,63.0,,鄉村區,乙種建築用地,1030424,土地1建物1車位0,全,四層,透天厝,住商用,鋼筋混凝土造,0810729,158.4,5,1,4,有,無,4820000,30429,,0.0,0,,RPRQMLNLNHJFFAT86CA,153.45,4.95,0.0,,
屏東市,房地(土地+建物),屏東縣屏東巿古松西巷７４６弄２８號,114.52,住,,,1030511,土地2建物1車位0,全,三層,透天厝,住家用,鋼筋混凝土造,1020905,194.45,5,2,3,有,無,9250000,47570,,0.0,0,,RPPNMLQLNHJFFAT66CA,168.55,0.0,25.9,,
屏東市,房地(土地+建物),屏東縣屏東巿古松西巷７４６弄２號,157.52,住,,,1030511,土地2建物1車位0,全,三層,透天厝,住家用,鋼筋混凝土造,1020905,231.8,5,2,4,有,無,11380000,49094,,0.0,0,,RPQNMLQLNHJFFAT76CA,229.73,0.0,2.07,,
屏東市,房地(土地+建物),屏東縣屏東巿機場北路７８８號七樓,11.86,住,,,1030514,土地1建物1車位0,七層,十四層,住宅大樓(11層含以上有電梯),見其他登記事項,鋼筋混凝土造,0881204,82.12,2,1,1,有,有,950000,11568,,0.0,0,,RPPOMLQLNHJFFAT76CA,53.88,0.0,9.03,,
屏東市,房地(土地+建物),屏東縣屏東巿機場北路６１０號九樓,22.54,住,,,1030425,土地1建物1車位0,九層,十四層,住宅大樓(11層含以上有電梯),見其他登記事項,鋼筋混凝土造,0881204,181.82,3,2,2,有,有,3800000,20900,,0.0,0,,RPQOMLQLNHJFFAT86CA,105.8,0.0,16.48,,
屏東市,房地(土地+建物),屏東縣屏東巿自立路２８０號七樓之二,4.23,住,,,1030514,土地2建物1車位0,七層,十層,華廈(10層含以下有電梯),住家用,鋼筋混凝土造,0831012,26.409999999999997,1,0,1,有,有,608000,23022,,0.0,0,,RPROMLQLNHJFFAT96CA,16.0,0.0,2.4,,
長治鄉,土地,榮華段671-2地號,2704.98,,一般農業區,農牧用地,1030514,土地1建物0車位0,,,其他,,,,0.0,0,0,0,有,無,5300000,1959,,0.0,0,,RPWNMLRLNHJFFAT47CA,0.0,0.0,0.0,,
屏東市,房地(土地+建物),屏東縣屏東巿大同北路４２號,67.0,住,,,1030428,土地2建物1車位0,一層，二層，三層，騎樓,三層,店面(店鋪),住商用,加強磚造,0711122,136.5,4,2,2,有,無,5800000,42491,,0.0,0,,RPPNMLOJOHJFFAT98CA,136.5,0.0,0.0,,
屏東市,房地(土地+建物)+車位,屏東縣屏東巿興豐路１３７巷２號十樓之二,14.19,住,,,1030502,土地2建物1車位1,十層,十一層,住宅大樓(11層含以上有電梯),住家用,鋼筋混凝土造,0840516,137.66,4,2,2,有,有,3400000,24699,升降機械,0.0,0,,RPQOMLKKOHJFFAT88CA,97.01,0.0,8.02,,
萬巒鄉,土地,鹿寮段897地號,4125.72,,一般農業區,農牧用地,1030515,土地1建物0車位0,,,其他,,,,0.0,0,0,0,有,無,2330000,565,,0.0,0,,RPXNMLNLNHJFFCT37CA,0.0,0.0,0.0,,
萬巒鄉,土地,見月段894-2地號,2768.52,,一般農業區,農牧用地,1030513,土地1建物0車位0,,,其他,,,,0.0,0,0,0,有,無,2511500,907,,0.0,0,,RPQOMLQLNHJFFCT07CA,0.0,0.0,0.0,,
內埔鄉,土地,頭鏢段510-9地號,2500.0,,一般農業區,農牧用地,1030315,土地1建物0車位0,,,其他,,,,0.0,0,0,0,有,無,3200000,1280,,0.0,0,,RPROMLQLNHJFFCT17CA,0.0,0.0,0.0,,
內埔鄉,房地(土地+建物),屏東縣內埔鄉光明路２２６號七樓之一,15.96,住,,,1030420,土地1建物1車位0,七層,七層,華廈(10層含以下有電梯),住家用,鋼筋混凝土造,0830827,72.66,3,1,2,有,無,1500000,20644,,0.0,0,,RPPOMLSLNHJFFCT17CA,72.66,0.0,0.0,,
內埔鄉,土地,新東勢段189-7地號,1262.0,,一般農業區,農牧用地,1030509,土地1建物0車位0,,,其他,,,,0.0,0,0,0,有,無,3850000,3051,,0.0,0,,RPVOMLSLNHJFFCT77CA,0.0,0.0,0.0,,
內埔鄉,土地,大興段502地號,3951.76,,一般農業區,農牧用地,1030509,土地1建物0車位0,,,其他,,,,0.0,0,0,0,有,無,5300000,1341,,0.0,0,,RPPNMLTLNHJFFCT17CA,0.0,0.0,0.0,,
潮州鎮,房地(土地+建物),屏東縣潮州鎮中洲路１７１巷３２號,133.63,住,,,1030326,土地1建物1車位0,全,三層,透天厝,見其他登記事項,見其他登記事項,1030129,225.69,4,2,3,有,無,8500000,37662,,0.0,0,,RPRNMLKMNHJFFCT56CA,209.62,0.0,16.07,,
潮州鎮,房地(土地+建物),屏東縣潮州鎮南京路５６巷２弄２號,117.63,住,,,1030415,土地1建物1車位0,全,二層,透天厝,住家用,鋼筋混凝土造,0740817,68.0,4,2,2,有,無,2300000,33824,,0.0,0,,RPXNMLNJOHJFFCT27CA,68.0,0.0,0.0,,
萬巒鄉,土地,五溝水段520-8地號,1819.0,,河川區,農牧用地,1030113,土地4建物0車位0,,,其他,,,,0.0,0,0,0,有,無,1280000,704,,0.0,0,祭祀公業買賣,RPVNMLMJOHJFFCT96CA,0.0,0.0,0.0,,
潮州鎮,房地(土地+建物),屏東縣潮州鎮光明路９３號二樓之五,40.71,,鄉村區,乙種建築用地,1030428,土地1建物1車位0,二層,五層,華廈(10層含以下有電梯),住家用,鋼筋混凝土造,0820501,132.51,3,1,2,有,無,1380000,10414,,0.0,0,,RPSOMLPJOHJFFCT07CA,95.6,0.0,11.99,,
潮州鎮,土地,興美段178-1地號,2975.0,,特定農業區,農牧用地,1030430,土地2建物0車位0,,,其他,,,,0.0,0,0,0,有,無,6134000,2062,,0.0,0,,RPRNMLTJOHJFFCT27CA,0.0,0.0,0.0,,
高樹鄉,土地,源泉段171地號,3505.64,,一般農業區,農牧用地,1030514,土地2建物0車位0,,,其他,,,,0.0,0,0,0,有,無,4000000,1141,,0.0,0,,RPQNMLLKOHJFFBT98CA,0.0,0.0,0.0,,
高樹鄉,土地,泰山段1273地號,102.74,,鄉村區,乙種建築用地,1030513,土地1建物0車位0,,,其他,,,,0.0,0,0,0,有,無,435120,4235,,0.0,0,,RPRNMLNJOHJFFBT56CA,0.0,0.0,0.0,,
鹽埔鄉,土地,南段115-1地號,226.6,住,,,1030512,土地1建物0車位0,,,其他,,,,0.0,0,0,0,有,無,1270000,5605,,0.0,0,親友、員工或其他特殊關係間之交易。,RPRNMLSLNHJFFBT17CA,0.0,0.0,0.0,,
枋寮鄉,土地,新地段1029地號,8472.45,,一般農業區,農牧用地,1030507,土地1建物0車位0,,,其他,,,,0.0,0,0,0,有,無,8500000,1003,,0.0,0,,RPPNMLKMNHJFFFT66CA,0.0,0.0,0.0,,
恆春鎮,土地,大光段653地號,109.43,,國家公園區,,1030514,土地1建物0車位0,,,其他,,,,0.0,0,0,0,有,無,1400000,12794,,0.0,0,,RPPNMLQKOHJFFET07CA,0.0,0.0,0.0,,
恆春鎮,土地,榔林段94地號,1735.5,,山坡地保育區,農牧用地,1030515,土地4建物0車位0,,,其他,,,,0.0,0,0,0,有,無,4100000,2362,,0.0,0,,RPTNMLNJOHJFFET07CA,0.0,0.0,0.0,,
屏東市,房地(土地+建物)+車位,屏東縣屏東巿清寧街34號7樓之1,20.42,住,,,1030502,土地1建物1車位1,七層,十二層,住宅大樓(11層含以上有電梯),住家用,鋼筋混凝土造,0840525,119.36999999999999,3,2,2,有,有,2100000,17592,坡道平面,0.0,0,,RPUQMLNLNHJFFAT27DA,71.89,2.65,7.53,,
屏東市,房地(土地+建物),屏東縣屏東巿公勇路93之8號,46.66,住,,,1030515,土地2建物1車位0,全,四層,透天厝,見其他登記事項,鋼筋混凝土造,0931124,126.57,3,2,2,有,無,4200000,33183,,0.0,0,,RPQNMLLMNHJFFAT09DA,123.0,3.57,0.0,,
高樹鄉,土地,阿拔泉段2-323地號,1133.0,,一般農業區,農牧用地,1030514,土地1建物0車位0,,,其他,,,,0.0,0,0,0,有,無,1450000,1280,,0.0,0,,RPPNMLRLNHJFFBT96DA,0.0,0.0,0.0,,
里港鄉,土地,塔樓段495-3地號,1430.0,,一般農業區,農牧用地,1030513,土地2建物0車位0,,,其他,,,,0.0,0,0,0,有,無,2150000,1503,,0.0,0,,RPSNMLTJOHJFFBT37DA,0.0,0.0,0.0,,
東港鎮,土地,大東段449地號,42.73,住,,,1030523,土地1建物0車位0,,,其他,,,,0.0,0,0,0,有,無,584400,13677,,0.0,0,,RPRNMLQLNHJFFDT17CA,0.0,0.0,0.0,,
東港鎮,土地,大東段450地號,131.95,其他,,,1030523,土地1建物0車位0,,,其他,,,,0.0,0,0,0,有,無,1804630,13677,,0.0,0,,RPTNMLQLNHJFFDT37CA,0.0,0.0,0.0,,
東港鎮,土地,大東段458地號,90.8,住,,,1030523,土地1建物0車位0,,,其他,,,,0.0,0,0,0,有,無,1600000,17621,,0.0,0,,RPVNMLNLNHJFFDT27CA,0.0,0.0,0.0,,
東港鎮,房地(土地+建物),屏東縣東港鎮船頭路３７之２８號,94.19,住,,,1030429,土地2建物1車位0,全,四層,透天厝,住宅,鋼筋混凝土造,0800821,148.85,3,2,3,有,無,3350000,22506,,0.0,0,,RPSNMLRLNHJFFDT37CA,148.85,0.0,0.0,,
東港鎮,土地,大東段438地號,117.79,其他,,,1030523,土地1建物0車位0,,,其他,,,,0.0,0,0,0,有,無,1610970,13677,,0.0,0,,RPWNMLQLNHJFFDT67CA,0.0,0.0,0.0,,
東港鎮,房地(土地+建物),屏東縣東港鎮環美二街１８號,228.61,,一般農業區,丁種建築用地,1030428,土地1建物1車位0,一層，二層,二層,其他,廠房,鋼筋混凝土構造,1020313,260.96,5,2,3,有,無,7550000,28932,,0.0,0,,RPUNMLNJOHJFFDT07CA,248.78,12.18,0.0,,
東港鎮,房地(土地+建物),屏東縣東港鎮環美三街２９號,225.4,,一般農業區,丁種建築用地,1030309,土地1建物1車位0,一層，二層,二層,其他,廠房,鋼筋混凝土構造,1020315,260.96,5,2,3,有,無,7399000,28353,,0.0,0,,RPOOMLNJOHJFFDT56CA,248.78,12.18,0.0,,
東港鎮,土地,大潭新庄段642地號,17.7,,鄉村區,乙種建築用地,1030422,土地1建物0車位0,,,其他,,,,0.0,0,0,0,有,無,166000,9379,,0.0,0,,RPPNMLKMNHJFFDT09CA,0.0,0.0,0.0,,
東港鎮,土地,大潭新庄段643地號,309.34,,鄉村區,乙種建築用地,1030422,土地3建物0車位0,,,其他,,,,0.0,0,0,0,有,無,2916000,9427,,0.0,0,,RPQNMLKMNHJFFDT56CA,0.0,0.0,0.0,,
崁頂鄉,土地,頂義段95地號,2301.58,農,,,1030423,土地1建物0車位0,,,其他,,,,0.0,0,0,0,有,無,2135636,928,,0.0,0,,RPPNMLMKOHJFFDT56CA,0.0,0.0,0.0,,
林邊鄉,土地,下庄段756地號,1963.21,,一般農業區,農牧用地,1030429,土地2建物0車位0,,,其他,,,,0.0,0,0,0,有,無,1800000,917,,0.0,0,,RPPNMLRLNHJFFDT17DA,0.0,0.0,0.0,,
東港鎮,土地,東港段501-1地號,7.0,住,,,1030507,土地1建物0車位0,,,其他,,,,0.0,0,0,0,有,無,150150,21450,,0.0,0,,RPTNMLRLNHJFFDT57DA,0.0,0.0,0.0,,
恆春鎮,土地,山腳段1017-5地號,106.0,,山坡地保育區,林業用地,1030507,土地1建物0車位0,,,其他,,,,0.0,0,0,0,有,無,2968,28,,0.0,0,向政府機關承購之案件。,RPPNMLRLNHJFFET27DA,0.0,0.0,0.0,,
車城鄉,土地,四重溪段167地號,346.0,,一般農業區,丙種建築用地,1030515,土地1建物0車位0,,,其他,,,,0.0,0,0,0,有,無,500000,1445,,0.0,0,,RPQNMLRLNHJFFET37DA,0.0,0.0,0.0,,
恆春鎮,房地(土地+建物),屏東縣恆春鎮復興路112巷11弄3號二樓,26.64,住,,,1030425,土地1建物1車位0,二層,七層,華廈(10層含以下有電梯),住家用,鋼筋混凝土造,0830928,128.86,2,1,1,有,無,2700000,20953,,0.0,0,,RPSNMLKMNHJFFET96DA,0.0,0.0,0.0,,
佳冬鄉,土地,昌南段226地號,1731.86,,一般農業區,農牧用地,1030501,土地1建物0車位0,,,其他,,,,0.0,0,0,0,有,無,900000,520,,0.0,0,,RPPNMLSLNHJFFFT57EA,0.0,0.0,0.0,,
東港鎮,房地(土地+建物),屏東縣東港鎮明禮路３３８號,157.18,住,,,1030425,土地1建物1車位0,全,四層,透天厝,見其他登記事項,鋼筋混凝土構造,1020910,322.01,5,2,5,有,無,20200000,62731,,0.0,0,,RPSNMLKKOHJFFDT66CA,298.13,0.0,23.88,,
新園鄉,土地,港西段602-9地號,353.5,,鄉村區,乙種建築用地,1030430,土地1建物0車位0,,,其他,,,,0.0,0,0,0,有,無,2673000,7562,,0.0,0,,RPSNMLTLNHJFFDT57CA,0.0,0.0,0.0,,
琉球鄉,土地,花矸段302-10地號,115.98,其他,,,1030508,土地2建物0車位0,,,其他,,,,0.0,0,0,0,有,無,1500000,12933,,0.0,0,兄弟間買賣,RPUNMLTLNHJFFDT77CA,0.0,0.0,0.0,,
新園鄉,土地,新洋段478地號,6197.0,,一般農業區,丁種建築用地,1030430,土地1建物0車位0,,,其他,,,,0.0,0,0,0,有,無,22495000,3630,,0.0,0,,RPVNMLKMNHJFFDT07CA,0.0,0.0,0.0,,
東港鎮,房地(土地+建物),屏東縣東港鎮環美八街２９號,306.41,,一般農業區,丁種建築用地,1030421,土地1建物1車位0,一層，二層,二層,其他,廠房,鋼筋混凝土構造,1011011,271.34,5,2,3,有,無,7900000,29115,,0.0,0,,RPXNMLNJOHJFFDT37CA,259.16,12.18,0.0,,
東港鎮,土地,船頭段462地號,167.84,住,,,1030526,土地1建物0車位0,,,其他,,,,0.0,0,0,0,有,無,2190300,13050,,0.0,0,,RPXNMLQLNHJFFDT77CA,0.0,0.0,0.0,,
新園鄉,土地,興厝段698地號,1069.23,農,,,1030516,土地3建物0車位0,,,其他,,,,0.0,0,0,0,有,無,1200000,1122,,0.0,0,,RPTNMLSLNHJFFDT57CA,0.0,0.0,0.0,,
鹽埔鄉,土地,埔段793地號,2208.0,,一般農業區,農牧用地,1030512,土地1建物0車位0,,,其他,,,,0.0,0,0,0,有,無,1600000,725,,0.0,0,,RPTNMLTJOHJFFBT47DA,0.0,0.0,0.0,,
里港鄉,土地,瀰力肚段709-18地號,2271.0,,一般農業區,農牧用地,1030516,土地1建物0車位0,,,其他,,,,0.0,0,0,0,有,無,3406500,1500,,0.0,0,,RPRNMLOJOHJFFBT76DA,0.0,0.0,0.0,,
新埤鄉,土地,打鐵段573-1地號,1457.0,,一般農業區,農牧用地,1030505,土地1建物0車位0,,,其他,,,,0.0,0,0,0,有,無,2200000,1510,,0.0,0,,RPSNMLRLNHJFFCT37DA,0.0,0.0,0.0,,
九如鄉,房地(土地+建物),屏東縣九如鄉屏東縣九如鄉中興街63號,83.0,,鄉村區,乙種建築用地,1030511,土地1建物1車位0,全,四層,透天厝,住家用,鋼筋混凝土造,0820531,168.9,3,2,2,有,無,3120000,18472,,0.0,0,,RPPNMLMKOHJFFAT98DA,168.9,0.0,0.0,,
長治鄉,土地,德榮段764地號,2899.2,,一般農業區,農牧用地,1030519,土地1建物0車位0,,,其他,,,,0.0,0,0,0,有,無,3540000,1221,,0.0,0,,RPRNMLSLNHJFFAT17DA,0.0,0.0,0.0,,
長治鄉,土地,德榮段606地號,2829.92,,一般農業區,農牧用地,1030519,土地1建物0車位0,,,其他,,,,0.0,0,0,0,有,無,3540000,1251,,0.0,0,,RPSNMLSLNHJFFAT27DA,0.0,0.0,0.0,,
屏東市,房地(土地+建物)+車位,屏東縣屏東巿機場北路542號十二樓,17.79,住,,,1030522,土地1建物1車位1,十二層,十四層,住宅大樓(11層含以上有電梯),見其他登記事項,鋼筋混凝土造,0881204,148.82,3,2,2,有,有,2060000,13300,坡道平面,24.01,400000,,RPXNMLSKOHJFFAT77DA,82.95,0.0,11.13,,
里港鄉,土地,三張段71-36地號,906.0,,一般農業區,農牧用地,1030515,土地1建物0車位0,,,其他,,,,0.0,0,0,0,有,無,750000,828,,0.0,0,,RPQNMLKLOHJFFBT98CA,0.0,0.0,0.0,,
內埔鄉,土地,隘寮段181地號,4912.0,,一般農業區,農牧用地,1030210,土地2建物0車位0,,,其他,,,,0.0,0,0,0,有,無,8203680,1670,,0.0,0,,RPXOMLLKOHJFFCT27CA,0.0,0.0,0.0,,
竹田鄉,土地,新勢段1966地號,3293.0,,特定農業區,農牧用地,1030507,土地1建物0車位0,,,其他,,,,0.0,0,0,0,有,無,6480000,1968,,0.0,0,,RPOOMLQKOHJFFCT86CA,0.0,0.0,0.0,,
內埔鄉,土地,新埔段1342地號,2290.0,,特定農業區,農牧用地,1030401,土地1建物0車位0,,,其他,,,,0.0,0,0,0,有,無,3890000,1699,,0.0,0,,RPPOMLQKOHJFFCT96CA,0.0,0.0,0.0,,
竹田鄉,土地,美崙段1617地號,5376.0,,特定農業區,農牧用地,1030418,土地1建物0車位0,,,其他,,,,0.0,0,0,0,有,無,9970000,1855,,0.0,0,,RPQOMLQKOHJFFCT07CA,0.0,0.0,0.0,,
潮州鎮,土地,崙新段886-14地號,2791.79,,一般農業區,農牧用地,1030424,土地1建物0車位0,,,其他,,,,0.0,0,0,0,有,無,3600000,1289,,0.0,0,,RPROMLQKOHJFFCT17CA,0.0,0.0,0.0,,
竹田鄉,土地,過溝段192地號,2783.03,,特定農業區,農牧用地,1030419,土地1建物0車位0,,,其他,,,,0.0,0,0,0,有,無,4800000,1725,,0.0,0,,RPPNMLRJOHJFFCT86CA,0.0,0.0,0.0,,
內埔鄉,土地,頭鏢段127-4地號,3072.0,,一般農業區,農牧用地,1030521,土地1建物0車位0,,,其他,,,,0.0,0,0,0,有,無,4297600,1399,,0.0,0,,RPPNMLSJOHJFFCT96CA,0.0,0.0,0.0,,
內埔鄉,土地,隘寮段463地號,6435.0,,一般農業區,農牧用地,1030218,土地2建物0車位0,,,其他,,,,0.0,0,0,0,有,無,5791500,900,,0.0,0,,RPSNMLNJOHJFFCT76CA,0.0,0.0,0.0,,
潮州鎮,土地,明崙段549地號,193.09,,鄉村區,乙種建築用地,1030421,土地1建物0車位0,,,其他,,,,0.0,0,0,0,有,無,780000,4040,,0.0,0,,RPTNMLMJOHJFFCT76CA,0.0,0.0,0.0,,
萬巒鄉,土地,五溝水段690-1地號,3880.0,,一般農業區,農牧用地,1030512,土地1建物0車位0,,,其他,,,,0.0,0,0,0,有,無,1900000,490,,0.0,0,,RPPNMLLJOHJFFCT88CA,0.0,0.0,0.0,,
屏東市,房地(土地+建物),屏東縣屏東巿復興南路一段２３１巷６４之２號,28.86,,一般農業區,特定目的事業用地,1030420,土地2建物1車位0,三層,五層,公寓(5樓含以下無電梯),國民住宅,鋼筋混凝土造,0731013,87.7,3,2,2,有,無,1800000,20525,,0.0,0,,RPUNMLPJOHJFFAT96CA,76.59,0.0,0.0,,
長治鄉,土地,華榮段590地號,1109.0,,一般農業區,農牧用地,1030519,土地1建物0車位0,,,其他,,,,0.0,0,0,0,有,無,2400000,2164,,0.0,0,種植的檸檬樹一併移轉，地上並無建築物。,RPSNMLRJOHJFFAT96CA,0.0,0.0,0.0,,
屏東市,房地(土地+建物),屏東縣屏東巿台糖一街２８巷１８號二樓之二,45.73,住,,,1030513,土地1建物1車位0,二層,六層,華廈(10層含以下有電梯),住家用,鋼筋混凝土造,0870109,161.24,4,2,2,有,有,3500000,21707,,0.0,0,附有一使用權平面車位,RPTNMLRJOHJFFAT07CA,108.94,0.0,14.24,,
麟洛鄉,土地,麟仁段1010-1地號,1604.74,農,,,1030505,土地1建物0車位0,,,其他,,,,0.0,0,0,0,有,無,17000000,10594,,0.0,0,親友、員工或其他特殊關係間之交易。,RPWNMLQLNHJFFAT37CA,0.0,0.0,0.0,,
屏東市,房地(土地+建物)+車位,屏東縣屏東巿民享一路１４３號二樓之二,34.36,住,,,1030509,土地1建物1車位1,二層,五層,公寓(5樓含以下無電梯),見其他登記事項,鋼筋混凝土造,1020916,132.69,3,1,2,有,有,6600000,49740,坡道平面,10.78,0,,RPOPMLSLNHJFFAT96CA,74.97,8.86,3.97,,
麟洛鄉,土地,農場段817地號,1389.61,,一般農業區,農牧用地,1030512,土地4建物0車位0,,,其他,,,,0.0,0,0,0,有,無,2150000,1547,,0.0,0,,RPWNMLSLNHJFFAT57CA,0.0,0.0,0.0,,
屏東市,房地(土地+建物),屏東縣屏東巿自由路８５號十二樓之十三,8.79,住,,,1030411,土地2建物2車位0,十二層,十三層,套房(1房1廳1衛),住家用,鋼筋混凝土造,0831104,70.25999999999999,1,1,1,有,無,1180000,16795,,0.0,0,,RPRNMLSKOHJFFAT07CA,38.66,0.42,9.08,,
屏東市,房地(土地+建物),屏東縣屏東巿棒球路２１４巷２２之１號,45.0,住,,,1030512,土地1建物1車位0,二層,五層,華廈(10層含以下有電梯),住家用,鋼筋混凝土造,0791109,204.8,4,2,2,有,無,3000000,14648,,0.0,0,,RPUNMLSKOHJFFAT37CA,125.07,0.0,19.33,,
長治鄉,房地(土地+建物),屏東縣長治鄉合興路５巷１２號,175.94,住,,,1030501,土地3建物1車位0,全,三層,透天厝,住家用,鋼筋混凝土造,1030120,201.32,5,2,3,有,無,7780000,38645,,0.0,0,,RPSNMLQKOHJFFAT96CA,190.0,0.0,11.32,,
屏東市,土地,玉成段807-1地號,132.15,,鄉村區,乙種建築用地,1030513,土地1建物0車位0,,,其他,,,,0.0,0,0,0,有,無,1825000,13810,,0.0,0,含增建或未登記建物。,RPSOMLSLNHJFFAT27CA,0.0,0.0,0.0,,
屏東市,土地,玉成段807地號,130.84,,鄉村區,乙種建築用地,1030513,土地1建物0車位0,,,其他,,,,0.0,0,0,0,有,無,1925000,14713,,0.0,0,含增建或未登記建物。,RPTOMLSLNHJFFAT37CA,0.0,0.0,0.0,,
九如鄉,房地(土地+建物),屏東縣九如鄉東都街４５巷１弄１１號,67.29,住,,,1030512,土地4建物1車位0,全,四層,透天厝,見其他登記事項,鋼筋混凝土造,0881029,137.91,4,2,3,有,無,2750000,19941,,0.0,0,,RPVNMLSLNHJFFAT47CA,121.64,0.0,16.27,,
屏東市,房地(土地+建物),屏東縣屏東巿民貴三街２７之４號,29.0,住,,,1030416,土地1建物1車位0,五層,五層,公寓(5樓含以下無電梯),住家用,鋼筋混凝土造,0750621,103.99,1,1,1,有,無,790000,7597,,0.0,0,,RPVNMLTLNHJFFAT57CA,73.55,0.0,19.05,,
長治鄉,土地,番子寮段44-1地號,4241.0,,一般農業區,農牧用地,1030520,土地1建物0車位0,,,其他,,,,0.0,0,0,0,有,無,2840000,670,,0.0,0,無路,RPOPMLTLNHJFFAT07CA,0.0,0.0,0.0,,
萬丹鄉,房地(土地+建物),屏東縣萬丹鄉新南路４２８號,132.21,,鄉村區,乙種建築用地,1030419,土地1建物1車位0,全,二層,透天厝,住家用,加強磚造,0791211,167.18,3,1,2,有,無,1000000,5982,,0.0,0,,RPWNMLNJOHJFFAT96CA,163.81,3.37,0.0,,
萬丹鄉,房地(土地+建物),屏東縣萬丹鄉崙中路81巷236號,75.02,,特定農業區,甲種建築用地,1030509,土地2建物1車位0,全,三層,透天厝,住家用,鋼筋混凝土造,0880310,136.65,4,2,3,有,無,1800000,13172,,0.0,0,,RPTNMLNJOHJFFAT66CA,93.66,25.07,17.92,,
麟洛鄉,土地,麟平段486地號,2344.95,,一般農業區,農牧用地,1030425,土地1建物0車位0,,,其他,,,,0.0,0,0,0,有,無,6800000,2900,,0.0,0,,RPOOMLKMNHJFFAT78CA,0.0,0.0,0.0,,
屏東市,房地(土地+建物),屏東縣屏東巿勝利路３２２巷１之３號,37.6,住,,,1030508,土地2建物1車位0,四層,五層,公寓(5樓含以下無電梯),見其他登記事項,鋼筋混凝土造,0720620,89.21000000000001,3,2,2,有,無,1680000,18832,,0.0,0,,RPXNMLTLNHJFFAT77CA,77.0,0.0,0.0,,
屏東市,房地(土地+建物),屏東縣屏東巿大連路２０巷３弄２４號,82.0,住,,,1030506,土地1建物1車位0,全,一層,透天厝,住家用,磚造,,42.9,1,0,1,有,無,1500000,34965,,0.0,0,,RPPOMLTLNHJFFAT07CA,0.0,0.0,0.0,,
屏東市,房地(土地+建物),屏東縣屏東巿大連路２０巷３弄２６號,87.0,住,,,1030506,土地1建物1車位0,全,一層,透天厝,住家用,見其他登記事項,0640818,42.9,1,0,1,有,無,2300000,53613,,0.0,0,,RPQOMLTLNHJFFAT17CA,0.0,0.0,0.0,,
屏東市,房地(土地+建物),屏東縣屏東巿機場北路５６８號二樓,22.54,住,,,1030507,土地1建物1車位0,二層,十四層,住宅大樓(11層含以上有電梯),見其他登記事項,鋼筋混凝土造,0881204,157.56,4,2,2,有,有,3070000,19485,,0.0,0,,RPPNMLRJOHJFFAT66CA,105.8,0.0,16.23,,
萬丹鄉,土地,社安段411地號,1394.0,,特定農業區,農牧用地,1030519,土地1建物0車位0,,,其他,,,,0.0,0,0,0,有,無,2369800,1700,,0.0,0,親友、員工或其他特殊關係間之交易。,RPQOMLTJOHJFFAT07CA,0.0,0.0,0.0,,
屏東市,土地,北勢段810-43地號,0.6,住,,,1030512,土地1建物0車位0,,,其他,,,,0.0,0,0,0,有,無,15000,0,,0.0,0,,RPUOMLLKOHJFFAT76CA,0.0,0.0,0.0,,
內埔鄉,土地,復興段421-1地號,1960.99,住,,,1030501,土地2建物0車位0,,,其他,,,,0.0,0,0,0,有,無,40000000,20398,,0.0,0,,RPQNMLSJOHJFFCT07CA,0.0,0.0,0.0,,
內埔鄉,房地(土地+建物),屏東縣內埔鄉大同路四段東金巷１０５號,579.0,,鄉村區,乙種建築用地,1030425,土地1建物1車位0,全,四層,透天厝,住家用,鋼筋混凝土造,0920623,1386.01,74,0,74,有,無,23800000,17172,,0.0,0,,RPSNMLPJOHJFFCT96CA,1301.0,29.57,55.44,,
新埤鄉,土地,打鐵段714-5地號,13825.72,,一般農業區,農牧用地,1030505,土地2建物0車位0,,,其他,,,,0.0,0,0,0,有,無,6150000,445,,0.0,0,,RPRNMLQKOHJFFCT07CA,0.0,0.0,0.0,,
竹田鄉,土地,新田段1005地號,1252.0,,特定農業區,農牧用地,1030505,土地1建物0車位0,,,其他,,,,0.0,0,0,0,有,無,2150000,1717,,0.0,0,,RPVNMLKKOHJFFCT86CA,0.0,0.0,0.0,,
鹽埔鄉,房地(土地+建物),屏東縣鹽埔鄉洛寧路９８之２號及洛寧路８８號,183.9,,一般農業區,甲種建築用地,1030420,土地2建物2車位0,全,三層,透天厝,住家用,鋼筋混凝土造,0920424,200.99,5,3,4,有,無,6200000,30847,,0.0,0,,RPPNMLOKOHJFFBT56CA,166.98,0.0,33.32,,
三地門鄉,房地(土地+建物),屏東縣三地門鄉中正路二段９１巷２號,119.0,,鄉村區,乙種建築用地,1030516,土地1建物1車位0,全,二層,透天厝,國民住宅,加強磚造,0770512,125.79,4,1,2,有,無,500000,3975,,0.0,0,親友、員工或其他特殊關係間之交易。,RPSNMLSKOHJFFBT27CA,116.17,3.62,6.0,,
三地門鄉,土地,賽嘉段154地號,460.0,,山坡地保育區,農牧用地,1021231,土地1建物0車位0,,,其他,,,,0.0,0,0,0,有,無,250000,543,,0.0,0,,RPTNMLSKOHJFFBT37CA,0.0,0.0,0.0,,
高樹鄉,土地,阿拔泉段594-1471地號,8682.0,,一般農業區,農牧用地,1030519,土地2建物0車位0,,,其他,,,,0.0,0,0,0,有,無,21930993,2526,,0.0,0,,RPPNMLNJOHJFFBT98CA,0.0,0.0,0.0,,
鹽埔鄉,土地,洛陽段1105地號,3254.78,,一般農業區,農牧用地,1030512,土地1建物0車位0,,,其他,,,,0.0,0,0,0,有,無,3700000,1137,,0.0,0,,RPSNMLNJOHJFFBT66CA,0.0,0.0,0.0,,
屏東市,房地(土地+建物),屏東縣屏東巿機場北路748號七樓,17.79,住,,,1030527,土地1建物1車位0,七層,十四層,住宅大樓(11層含以上有電梯),見其他登記事項,鋼筋混凝土造,0881204,125.37,3,2,2,有,有,2470000,19702,,0.0,0,,RPRNMLQLOHJFFAT07DA,83.51,0.0,11.13,,
屏東市,房地(土地+建物),屏東縣屏東巿清進巷25之16號,90.0,,鄉村區,乙種建築用地,1030508,土地1建物1車位0,全,三層,透天厝,住家用,鋼筋混凝土造,0791217,167.65,7,1,3,有,無,2500000,14912,,0.0,0,,RPTNMLSLNHJFFAT37DA,152.43,6.37,8.85,,
屏東市,土地,民生段446地號,126.0,住,,,1030513,土地1建物0車位0,,,其他,,,,0.0,0,0,0,有,無,1524600,12100,,0.0,0,含增建或未登記建物。,RPPPMLTLNHJFFAT27DA,0.0,0.0,0.0,,
屏東市,土地,大同段632-11地號,77.0,住,,,1030513,土地2建物0車位0,,,其他,,,,0.0,0,0,0,有,無,1609300,20900,,0.0,0,向政府機關承購之案件。,RPOOMLTLNHJFFAT07DA,0.0,0.0,0.0,,
屏東市,房地(土地+建物),屏東縣屏東巿華正路26號,87.0,住,,,1030514,土地1建物1車位0,全,四層,透天厝,住商用,鋼筋混凝土造,0780904,236.26,3,2,4,有,無,7000000,29628,,0.0,0,,RPQNMLNJOHJFFAT09DA,232.25,4.01,0.0,,
新埤鄉,土地,上萬安段269地號,3516.89,,一般農業區,農牧用地,1030515,土地1建物0車位0,,,其他,,,,0.0,0,0,0,有,無,2880000,819,,0.0,0,,RPTNMLRLNHJFFCT47DA,0.0,0.0,0.0,,
內埔鄉,房地(土地+建物),屏東縣內埔鄉福泰路107巷37號2f,11.31,,鄉村區,乙種建築用地,1030514,土地1建物1車位0,二層,六層,套房(1房1廳1衛),住家用,鋼筋混凝土造,0840505,23.25,1,0,1,有,有,370000,15914,,0.0,0,,RPUNMLRLNHJFFCT57DA,19.64,0.6,3.01,,
內埔鄉,土地,壽比段797地號,431.46,,一般農業區,農牧用地,1030513,土地1建物0車位0,,,其他,,,,0.0,0,0,0,有,無,300000,695,,0.0,0,,RPOOMLKMNHJFFCT09DA,0.0,0.0,0.0,,
鹽埔鄉,土地,中段336-1地號,104.13,其他,,,1030429,土地1建物0車位0,,,其他,,,,0.0,0,0,0,有,無,700000,6722,,0.0,0,,RPVNMLRKOHJFFBT57DA,0.0,0.0,0.0,,
恆春鎮,土地,恆東段379地號,14.14,住,,,1030415,土地1建物0車位0,,,其他,,,,0.0,0,0,0,有,無,256557,18144,,0.0,0,畸零地或有合併使用之交易。,RPTNMLKKOHJFFET86CA,0.0,0.0,0.0,,
恆春鎮,建物,屏東縣恆春鎮紅柴路３４號,0.0,,,,1030508,土地0建物1車位0,全,二層,透天厝,住家用,加強磚造,0831202,134.94,3,2,2,有,無,625000,4632,,0.0,0,1.依據當事人不動產成交案件實際資訊確認書登載2.二、三等親屬關係間之交易。,RPPNMLLJOHJFFET09CA,0.0,0.0,0.0,,
恆春鎮,建物,屏東縣恆春鎮紅柴路34-1號,0.0,,,,1030508,土地0建物1車位0,全,二層,透天厝,住家用,加強磚造,0831202,134.94,3,2,2,有,無,625000,4632,,0.0,0,1.依據當事人不動產成交案件實際資訊確認書登載2.二、三等親屬關係間之交易。,SPPNMLLJOHJFFET56CA,0.0,0.0,0.0,,
枋寮鄉,房地(土地+建物),屏東縣枋寮鄉復興路１０６巷６５號,91.93,住,,,1030520,土地1建物1車位0,全,二層,透天厝,住商用,鋼筋混凝土造,0720911,105.13,3,1,2,有,無,1600000,15219,,0.0,0,,RPQNMLTLNHJFFFT57CA,105.13,0.0,0.0,,
佳冬鄉,土地,昌北段722-3地號,1304.48,,鄉村區,乙種建築用地,1030513,土地2建物0車位0,,,其他,,,,0.0,0,0,0,有,無,9000000,6899,,0.0,0,,RPPNMLLMNHJFFFT76CA,0.0,0.0,0.0,,
枋寮鄉,房地(土地+建物),屏東縣枋寮鄉中山路二段２０９巷６２號,74.3,住,,,1030507,土地1建物1車位0,全,二層,透天厝,住家用,鋼筋混凝土造,0800211,103.05,3,2,2,有,無,2100000,20378,,0.0,0,,RPUNMLQJOHJFFFT57CA,88.08,14.97,0.0,,
枋寮鄉,土地,新地段1456地號,7366.55,,一般農業區,農牧用地,1021030,土地7建物0車位0,,,其他,,,,0.0,0,0,0,有,無,7214300,979,,0.0,0,現況為漁塭，連同地上養殖設施,RPVNMLQJOHJFFFT67CA,0.0,0.0,0.0,,
枋寮鄉,土地,三民段87地號,4733.82,,一般農業區,農牧用地,1030417,土地2建物0車位0,,,其他,,,,0.0,0,0,0,有,無,6300000,1331,,0.0,0,,RPPNMLSJOHJFFFT27CA,0.0,0.0,0.0,,
東港鎮,房地(土地+建物),屏東縣東港鎮船頭路３３之３號,2199.31,工,,,1030416,土地5建物3車位0,一層,一層,工廠,見其他登記事項,鋼造,0680728,385.61,0,0,1,有,無,16632302,,,0.0,0,工廠.辦公室.守衛室,RPXNMLSLNHJFFDT97CA,385.61,0.0,0.0,,
新園鄉,土地,新堤段60地號,3101.99,,一般農業區,農牧用地,1030513,土地1建物0車位0,,,其他,,,,0.0,0,0,0,有,無,5212987,1681,,0.0,0,,RPRNMLNJOHJFFDT76CA,0.0,0.0,0.0,,
東港鎮,房地(土地+建物),屏東縣東港鎮明德一路３６６巷１２號,113.28,住,,,1030515,土地1建物1車位0,全,三層,透天厝,住宅,鋼筋混凝土構造,1030128,210.48,5,2,3,有,無,9000000,42759,,0.0,0,,RPPNMLNJOHJFFDT56CA,186.56,4.65,19.27,,
內埔鄉,土地,新東勢段515地號,1259.0,,一般農業區,農牧用地,1030501,土地1建物0車位0,,,其他,,,,0.0,0,0,0,有,無,1200000,953,,0.0,0,,RPSNMLNLOHJFFCT96CA,0.0,0.0,0.0,,
潮州鎮,房地(土地+建物),屏東縣潮州鎮光明路９３號三樓之五,40.71,,鄉村區,乙種建築用地,1030505,土地1建物1車位0,三層,五層,公寓(5樓含以下無電梯),住家用,鋼筋混凝土造,0820501,132.51,3,2,2,有,無,1400000,10565,,0.0,0,,RPSNMLQLOHJFFCT27CA,95.6,0.0,11.99,,
佳冬鄉,房地(土地+建物),屏東縣佳冬鄉民治街1巷2號,120.1,住,,,1030428,土地2建物1車位0,全,三層,透天厝,住家用,鋼筋混凝土造,0840401,127.9,4,1,2,有,無,1560000,12197,,0.0,0,,RPPNMLRLNHJFFFT37DA,111.91,5.33,10.66,,
東港鎮,房地(土地+建物),屏東縣東港鎮明德一路366巷18號,113.27,住,,,1030508,土地1建物1車位0,全,三層,透天厝,住宅,鋼筋混凝土構造,1030128,210.48,5,2,4,有,無,8950000,42522,,0.0,0,,RPVNMLSLNHJFFDT87DA,186.56,4.65,19.27,,
里港鄉,土地,瀰力肚段5-289地號,5000.0,,一般農業區,農牧用地,1030521,土地1建物0車位0,,,其他,,,,0.0,0,0,0,有,無,7500000,1500,,0.0,0,,RPSNMLSLNHJFFBT47EA,0.0,0.0,0.0,,
內埔鄉,土地,新東勢段76-3地號,4062.0,,一般農業區,農牧用地,1030410,土地1建物0車位0,,,其他,,,,0.0,0,0,0,有,無,4900000,1206,,0.0,0,,RPTNMLNLOHJFFCT07CA,0.0,0.0,0.0,,
新園鄉,土地,興厝段834-1地號,2800.0,,一般農業區,農牧用地,1030519,土地1建物0車位0,,,其他,,,,0.0,0,0,0,有,無,3490000,1246,,0.0,0,,RPQOMLKMNHJFFDT66CA,0.0,0.0,0.0,,
新園鄉,土地,興厝段834地號,3261.39,,一般農業區,農牧用地,1030519,土地1建物0車位0,,,其他,,,,0.0,0,0,0,有,無,3490000,1070,,0.0,0,,RPOOMLKMNHJFFDT09CA,0.0,0.0,0.0,,
東港鎮,土地,大潭新庄段628地號,56.94,,鄉村區,乙種建築用地,1030516,土地1建物0車位0,,,其他,,,,0.0,0,0,0,有,無,600000,10537,,0.0,0,,RPUNMLKMNHJFFDT96CA,0.0,0.0,0.0,,
東港鎮,房地(土地+建物),屏東縣東港鎮沿海路２３３號七樓,33.29,住,,,1030516,土地1建物1車位0,七層,七層,住宅大樓(11層含以上有電梯),住家用,鋼筋混凝土造,0830905,118.19,4,2,2,有,無,2900000,24537,,0.0,0,,RPTNMLTLNHJFFDT67CA,107.65,1.9,8.64,,
東港鎮,房地(土地+建物),屏東縣東港鎮下部路１８之２３號,110.91,,鄉村區,乙種建築用地,1030507,土地2建物1車位0,全,二層,透天厝,住家用,鋼筋混凝土造,0830118,106.02,3,1,2,有,無,2200000,20751,,0.0,0,,RPQNMLOJOHJFFDT76CA,91.62,10.08,4.32,,
東港鎮,房地(土地+建物),屏東縣東港鎮船頭路２５之１６３號,111.75,住,,,1030328,土地1建物1車位0,全,二層,透天厝,店舖、住宅,鋼筋混凝土造,0761002,152.83,6,2,3,有,無,6000000,39259,,0.0,0,二等親間分家產之買賣,RPQNMLSKOHJFFDT27CA,146.64,6.19,0.0,,
枋山鄉,土地,楓港段44-5地號,1771.0,,一般農業區,農牧用地,1030519,土地1建物0車位0,,,其他,,,,0.0,0,0,0,有,無,900000,508,,0.0,0,,RPUNMLKKOHJFFFT07CA,0.0,0.0,0.0,,
枋寮鄉,土地,隆山北段456地號,1558.58,,一般農業區,農牧用地,1020512,土地2建物0車位0,,,其他,,,,0.0,0,0,0,有,無,1928400,1237,,0.0,0,,RPPNMLTLNHJFFFT47CA,0.0,0.0,0.0,,
恆春鎮,房地(土地+建物),屏東縣恆春鎮南灣路鞍山巷３０號三樓之一一,18.28,,國家公園區,,1030506,土地1建物1車位0,三層,三層,套房(1房1廳1衛),住家用,鋼筋混凝土造,0831209,42.96,1,1,1,有,無,600000,13966,,0.0,0,,RPTNMLKMNHJFFET96CA,23.2,0.0,0.0,,
鹽埔鄉,土地,中段745地號,141.79,住,,,1030516,土地1建物0車位0,,,其他,,,,0.0,0,0,0,有,無,567160,4000,,0.0,0,二等親買賣。,RPSNMLRKOHJFFBT27DA,0.0,0.0,0.0,,
鹽埔鄉,土地,彭新段935地號,2912.84,,一般農業區,農牧用地,1030512,土地1建物0車位0,,,其他,,,,0.0,0,0,0,有,無,3600000,1236,,0.0,0,,RPVNMLPLOHJFFBT47DA,0.0,0.0,0.0,,
鹽埔鄉,土地,仕絨段516地號,5175.0,,一般農業區,農牧用地,1030512,土地1建物0車位0,,,其他,,,,0.0,0,0,0,有,無,3837600,742,,0.0,0,,RPUNMLRKOHJFFBT47DA,0.0,0.0,0.0,,
屏東市,房地(土地+建物)+車位,屏東縣屏東巿和生路一段76號4樓,17.4,住,,,1030520,土地1建物1車位1,四層,十三層,住宅大樓(11層含以上有電梯),見其他登記事項,鋼筋混凝土造,0900118,163.22,3,2,2,有,有,2600000,15929,坡道平面,20.53,0,親友、員工或其他特殊關係間之交易。,RPQOMLNJOHJFFAT56DA,94.06,5.32,10.87,,
高樹鄉,土地,舊寮段149-3229地號,4082.0,,山坡地保育區,林業用地,1030506,土地2建物0車位0,,,其他,,,,0.0,0,0,0,有,無,2800000,686,,0.0,0,,RPRNMLRJOHJFFBT96CA,0.0,0.0,0.0,,
潮州鎮,房地(土地+建物),屏東縣潮州鎮環龍路２巷１之５號,78.37,,鄉村區,乙種建築用地,1030516,土地1建物1車位0,全,二層,透天厝,住商用,鋼筋混凝土造,0710503,86.8,3,2,2,有,無,2300000,26498,,0.0,0,,RPWNMLKKOHJFFCT96CA,86.8,0.0,0.0,,
內埔鄉,土地,早角段537-2地號,1526.74,,一般農業區,農牧用地,1020220,土地2建物0車位0,,,其他,,,,0.0,0,0,0,有,無,2125021,1392,,0.0,0,,RPUNMLSJOHJFFCT47CA,0.0,0.0,0.0,,
內埔鄉,房地(土地+建物),屏東縣內埔鄉原勝路１１７號,67.18,住,,,1030502,土地1建物1車位0,全,二層,透天厝,住商用,鋼筋混凝土造,06108,116.34,3,1,2,有,無,2700000,23208,,0.0,0,,RPUOMLPJOHJFFCT27CA,116.34,0.0,0.0,,
潮州鎮,房地(土地+建物),屏東縣潮州鎮東華路４５號,66.51,住,,,1030509,土地1建物1車位0,全,二層,透天厝,住商用,鋼筋混凝土加強磚造,0641104,99.2,3,2,2,有,無,2600000,26210,,0.0,0,,RPVNMLPJOHJFFCT27CA,99.2,0.0,0.0,,
竹田鄉,土地,新田段2073地號,2055.0,,特定農業區,農牧用地,1030505,土地2建物0車位0,,,其他,,,,0.0,0,0,0,有,無,2800000,1363,,0.0,0,,RPWNMLPJOHJFFCT37CA,0.0,0.0,0.0,,
內埔鄉,土地,早角段537地號,1050.34,,一般農業區,農牧用地,1030312,土地2建物0車位0,,,其他,,,,0.0,0,0,0,有,無,1750000,1666,,0.0,0,,RPSNMLSJOHJFFCT27CA,0.0,0.0,0.0,,
萬巒鄉,土地,五溝水段959-5地號,5294.0,,一般農業區,農牧用地,1030519,土地1建物0車位0,,,其他,,,,0.0,0,0,0,有,無,2456000,464,,0.0,0,,RPRNMLTLNHJFFCT37CA,0.0,0.0,0.0,,
內埔鄉,房地(土地+建物),屏東縣內埔鄉學興路２８巷１６號七樓,22.02,住,,,1030425,土地1建物1車位0,七層,八層,華廈(10層含以下有電梯),住家用,鋼筋混凝土造,0840120,122.05000000000001,3,2,2,有,有,1530000,12536,,0.0,0,,RPTNMLTLNHJFFCT57CA,80.22,1.9,7.83,,
內埔鄉,房地(土地+建物),屏東縣內埔鄉惠陽街３２號三樓,29.73,住,,,1030430,土地1建物1車位0,三層,六層,華廈(10層含以下有電梯),住家用,鋼筋混凝土造,0830915,130.06,3,2,2,有,無,2500000,19222,,0.0,0,,RPPOMLTLNHJFFCT27CA,84.44,0.0,8.97,,
潮州鎮,土地,蓬萊段389地號,456.25,,鄉村區,乙種建築用地,1030509,土地1建物0車位0,,,其他,,,,0.0,0,0,0,有,無,4600000,10082,,0.0,0,,RPQOMLTLNHJFFCT37CA,0.0,0.0,0.0,,
屏東市,房地(土地+建物),屏東縣屏東巿崇蘭里崇蘭１００之３９號,87.89,住,,,1030516,土地4建物1車位0,全,四層,透天厝,見其他登記事項,鋼筋混凝土造,1011101,208.68,5,2,5,有,無,6600000,31627,,0.0,0,,RPVOMLLKOHJFFAT86CA,191.31,0.0,17.37,,
屏東市,土地,溝美段539-3地號,332.0,住,,,1030519,土地1建物0車位0,,,其他,,,,0.0,0,0,0,有,無,17575200,52937,,0.0,0,,RPWOMLLKOHJFFAT96CA,0.0,0.0,0.0,,
屏東市,房地(土地+建物),屏東縣屏東巿崇勇街２之２號,168.36,住,,,1030509,土地4建物1車位0,全,四層,透天厝,見其他登記事項,鋼筋混凝土造,1021025,170.39,4,2,3,有,無,7610000,44662,,0.0,0,,RPUNMLQJOHJFFAT07CA,168.32,0.0,2.07,,
屏東市,房地(土地+建物),屏東縣屏東巿機場北路７９８號六樓,12.65,住,,,1030521,土地1建物1車位0,六層,十四層,住宅大樓(11層含以上有電梯),見其他登記事項,鋼筋混凝土造,0881204,87.23,2,2,1,有,有,1920000,22011,,0.0,0,,RPVNMLKMNHJFFAT76CA,60.66,0.0,6.4,,
屏東市,房地(土地+建物),屏東縣屏東巿古松西巷３１７弄３７號,77.44,住,,,1030507,土地2建物1車位0,全,三層,透天厝,見其他登記事項,鋼筋混凝土造,0910322,141.55,3,2,3,有,無,4380000,30943,,0.0,0,,RPWNMLKMNHJFFAT86CA,141.55,0.0,0.0,,
萬丹鄉,土地,灣內段71地號,681.0,,特定農業區,農牧用地,1030518,土地1建物0車位0,,,其他,,,,0.0,0,0,0,有,無,3000000,4405,,0.0,0,親友、員工或其他特殊關係間之交易。,RPROMLNJOHJFFAT56CA,0.0,0.0,0.0,,
萬丹鄉,土地,崙頂段2210-4地號,78.4,,鄉村區,乙種建築用地,1030415,土地2建物0車位0,,,其他,,,,0.0,0,0,0,有,無,325010,4146,,0.0,0,親友、員工或其他特殊關係間之交易。,RPOPMLOJOHJFFAT09CA,0.0,0.0,0.0,,
萬丹鄉,土地,崙頂段2268-18地號,80.0,,鄉村區,乙種建築用地,1030415,土地1建物0車位0,,,其他,,,,0.0,0,0,0,有,無,296000,3700,,0.0,0,親友、員工或其他特殊關係間之交易。,RPPPMLOJOHJFFAT56CA,0.0,0.0,0.0,,
萬丹鄉,土地,崙頂段2210-2地號,344.0,,鄉村區,乙種建築用地,1030509,土地1建物0車位0,,,其他,,,,0.0,0,0,0,有,無,1272800,3700,,0.0,0,親友、員工或其他特殊關係間之交易。,RPQPMLOJOHJFFAT66CA,0.0,0.0,0.0,,
萬丹鄉,土地,崙頂段2210-13地號,103.0,,鄉村區,乙種建築用地,1030415,土地1建物0車位0,,,其他,,,,0.0,0,0,0,有,無,432600,4200,,0.0,0,親友、員工或其他特殊關係間之交易。,RPRPMLOJOHJFFAT76CA,0.0,0.0,0.0,,
屏東市,房地(土地+建物),屏東縣屏東巿復興南路一段２３１巷４４之４號,29.71,,一般農業區,特定目的事業用地,1030505,土地2建物1車位0,五層,五層,公寓(5樓含以下無電梯),國民住宅,鋼筋混凝土造,0730316,90.45,3,2,2,有,無,800000,8845,,0.0,0,國民住宅,RPSPMLSLNHJFFAT37CA,79.34,0.0,0.0,,
屏東市,房地(土地+建物),屏東縣屏東巿機場北路５９０號十樓,22.54,住,,,1030507,土地1建物1車位0,十層,十四層,住宅大樓(11層含以上有電梯),見其他登記事項,鋼筋混凝土造,0881204,182.9,3,2,2,有,有,2750000,15036,,0.0,0,,RPQNMLTLNHJFFAT07CA,108.2,0.0,15.16,,
長治鄉,房地(土地+建物),屏東縣長治鄉合興路２０８巷２３之１１號,85.33,住,,,1030516,土地1建物1車位0,全,三層,透天厝,住家用,鋼筋混凝土造,0850627,158.77,4,2,3,有,無,4200000,26453,,0.0,0,,RPUNMLQKOHJFFAT17CA,144.75,6.6,7.42,,
屏東市,房地(土地+建物),屏東縣屏東巿民生路３９號,111.0,住,,,1030521,土地2建物1車位0,一層，二層，三層，騎樓,三層,店面(店鋪),住商用,鋼筋混凝土造,0590511,178.12,4,2,3,有,無,10800000,60633,,0.0,0,,RPROMLRKOHJFFAT07CA,178.12,0.0,0.0,,
萬丹鄉,房地(土地+建物),屏東縣萬丹鄉崙中路８１巷２３２號,76.39,,特定農業區,甲種建築用地,1030421,土地2建物1車位0,全,三層,透天厝,住家用,鋼筋混凝土造,0880310,129.78,4,2,3,有,無,2200000,16952,,0.0,0,,RPUNMLNKOHJFFAT86CA,89.4,25.07,15.31,,
屏東市,房地(土地+建物),屏東縣屏東巿高原街９８之３號,82.21,住,,,1030521,土地3建物1車位0,全,四層,透天厝,見其他登記事項,鋼筋混凝土造,1021227,162.65,4,2,3,有,無,6550000,40271,,0.0,0,,RPRPMLPLOHJFFAT07CA,151.99,0.0,10.66,,
萬丹鄉,房地(土地+建物),屏東縣萬丹鄉後村村後庄路196號,101.0,,鄉村區,乙種建築用地,1030501,土地1建物1車位0,全,三層,透天厝,住家用,鋼筋混凝土造,0810801,125.03,5,2,2,有,無,2000000,15996,,0.0,0,,RPTPMLOJOHJFFAT96CA,125.03,0.0,0.0,,
屏東市,房地(土地+建物),屏東縣屏東巿華盛街３號八樓之三,45.61,住,,,1030417,土地1建物1車位0,八層,十四層,住宅大樓(11層含以上有電梯),見其他登記事項,鋼筋混凝土造,0930909,181.01,3,2,2,有,無,2850000,15745,,0.0,0,公共設施含車位,RPSNMLOJOHJFFAT66CA,102.59,0.0,11.69,,
萬丹鄉,土地,廣安段447地號,2188.8,,特定農業區,農牧用地,1030430,土地1建物0車位0,,,其他,,,,0.0,0,0,0,有,無,6500000,2970,,0.0,0,,RPOOMLNJOHJFFAT88CA,0.0,0.0,0.0,,
萬丹鄉,土地,頂新段373地號,3793.14,,特定農業區,農牧用地,1030520,土地1建物0車位0,,,其他,,,,0.0,0,0,0,有,無,7350000,1938,,0.0,0,含地上未保存建物全部,RPPOMLNJOHJFFAT98CA,0.0,0.0,0.0,,
長治鄉,土地,榮華段1310地號,2412.98,,一般農業區,農牧用地,1030519,土地1建物0車位0,,,其他,,,,0.0,0,0,0,有,無,1990000,825,,0.0,0,,RPUOMLNJOHJFFAT86CA,0.0,0.0,0.0,,
屏東市,房地(土地+建物),屏東縣屏東巿機場北路６３８號七樓,8.7,住,,,1030505,土地1建物1車位0,七層,十四層,住宅大樓(11層含以上有電梯),見其他登記事項,鋼筋混凝土造,0881204,61.54,2,1,1,有,有,1320000,21449,,0.0,0,,RPVOMLNJOHJFFAT96CA,37.64,0.0,9.5,,
屏東市,房地(土地+建物),屏東縣屏東巿中正路４０１巷８號,100.0,住,,,1030501,土地1建物1車位0,全,二層,透天厝,住商用,加強磚造,0700326,93.19,3,1,2,有,無,2500000,26827,,0.0,0,,RPWOMLTLNHJFFAT77CA,88.13,5.06,0.0,,
九如鄉,土地,九塊段322-7地號,7762.0,,一般農業區,農牧用地,1030509,土地6建物0車位0,,,其他,,,,0.0,0,0,0,有,無,7970000,1027,,0.0,0,,RPXOMLTLNHJFFAT87CA,0.0,0.0,0.0,,
九如鄉,土地,彭厝段1399-3地號,2665.0,,一般農業區,農牧用地,1030513,土地3建物0車位0,,,其他,,,,0.0,0,0,0,有,無,5700000,2139,,0.0,0,,RPQOMLKMNHJFFAT98CA,0.0,0.0,0.0,,
萬丹鄉,土地,萬惠段675-3地號,113.0,住,,,1030519,土地1建物0車位0,,,其他,,,,0.0,0,0,0,有,無,2150000,19027,,0.0,0,,RPVNMLPJOHJFFAT07CA,0.0,0.0,0.0,,
萬丹鄉,土地,田厝段525-1地號,719.0,,特定農業區,農牧用地,1030505,土地1建物0車位0,,,其他,,,,0.0,0,0,0,有,無,4200000,5841,,0.0,0,,RPSNMLPJOHJFFAT76CA,0.0,0.0,0.0,,
屏東市,房地(土地+建物),屏東縣屏東巿公裕街３８３巷３６弄２２號,112.67,住,,,1030519,土地3建物1車位0,全,三層,透天厝,住家用,鋼筋混凝土造,1020313,171.87,5,2,3,有,無,9000000,52365,,0.0,0,,RPXNMLQJOHJFFAT37CA,158.46,0.0,13.41,,
屏東市,房地(土地+建物),屏東縣屏東巿台糖一街１５巷２號之３,83.04,住,,,1030512,土地2建物1車位0,四層,四層,公寓(5樓含以下無電梯),住家用,鋼筋混凝土造,0670422,78.96,3,1,1,有,無,1930000,24443,,0.0,0,,RPPOMLQJOHJFFAT66CA,78.96,0.0,0.0,,
屏東市,房地(土地+建物)+車位,屏東縣屏東巿豐年街２０７巷８之４號,43.99,住,,,1030505,土地1建物1車位1,五層,五層,華廈(10層含以下有電梯),住家用,鋼筋混凝土造,0820427,184.07,4,2,2,有,有,3330000,18091,坡道平面,0.0,0,,RPTNMLMKOHJFFAT66CA,113.48,0.0,12.56,,
屏東市,房地(土地+建物),屏東縣屏東巿桂林街１５號,206.0,住,,,1030501,土地2建物1車位0,全,一層,透天厝,住家用,見其他登記事項,,157.46,3,2,1,有,無,10500000,66684,,0.0,0,,RPROMLKKOHJFFAT98CA,0.0,0.0,0.0,,
內埔鄉,房地(土地+建物),屏東縣內埔鄉安和巷１８號四樓,23.8,,鄉村區,乙種建築用地,1030517,土地1建物1車位0,四層,五層,公寓(5樓含以下無電梯),住家用,鋼筋混凝土造,0840719,69.36,2,1,1,有,無,750000,10813,,0.0,0,,RPPNMLKMNHJFFCT98CA,51.37,0.0,6.83,,
泰武鄉,土地,泰武段576地號,2396.67,,山坡地保育區,農牧用地,1030512,土地1建物0車位0,,,其他,,,,0.0,0,0,0,有,無,95860,40,,0.0,0,,RPQNMLKMNHJFFCT09CA,0.0,0.0,0.0,,
新埤鄉,土地,上萬安段285地號,18124.69,,一般農業區,農牧用地,1030512,土地1建物0車位0,,,其他,,,,0.0,0,0,0,有,無,14948800,825,,0.0,0,,RPRNMLNJOHJFFCT66CA,0.0,0.0,0.0,,
內埔鄉,土地,早角段537-3地號,1808.7,,一般農業區,農牧用地,1030314,土地2建物0車位0,,,其他,,,,0.0,0,0,0,有,無,2741200,1516,,0.0,0,,RPTNMLSJOHJFFCT37CA,0.0,0.0,0.0,,
潮州鎮,土地,崙新段977-2地號,1388.6,,一般農業區,農牧用地,1030520,土地1建物0車位0,,,其他,,,,0.0,0,0,0,有,無,2450000,1764,,0.0,0,,RPTNMLPJOHJFFCT07CA,0.0,0.0,0.0,,
內埔鄉,土地,新埔段703-1地號,221.0,,,,1030327,土地1建物0車位0,,,其他,,,,0.0,0,0,0,有,無,5362000,24262,,0.0,0,,RPRNMLOJOHJFFCT76CA,0.0,0.0,0.0,,
內埔鄉,土地,新埔段1572地號,2346.0,,特定農業區,農牧用地,1030407,土地1建物0車位0,,,其他,,,,0.0,0,0,0,有,無,5060000,2157,,0.0,0,,RPOPMLLKOHJFFCT09CA,0.0,0.0,0.0,,
內埔鄉,土地,東寧段44-1地號,40.45,住,,,1030509,土地4建物0車位0,,,其他,,,,0.0,0,0,0,有,無,995475,24610,,0.0,0,向政府機關承購之案件。,RPSOMLQKOHJFFCT27CA,0.0,0.0,0.0,,
高樹鄉,土地,埔崙段726地號,3761.0,,一般農業區,農牧用地,1030513,土地1建物0車位0,,,其他,,,,0.0,0,0,0,有,無,2270000,604,,0.0,0,,RPPNMLPJOHJFFBT56CA,0.0,0.0,0.0,,
鹽埔鄉,土地,仕絨段191地號,1318.14,,一般農業區,農牧用地,1030410,土地2建物0車位0,,,其他,,,,0.0,0,0,0,有,無,1080876,820,,0.0,0,親友、員工或其他特殊關係間之交易。,RPQNMLQJOHJFFBT76CA,0.0,0.0,0.0,,
屏東市,房地(土地+建物)+車位,屏東縣屏東巿機場北路532號9樓,17.4,住,,,1030519,土地1建物1車位1,九層,十四層,住宅大樓(11層含以上有電梯),見其他登記事項,鋼筋混凝土造,0881204,146.15,3,1,2,有,無,1970000,13479,坡道平面,0.0,0,,RPUNMLKMNHJFFAT76DA,79.66,0.0,12.72,,
長治鄉,房地(土地+建物),屏東縣長治鄉瑞源路240號6樓之7,17.92,住,,,1030507,土地1建物1車位0,六層,十一層,住宅大樓(11層含以上有電梯),見其他登記事項,鋼筋混凝土造,0850607,109.4,3,2,2,有,有,2200000,20110,,0.0,0,,RPROMLKMNHJFFAT56DA,66.03,1.67,11.73,,
高樹鄉,土地,阿拔泉段65-108地號,2043.0,,一般農業區,農牧用地,1030320,土地4建物0車位0,,,其他,,,,0.0,0,0,0,有,無,1000000,489,,0.0,0,,RPQNMLPJOHJFFBT76DA,0.0,0.0,0.0,,
霧臺鄉,土地,霧台段420-3地號,25.0,,山坡地保育區,交通用地,1030520,土地1建物0車位0,,,其他,,,,0.0,0,0,0,有,無,1925,77,,0.0,0,,RPVNMLTJOHJFFBT67DA,0.0,0.0,0.0,,
恆春鎮,土地,水泉段49-1地號,1216.05,,國家公園區,,1030513,土地1建物0車位0,,,其他,,,,0.0,0,0,0,有,無,1500000,1234,,0.0,0,,RPPNMLNJOHJFFET66CA,0.0,0.0,0.0,,
恆春鎮,土地,鵝鑾鼻段360地號,851.6,,國家公園區,,1030430,土地1建物0車位0,,,其他,,,,0.0,0,0,0,有,無,1080000,1268,,0.0,0,,RPRNMLNJOHJFFET86CA,0.0,0.0,0.0,,
恆春鎮,房地(土地+建物),屏東縣恆春鎮省北路４０巷６７弄８號十一樓之八,4.74,住,,,1030520,土地1建物1車位0,十一層,十二層,套房(1房1廳1衛),住家用,鋼筋混凝土造,0840110,23.6,1,1,1,有,無,600000,25424,,0.0,0,,RPVNMLNKOHJFFET37CA,20.32,0.0,3.28,,
滿州鄉,土地,九個厝段84地號,1693.0,,國家公園區,,1030519,土地1建物0車位0,,,其他,,,,0.0,0,0,0,有,無,550000,325,,0.0,0,親友、員工或其他特殊關係間之交易。,RPPNMLNKOHJFFET76CA,0.0,0.0,0.0,,
枋寮鄉,土地,新地段461地號,4086.4,,一般農業區,農牧用地,1030423,土地1建物0車位0,,,其他,,,,0.0,0,0,0,有,無,4634300,1134,,0.0,0,現況為混凝土造漁塭,RPQNMLNJOHJFFFT86CA,0.0,0.0,0.0,,
佳冬鄉,房地(土地+建物),屏東縣佳冬鄉忠和街３０巷１８號,69.83,住,,,1030518,土地1建物1車位0,全,五層,透天厝,見其他登記事項,鋼筋混凝土造,0830126,161.49,5,2,4,有,無,1350000,8360,,0.0,0,,RPQNMLPJOHJFFFT07CA,154.2,7.29,0.0,,
佳冬鄉,房地(土地+建物),屏東縣佳冬鄉文化二路１１６號,239.6,住,,,1030508,土地2建物1車位0,全,三層,透天厝,住家用,鋼筋混凝土造,1021218,220.55,5,2,4,有,無,6660000,30197,,0.0,0,,RPQNMLKMNHJFFFT76CA,199.7,0.0,20.85,,
枋寮鄉,房地(土地+建物),屏東縣枋寮鄉中山路三段１１５巷７８弄９號,115.4,,一般農業區,甲種建築用地,1030512,土地2建物1車位0,全,三層,透天厝,住家用,鋼筋混凝土造,0811023,120.2,4,2,3,有,無,1100000,9151,,0.0,0,,RPRNMLTJOHJFFFT57CA,120.2,0.0,0.0,,
枋山鄉,土地,加祿段803地號,6168.05,,一般農業區,農牧用地,1030428,土地2建物0車位0,,,其他,,,,0.0,0,0,0,有,無,10810000,1753,,0.0,0,,RPPNMLNLOHJFFFT96CA,0.0,0.0,0.0,,
崁頂鄉,土地,頂忠段229地號,4051.06,,一般農業區,農牧用地,1030513,土地1建物0車位0,,,其他,,,,0.0,0,0,0,有,無,7516800,1856,,0.0,0,農地包括地上物,RPQNMLLKOHJFFDT56CA,0.0,0.0,0.0,,
東港鎮,土地,關帝段666-1地號,2214.51,農,,,1030512,土地2建物0車位0,,,其他,,,,0.0,0,0,0,有,無,11000000,4967,,0.0,0,,RPXNMLQJOHJFFDT67CA,0.0,0.0,0.0,,
南州鄉,土地,七塊段1486地號,2687.33,,一般農業區,農牧用地,1030430,土地1建物0車位0,,,其他,,,,0.0,0,0,0,有,無,2770637,1031,,0.0,0,,RPSNMLTJOHJFFDT47CA,0.0,0.0,0.0,,
東港鎮,房地(土地+建物),屏東縣東港鎮新勝街１０９號、111號、115巷7號,190.0,住,,,1030424,土地5建物3車位0,全,三層,透天厝,店舖、住宅,鋼筋混凝土造,0710214,337.2,18,6,9,有,無,25000000,74140,,0.0,0,,RPTNMLPLOHJFFDT37CA,337.2,0.0,0.0,,
新園鄉,土地,興厝段846地號,2700.42,,一般農業區,農牧用地,1030517,土地2建物0車位0,,,其他,,,,0.0,0,0,0,有,無,3490000,1292,,0.0,0,,RPPOMLKMNHJFFDT56CA,0.0,0.0,0.0,,
新園鄉,土地,興厝段445地號,380.54,住,,,1030508,土地1建物0車位0,,,其他,,,,0.0,0,0,0,有,無,3453400,9075,,0.0,0,,RPXNMLKMNHJFFDT27CA,0.0,0.0,0.0,,
南州鄉,土地,壽元段924地號,4161.2,,一般農業區,農牧用地,1030423,土地1建物0車位0,,,其他,,,,0.0,0,0,0,有,無,3500000,841,,0.0,0,親友、員工或其他特殊關係間之交易。,RPSNMLNJOHJFFDT86CA,0.0,0.0,0.0,,
車城鄉,土地,保新段1131地號,43.0,,一般農業區,農牧用地,1030224,土地2建物0車位0,,,其他,,,,0.0,0,0,0,有,無,18585,432,,0.0,0,親友、員工或其他特殊關係間之交易。,RPWNMLPLOHJFFET87DA,0.0,0.0,0.0,,
恆春鎮,土地,鵝鑾鼻段935-2地號,128.0,,國家公園區,,1030513,土地1建物0車位0,,,其他,,,,0.0,0,0,0,有,無,2560,20,,0.0,0,向政府機關承購之案件。,RPTNMLTLNHJFFET87DA,0.0,0.0,0.0,,
恆春鎮,土地,水泉段712-15地號,221.0,,國家公園區,,1030505,土地1建物0車位0,,,其他,,,,0.0,0,0,0,有,無,1989,9,,0.0,0,向政府機關承購之案件。,RPPNMLKMNHJFFET66DA,0.0,0.0,0.0,,
新園鄉,土地,新洋段1799地號,90.17,,特定農業區,農牧用地,1030505,土地1建物0車位0,,,其他,,,,0.0,0,0,0,有,無,99183,1100,,0.0,0,,RPPNMLPLOHJFFDT07DA,0.0,0.0,0.0,,
車城鄉,房地(土地+建物),屏東縣車城鄉溫泉路251-46號,137.0,,鄉村區,乙種建築用地,1030318,土地1建物1車位0,全,二層,透天厝,見其他登記事項,加強磚造,0760827,103.96,3,2,1,有,無,1200000,11543,,0.0,0,親友、員工或其他特殊關係間之交易。,RPRNMLOLOHJFFET27DA,98.49,5.47,0.0,,
東港鎮,房地(土地+建物),屏東縣東港鎮明德路５１巷９號,20.86,住,,,1030521,土地1建物1車位0,一層，二層，三層，騎樓,十五層,住宅大樓(11層含以上有電梯),住商用,鋼筋混凝土造,0831018,140.7,3,2,2,有,無,3800000,27008,,0.0,0,,RPRNMLOJOHJFFDT86CA,140.7,0.0,0.0,,
南州鄉,土地,壽元段1127地號,2603.9,,一般農業區,農牧用地,1030521,土地1建物0車位0,,,其他,,,,0.0,0,0,0,有,無,1700000,653,,0.0,0,,RPPNMLPJOHJFFDT76CA,0.0,0.0,0.0,,
恆春鎮,土地,水泉段319-1地號,5583.0,,國家公園區,,1030523,土地1建物0車位0,,,其他,,,,0.0,0,0,0,有,無,9300000,1666,,0.0,0,,RPUNMLSJOHJFFET67CA,0.0,0.0,0.0,,
車城鄉,土地,保力段保力小段252地號,67.88,,鄉村區,乙種建築用地,1030512,土地1建物0車位0,,,其他,,,,0.0,0,0,0,有,無,244350,3600,,0.0,0,,RPPNMLKKOHJFFET09CA,0.0,0.0,0.0,,
屏東市,房地(土地+建物),屏東縣屏東巿開封街9之35號,22.73,住,,,1030523,土地7建物1車位0,五層,五層,公寓(5樓含以下無電梯),住家用,鋼筋混凝土造,0690717,71.5,2,1,1,有,無,1100000,15385,,0.0,0,,RPTOMLNJOHJFFAT86DA,71.5,0.0,0.0,,
長治鄉,土地,榮華段81地號,2376.01,,一般農業區,農牧用地,1030519,土地1建物0車位0,,,其他,,,,0.0,0,0,0,有,無,3588000,1510,,0.0,0,,RPRNMLLKOHJFFAT09DA,0.0,0.0,0.0,,
萬巒鄉,房地(土地+建物),屏東縣萬巒鄉南進路17之29號,88.99,住,,,1030407,土地2建物1車位0,全,二層,透天厝,住商用,加強磚造,0690419,102.18,3,2,2,有,無,1100000,10765,,0.0,0,,RPQNMLNKOHJFFCT66CA,102.18,0.0,0.0,,
竹田鄉,土地,美崙段1266地號,2207.0,,特定農業區,農牧用地,1030522,土地1建物0車位0,,,其他,,,,0.0,0,0,0,有,無,2500000,1133,,0.0,0,,RPXOMLQJOHJFFCT67CA,0.0,0.0,0.0,,
潮州鎮,土地,興美段1897地號,2610.0,,特定農業區,農牧用地,1030521,土地1建物0車位0,,,其他,,,,0.0,0,0,0,有,無,2600000,996,,0.0,0,,RPTNMLTJOHJFFCT47CA,0.0,0.0,0.0,,
新埤鄉,土地,南岸段382-9地號,2930.0,,一般農業區,農牧用地,1030515,土地3建物0車位0,,,其他,,,,0.0,0,0,0,有,無,4350000,1485,,0.0,0,,RPUNMLTJOHJFFCT57CA,0.0,0.0,0.0,,
內埔鄉,土地,文化段456-1地號,47.06,,一般農業區,農牧用地,1030512,土地2建物0車位0,,,其他,,,,0.0,0,0,0,有,無,70000,1487,,0.0,0,祭祀公業移轉無私契,RPXNMLTJOHJFFCT87CA,0.0,0.0,0.0,,
內埔鄉,土地,龍頸段166地號,2413.15,,一般農業區,農牧用地,1030429,土地2建物0車位0,,,其他,,,,0.0,0,0,0,有,無,2252000,933,,0.0,0,祭祀公業移轉375承租人購買,RPOOMLTJOHJFFCT07CA,0.0,0.0,0.0,,
潮州鎮,房地(土地+建物),屏東縣潮州鎮公園２巷２５號,69.69,住,,,1030515,土地1建物1車位0,全,二層,透天厝,住家用,加強磚造,0660916,96.6,3,2,2,有,無,2350000,24327,,0.0,0,,RPOOMLPJOHJFFCT66CA,96.6,0.0,0.0,,
潮州鎮,房地(土地+建物),屏東縣潮州鎮永華街１５０號,84.64,住,,,1030512,土地1建物1車位0,全,三層,透天厝,住家用,鋼筋混凝土造,0950331,171.88,4,2,3,有,無,7000000,40726,,0.0,0,,RPPOMLPJOHJFFCT76CA,132.21,16.15,23.52,,
潮州鎮,土地,五魁寮段二小段175地號,1222.0,商,,,1030502,土地4建物0車位0,,,其他,,,,0.0,0,0,0,有,無,40000000,32733,,0.0,0,,RPTNMLNJOHJFFCT86CA,0.0,0.0,0.0,,
屏東市,土地,中柳段362地號,4193.57,,一般農業區,農牧用地,1030528,土地2建物0車位0,,,其他,,,,0.0,0,0,0,有,無,9890000,2358,,0.0,0,,RPPNMLPJOHJFFAT09CA,0.0,0.0,0.0,,
屏東市,房地(土地+建物),屏東縣屏東巿田中一橫巷３２３號,67.0,住,,,1030512,土地1建物1車位0,全,二層,透天厝,住商用,加強磚造,0700609,104.66,3,2,2,有,無,2550000,24365,,0.0,0,,RPXOMLOJOHJFFAT27CA,104.66,0.0,0.0,,
屏東市,土地,頂柳段520地號,7759.65,,一般農業區,農牧用地,1030529,土地2建物0車位0,,,其他,,,,0.0,0,0,0,有,無,11400000,1469,,0.0,0,,RPPNMLNJOHJFFAT88CA,0.0,0.0,0.0,,
長治鄉,土地,崑崙段634地號,1428.39,,一般農業區,農牧用地,1030513,土地3建物0車位0,,,其他,,,,0.0,0,0,0,有,無,5020000,3514,,0.0,0,,RPVNMLNJOHJFFAT86CA,0.0,0.0,0.0,,
屏東市,房地(土地+建物),屏東縣屏東巿華盛街１８巷６２號,95.0,住,,,1030513,土地1建物1車位0,全,四層,透天厝,見其他登記事項,鋼筋混凝土造,0930527,183.82,4,3,3,有,無,6880000,37428,,0.0,0,,RPSOMLNJOHJFFAT66CA,165.64,0.0,18.18,,
屏東市,土地,林內段1292地號,54.0,住,,,1030521,土地1建物0車位0,,,其他,,,,0.0,0,0,0,有,無,570000,10556,,0.0,0,含增建或未登記建物。,RPRQMLOJOHJFFAT86CA,0.0,0.0,0.0,,
九如鄉,房地(土地+建物),屏東縣九如鄉三環路１０４巷２４號,79.22,,鄉村區,乙種建築用地,1030520,土地2建物1車位0,全,三層,透天厝,住家用,鋼筋混凝土造,0840908,110.7,3,1,2,有,無,2000000,18067,,0.0,0,,RPTNMLNLOHJFFAT86CA,103.2,0.0,7.5,,
萬丹鄉,土地,水仙段216地號,2270.97,,特定農業區,農牧用地,1030207,土地1建物0車位0,,,其他,,,,0.0,0,0,0,有,無,6500000,2862,,0.0,0,,RPWOMLRKOHJFFAT57CA,0.0,0.0,0.0,,
長治鄉,房地(土地+建物),屏東縣長治鄉新潭三巷６５號,204.28,住,,,1030501,土地2建物1車位0,全,三層,透天厝,住家用,鋼筋混凝土造,1021209,255.87,5,1,6,有,無,10350000,40450,,0.0,0,,RPQNMLTLOHJFFAT17CA,248.55,0.0,7.32,,
長治鄉,房地(土地+建物),屏東縣長治鄉香楊路３３號五樓之十四,3.58,住,,,1030520,土地4建物1車位0,五層,十二層,住宅大樓(11層含以上有電梯),住家用,鋼筋混凝土造,0841006,47.79,1,0,1,有,有,840000,17577,,0.0,0,,RPWNMLPJOHJFFAT17CA,34.76,0.0,0.0,,
屏東市,房地(土地+建物),屏東縣屏東巿廣東南路２５８巷９號,77.98,住,,,1030514,土地3建物1車位0,全,四層,透天厝,見其他登記事項,鋼筋混凝土造,0940318,217.35,4,2,4,有,無,6100000,28065,,0.0,0,,RPSNMLTJOHJFFAT17CA,170.77,18.0,28.58,,
竹田鄉,房地(土地+建物),屏東縣竹田鄉大生路１００巷２０號,120.0,,鄉村區,乙種建築用地,1030520,土地1建物1車位0,全,三層,透天厝,住家用,鋼筋混凝土造,0830407,165.71,4,2,2,有,無,2500000,15087,,0.0,0,,RPVNMLOJOHJFFCT17CA,133.74,19.46,12.51,,
內埔鄉,土地,新東勢段64-6地號,14631.0,,一般農業區,農牧用地,1030417,土地4建物0車位0,,,其他,,,,0.0,0,0,0,有,無,19300000,1319,,0.0,0,,RPXNMLOJOHJFFCT37CA,0.0,0.0,0.0,,
內埔鄉,土地,新東勢段643-2地號,124.33,,鄉村區,乙種建築用地,1030508,土地2建物0車位0,,,其他,,,,0.0,0,0,0,有,無,850000,6837,,0.0,0,,RPPNMLPJOHJFFCT66CA,0.0,0.0,0.0,,
內埔鄉,房地(土地+建物),屏東縣內埔鄉永平街２９號,88.31,住,,,1030515,土地1建物1車位0,全,三層,透天厝,見其他登記事項,見其他登記事項,1030303,161.11,4,2,3,有,無,6500000,40345,,0.0,0,,RPUOMLQJOHJFFCT37CA,151.18,0.0,9.93,,
內埔鄉,房地(土地+建物),屏東縣內埔鄉永平街３３號,150.64,住,,,1030515,土地2建物1車位0,全,三層,透天厝,住家用,見其他登記事項,1030303,193.09,5,2,4,有,無,7500000,38842,,0.0,0,,RPVOMLQJOHJFFCT47CA,186.38,0.0,6.71,,
內埔鄉,房地(土地+建物),屏東縣內埔鄉永平街２７號,89.0,住,,,1030515,土地1建物1車位0,全,三層,透天厝,見其他登記事項,見其他登記事項,1030303,161.11,4,2,3,有,無,6000000,37242,,0.0,0,,RPVNMLQJOHJFFCT37CA,151.18,0.0,9.93,,
內埔鄉,房地(土地+建物),屏東縣內埔鄉永平街５０號,83.55,住,,,1030515,土地1建物1車位0,全,三層,透天厝,見其他登記事項,見其他登記事項,1030317,157.99,4,2,3,有,無,6000000,37977,,0.0,0,,RPSOMLQJOHJFFCT17CA,141.36,0.0,16.63,,
竹田鄉,房地(土地+建物),屏東縣竹田鄉鳳安路１８巷１０７號,79.0,,特定農業區,甲種建築用地,1030522,土地1建物1車位0,全,四層,透天厝,住家用,鋼筋混凝土造,0830606,157.45,5,2,4,有,無,2000000,12702,,0.0,0,,RPPNMLQKOHJFFCT86CA,147.18,3.58,6.69,,
鹽埔鄉,土地,民意段392地號,9281.41,,一般農業區,農牧用地,1030502,土地3建物0車位0,,,其他,,,,0.0,0,0,0,有,無,6219000,670,,0.0,0,,RPSNMLPJOHJFFBT86CA,0.0,0.0,0.0,,
高樹鄉,土地,泰山段1425地號,15713.65,,一般農業區,農牧用地,1030522,土地3建物0車位0,,,其他,,,,0.0,0,0,0,有,無,12960400,825,,0.0,0,,RPSNMLOJOHJFFBT76CA,0.0,0.0,0.0,,
高樹鄉,土地,阿拔泉段192地號,4245.0,,一般農業區,農牧用地,1030516,土地1建物0車位0,,,其他,,,,0.0,0,0,0,有,無,6432000,1515,,0.0,0,,RPPNMLLKOHJFFBT88CA,0.0,0.0,0.0,,
里港鄉,土地,三張段480-3地號,7920.0,,一般農業區,農牧用地,1030520,土地1建物0車位0,,,其他,,,,0.0,0,0,0,有,無,10790000,1362,,0.0,0,,RPTNMLKMOHJFFBT76CA,0.0,0.0,0.0,,
長治鄉,土地,番子寮段1-415地號,1734.0,,一般農業區,農牧用地,1030526,土地3建物0車位0,,,其他,,,,0.0,0,0,0,有,無,1000000,577,,0.0,0,,RPQNMLNLOHJFFAT66DA,0.0,0.0,0.0,,
長治鄉,土地,榮華段752地號,1036.42,,一般農業區,農牧用地,1030519,土地2建物0車位0,,,其他,,,,0.0,0,0,0,有,無,1347346,1300,,0.0,0,,RPRNMLPJOHJFFAT76DA,0.0,0.0,0.0,,
屏東市,房地(土地+建物),屏東縣屏東巿迪化街26號,203.0,住,,,1030516,土地1建物1車位0,全,一層,透天厝,住家用,見其他登記事項,0790815,97.36,3,1,2,有,無,9050000,92954,,0.0,0,,RPTNMLPJOHJFFAT96DA,97.36,0.0,0.0,,
屏東市,房地(土地+建物)+車位,屏東縣屏東巿中華路153號4樓之1,15.71,住,,,1030519,土地2建物1車位1,四層,七層,華廈(10層含以下有電梯),住家用,鋼筋混凝土造,0831129,108.22999999999999,3,1,2,有,有,3500000,32339,坡道平面,0.0,0,,RPTNMLKMOHJFFAT76DA,71.3,0.0,9.36,,
里港鄉,土地,武洛段452-3地號,368.0,,鄉村區,乙種建築用地,1030520,土地1建物0車位0,,,其他,,,,0.0,0,0,0,有,無,2500000,6793,,0.0,0,,RPVNMLKKOHJFFBT86DA,0.0,0.0,0.0,,
里港鄉,土地,大港洋段825-21地號,15.0,住,,,1030521,土地2建物0車位0,,,其他,,,,0.0,0,0,0,有,無,292500,19500,,0.0,0,,RPPNMLOJOHJFFBT56DA,0.0,0.0,0.0,,
高樹鄉,土地,大路關段新大路關小段195-110地號,3122.0,,山坡地保育區,農牧用地,1030520,土地1建物0車位0,,,其他,,,,0.0,0,0,0,有,無,3500000,1121,,0.0,0,,RPQNMLOJOHJFFBT66DA,0.0,0.0,0.0,,
內埔鄉,房地(土地+建物),屏東縣內埔鄉屏東縣內埔鄉康寧路202之1號,83.18,住,,,1030426,土地2建物1車位0,全,二層,透天厝,住商用,加強磚造,0670417,99.85,3,2,2,有,無,2100000,21032,,0.0,0,,RPXNMLNKOHJFFCT47DA,99.85,0.0,0.0,,
內埔鄉,土地,老埤段321-1地號,78.0,,一般農業區,農牧用地,1030523,土地1建物0車位0,,,其他,,,,0.0,0,0,0,有,無,270000,3462,,0.0,0,畸零地或有合併使用之交易。,RPVNMLRJPHJFFCT67DA,0.0,0.0,0.0,,
枋寮鄉,土地,新地段1462地號,3998.16,,一般農業區,農牧用地,1021030,土地2建物0車位0,,,其他,,,,0.0,0,0,0,有,無,3914000,979,,0.0,0,現況為漁塭包含養殖設施,RPSNMLQJOHJFFFT37CA,0.0,0.0,0.0,,
枋寮鄉,土地,三民段66地號,2071.03,,一般農業區,農牧用地,1030527,土地2建物0車位0,,,其他,,,,0.0,0,0,0,有,無,1900000,917,,0.0,0,,RPPNMLOLOHJFFFT07CA,0.0,0.0,0.0,,
南州鄉,房地(土地+建物),屏東縣南州鄉勝利路１４７號,87.01,住,,,1030511,土地1建物1車位0,全,二層,透天厝,住商用,鋼筋混凝土造,0691218,113.58,3,2,3,有,無,2300000,20250,,0.0,0,,RPSNMLOJOHJFFDT96CA,113.58,0.0,0.0,,
琉球鄉,土地,本漁段602地號,57.25,其他,,,1030517,土地4建物0車位0,,,其他,,,,0.0,0,0,0,有,無,150000,2620,,0.0,0,,RPVNMLOJOHJFFDT37DA,0.0,0.0,0.0,,
春日鄉,土地,春日段918地號,570.0,,山坡地保育區,農牧用地,1030515,土地2建物0車位0,,,其他,,,,0.0,0,0,0,有,無,270000,474,,0.0,0,買賣總價包含地上農作物。,RPPNMLOJOHJFFFT07EA,0.0,0.0,0.0,,
恆春鎮,房地(土地+建物),屏東縣恆春鎮省北路1巷2弄5號,82.1,住,,,1030502,土地1建物1車位0,全,二層,透天厝,住商用,鋼筋混凝土加強磚造,0690805,93.6,2,1,1,有,無,3000000,32051,,0.0,0,,RPQNMLTJOHJFFET47DA,93.6,0.0,0.0,,
東港鎮,土地,東新段930地號,45.95,其他,,,1030524,土地1建物0車位0,,,其他,,,,0.0,0,0,0,有,無,1300000,28292,,0.0,0,,RPTNMLRKOHJFFDT57DA,0.0,0.0,0.0,,
東港鎮,房地(土地+建物),屏東縣東港鎮中正路250號及信義街149號,208.0,住,,,1030516,土地3建物2車位0,全,三層,透天厝,,加強磚造,,248.2,9,2,5,有,無,15800000,63658,,0.0,0,,RPXNMLRLOHJFFDT08DA,248.2,0.0,0.0,,
新園鄉,房地(土地+建物),屏東縣新園鄉後厝路43之3號,86.0,,鄉村區,乙種建築用地,1030523,土地1建物1車位0,全,三層,透天厝,住家用,鋼筋混凝土造,0831013,127.51,3,2,3,有,無,1400000,10980,,0.0,0,,RPTNMLOJOHJFFDT17DA,124.2,3.31,0.0,,
恆春鎮,房地(土地+建物),屏東縣恆春鎮?公號16號7樓之12,3.18,住,,,1030506,土地2建物1車位0,七層,十二層,套房(1房1廳1衛),住家用,鋼筋混凝土造,0841117,18.85,1,1,1,有,有,770000,40849,,0.0,0,,RPQNMLPJOHJFFET07DA,0.0,0.0,0.0,,
東港鎮,土地,龍帝段990地號,487.57,住,,,1030501,土地1建物0車位0,,,其他,,,,0.0,0,0,0,有,無,7080000,14521,,0.0,0,,RPWNMLOJOHJFFDT37CA,0.0,0.0,0.0,,
南州鄉,房地(土地+建物),屏東縣南州鄉萬華路１０巷２之５號,211.9,,鄉村區,乙種建築用地,1030410,土地1建物1車位0,全,二層,透天厝,住宅,加強磚造,0760508,163.88,3,2,2,有,無,850000,5187,,0.0,0,親友、員工或其他特殊關係間之交易。,RPRNMLKLOHJFFDT66CA,160.62,3.26,0.0,,
東港鎮,房地(土地+建物),屏東縣東港鎮船頭路２５之２６２號三樓,54.71,住,,,1030507,土地1建物1車位0,三層,五層,公寓(5樓含以下無電梯),國民住宅,鋼筋混凝土造,0830625,150.79000000000002,3,1,2,有,無,2200000,14590,,0.0,0,,RPSOMLRLOHJFFDT57CA,101.54,0.0,15.8,,
崁頂鄉,土地,港東段131地號,3734.05,,一般農業區,農牧用地,1030519,土地1建物0車位0,,,其他,,,,0.0,0,0,0,有,無,4690000,1256,,0.0,0,,RPRNMLRJOHJFFDT17CA,0.0,0.0,0.0,,
新園鄉,房地(土地+建物),屏東縣新園鄉興安路２０之２號,2504.0,,特定農業區,農牧用地,1030418,土地1建物1車位0,一層，二層，三層,三層,農舍,農舍,鋼筋混凝土造,0931027,534.72,6,2,7,有,無,4000000,,,0.0,0,,RPOOMLTJOHJFFDT17CA,488.87,0.0,45.85,,
內埔鄉,土地,新東勢段259-12地號,11794.0,,一般農業區,農牧用地,1020914,土地2建物0車位0,,,其他,,,,0.0,0,0,0,有,無,13982850,1186,,0.0,0,,RPQNMLTKOHJFFCT27CA,0.0,0.0,0.0,,
萬巒鄉,土地,見月段721地號,6593.57,,一般農業區,農牧用地,1030418,土地5建物0車位0,,,其他,,,,0.0,0,0,0,有,無,10185000,1545,,0.0,0,,RPQNMLLJPHJFFCT09CA,0.0,0.0,0.0,,
佳冬鄉,土地,武丁段949地號,1925.52,,一般農業區,農牧用地,1030527,土地1建物0車位0,,,其他,,,,0.0,0,0,0,有,無,1455000,756,,0.0,0,,RPPNMLQJOHJFFFT07CA,0.0,0.0,0.0,,
佳冬鄉,土地,武丁段947地號,2216.36,,一般農業區,農牧用地,1030527,土地1建物0車位0,,,其他,,,,0.0,0,0,0,有,無,1680000,758,,0.0,0,,RPQNMLQJOHJFFFT17CA,0.0,0.0,0.0,,
枋寮鄉,房地(土地+建物),屏東縣枋寮鄉西安路１５號,91.13,,鄉村區,乙種建築用地,1030509,土地2建物1車位0,全,三層,透天厝,住商用,鋼筋混凝土造,0771015,144.94,4,2,3,有,無,1470000,10142,,0.0,0,,RPQNMLTJOHJFFFT47CA,144.94,0.0,0.0,,
新埤鄉,土地,建功段75-2地號,1978.0,,一般農業區,農牧用地,1030421,土地1建物0車位0,,,其他,,,,0.0,0,0,0,有,無,1900000,961,,0.0,0,,RPUNMLOJOHJFFCT17DA,0.0,0.0,0.0,,
潮州鎮,房地(土地+建物),屏東縣潮州鎮福星路354號,65.76,住,,,1030512,土地1建物1車位0,全,四層,透天厝,見其他登記事項,鋼筋混凝土造,0831102,188.1,5,2,4,有,無,4600000,24455,,0.0,0,,RPPNMLNKOHJFFCT66DA,0.0,0.0,0.0,,
高樹鄉,土地,東振新段1348地號,3526.0,,一般農業區,農牧用地,1030516,土地1建物0車位0,,,其他,,,,0.0,0,0,0,有,無,3050000,865,,0.0,0,,RPRNMLPJOHJFFBT86DA,0.0,0.0,0.0,,
屏東市,房地(土地+建物)+車位,屏東縣屏東巿機場北路582號十樓,24.91,住,,,1030530,土地1建物1車位1,十層,十四層,住宅大樓(11層含以上有電梯),見其他登記事項,鋼筋混凝土造,0881204,198.98000000000002,4,2,2,有,有,3880000,19499,坡道平面,24.01,0,,RPVNMLKKOHJFFAT76DA,119.71,0.0,13.01,,
鹽埔鄉,土地,新高段406地號,2414.56,,一般農業區,甲種建築用地,1030414,土地1建物0車位0,,,其他,,,,0.0,0,0,0,有,無,14544000,6023,,0.0,0,,RPUNMLKKOHJFFBT66CA,0.0,0.0,0.0,,
鹽埔鄉,土地,新高段408地號,2596.26,,一般農業區,甲種建築用地,1030414,土地1建物0車位0,,,其他,,,,0.0,0,0,0,有,無,15756000,6069,,0.0,0,,RPWNMLKKOHJFFBT86CA,0.0,0.0,0.0,,
萬巒鄉,土地,五溝水段926地號,7211.0,,一般農業區,農牧用地,1030502,土地1建物0車位0,,,其他,,,,0.0,0,0,0,有,無,4683000,649,,0.0,0,,RPPOMLOKOHJFFCT76CA,0.0,0.0,0.0,,
潮州鎮,土地,八爺段592地號,597.24,,一般農業區,農牧用地,1030510,土地1建物0車位0,,,其他,,,,0.0,0,0,0,有,無,1027252,1720,,0.0,0,,RPSNMLTJOHJFFCT37CA,0.0,0.0,0.0,,
竹田鄉,土地,神農段1068地號,45.45,商,,,1030522,土地1建物0車位0,,,其他,,,,0.0,0,0,0,有,無,652800,14363,,0.0,0,,RPSNMLMKOHJFFCT76CA,0.0,0.0,0.0,,
竹田鄉,土地,竹鳳段一小段39地號,1497.84,,特定農業區,農牧用地,1030421,土地1建物0車位0,,,其他,,,,0.0,0,0,0,有,無,3550000,2370,,0.0,0,,RPTOMLQJOHJFFCT27CA,0.0,0.0,0.0,,
內埔鄉,房地(土地+建物),屏東縣內埔鄉永平街２３號,114.57,住,,,1030515,土地1建物1車位0,全,三層,透天厝,見其他登記事項,見其他登記事項,1030303,195.32,4,2,4,有,無,6500000,33279,,0.0,0,,RPPOMLQJOHJFFCT86CA,180.49,0.0,14.83,,
內埔鄉,房地(土地+建物),屏東縣內埔鄉永平街５２號,83.59,住,,,1030515,土地1建物1車位0,全,三層,透天厝,見其他登記事項,見其他登記事項,1030317,157.88,4,2,3,有,無,6000000,38004,,0.0,0,,RPQOMLQJOHJFFCT96CA,141.36,0.0,16.52,,
內埔鄉,房地(土地+建物),屏東縣內埔鄉永平街２８號,132.19,住,,,1030510,土地1建物1車位0,全,三層,透天厝,住家用,見其他登記事項,1030317,203.57,4,2,4,有,無,7000000,34386,,0.0,0,,RPROMLQJOHJFFCT07CA,186.51,0.0,17.06,,
內埔鄉,房地(土地+建物),屏東縣內埔鄉永平街２６號,132.13,住,,,1030512,土地1建物1車位0,全,三層,透天厝,住家用,見其他登記事項,1030317,203.57,4,2,4,有,無,7000000,34386,,0.0,0,,RPWNMLQJOHJFFCT47CA,186.51,0.0,17.06,,
內埔鄉,房地(土地+建物),屏東縣內埔鄉永平街３０號,132.24,住,,,1030420,土地1建物1車位0,全,三層,透天厝,住家用,見其他登記事項,1030317,203.57,4,2,4,有,無,7000000,34386,,0.0,0,,RPXNMLQJOHJFFCT57CA,186.51,0.0,17.06,,
竹田鄉,土地,美崙段1631-1地號,202.0,,特定農業區,甲種建築用地,1030519,土地1建物0車位0,,,其他,,,,0.0,0,0,0,有,無,1527000,7559,,0.0,0,,RPRNMLSJOHJFFCT17CA,0.0,0.0,0.0,,
新埤鄉,土地,南岸段90地號,1623.0,,一般農業區,農牧用地,1030523,土地1建物0車位0,,,其他,,,,0.0,0,0,0,有,無,1460000,900,,0.0,0,,RPSNMLQJOHJFFCT07CA,0.0,0.0,0.0,,
潮州鎮,房地(土地+建物),屏東縣潮州鎮延平路２２８號,179.41,住,,,1030424,土地1建物1車位0,全,二層,透天厝,住商用,加強磚造,0650122,141.75,3,3,2,有,無,9800000,69136,,0.0,0,,RPTNMLQJOHJFFCT17CA,141.75,0.0,0.0,,
九如鄉,房地(土地+建物),屏東縣九如鄉洽和街 29 號,109.18,,鄉村區,乙種建築用地,1030527,土地2建物1車位0,全,三層,透天厝,住家用,鋼筋混凝土造,0830518,185.3,4,2,3,有,無,1900000,10254,,0.0,0,,RPVNMLTJOHJFFAT47CA,145.74,22.76,16.8,,
屏東市,房地(土地+建物),屏東縣屏東巿莊敬街一段211巷28號,83.0,住,,,1030508,土地1建物1車位0,全,四層,透天厝,住家用,鋼筋混凝土造,0810622,157.53,4,1,3,有,無,5100000,32375,,0.0,0,,RPTOMLQJOHJFFAT07CA,157.53,0.0,0.0,,
屏東市,房地(土地+建物),屏東縣屏東巿公園西路３５之２號,83.0,住,,,1030520,土地1建物1車位0,全,三層,透天厝,住商用,鋼筋混凝土造,0700411,162.36,4,2,3,有,無,5800000,35723,,0.0,0,,RPUNMLRJOHJFFAT17CA,162.36,0.0,0.0,,
屏東市,房地(土地+建物),屏東縣屏東巿古松西巷４弄１００號,81.0,住,,,1030522,土地1建物1車位0,全,三層,透天厝,住家用,鋼筋混凝土造,0820114,175.8,4,2,3,有,無,3800000,21615,,0.0,0,,RPQOMLQJOHJFFAT76CA,135.4,22.11,18.29,,
屏東市,房地(土地+建物),屏東縣屏東巿崇蘭１００之２９號五樓,31.32,住,,,1030520,土地1建物1車位0,五層,六層,華廈(10層含以下有電梯),見其他登記事項,鋼筋混凝土造,0880514,123.25,3,2,2,有,有,3550000,28803,,0.0,0,,RPRNMLQJOHJFFAT76CA,79.47,0.0,12.15,,
長治鄉,土地,番子寮段178-5地號,122.74,,鄉村區,乙種建築用地,1030521,土地3建物0車位0,,,其他,,,,0.0,0,0,0,有,無,800000,6518,,0.0,0,,RPPNMLKKOHJFFAT68CA,0.0,0.0,0.0,,
屏東市,房地(土地+建物)+車位,屏東縣屏東巿瑞光里田中巷１８號５樓之２,17.35,住,,,1030513,土地1建物1車位0,五層,十二層,住宅大樓(11層含以上有電梯),住家用,鋼筋混凝土造,0841125,103.52,3,2,2,有,有,2000000,19320,坡道平面,0.0,0,,RPXOMLLKOHJFFAT07CA,66.99,0.0,7.23,,
萬丹鄉,土地,寶厝段799-6地號,9.0,住,,,1030512,土地1建物0車位0,,,其他,,,,0.0,0,0,0,有,無,265500,29500,,0.0,0,,RPROMLLJPHJFFAT09CA,0.0,0.0,0.0,,
屏東市,房地(土地+建物)+車位,屏東縣屏東巿香揚巷３０號二樓之二,30.83,住,,,1030516,土地1建物1車位1,二層,六層,華廈(10層含以下有電梯),見其他登記事項,鋼筋混凝土造,0861202,121.83000000000001,3,2,2,有,無,2500000,20520,坡道平面,0.0,0,,RPSNMLSKOHJFFAT17CA,79.04,0.0,12.44,,
麟洛鄉,土地,麟義段192-14地號,758.91,農,,,1030514,土地3建物0車位0,,,其他,,,,0.0,0,0,0,有,無,3200000,4217,,0.0,0,,RPOPMLSKOHJFFAT96CA,0.0,0.0,0.0,,
屏東市,房地(土地+建物),屏東縣屏東巿建豐路195巷13號二樓之四,16.82,住,,,1030520,土地1建物1車位0,二層,六層,華廈(10層含以下有電梯),住家用,鋼筋混凝土造,0820318,87.03,3,2,1,有,有,2400000,27577,,0.0,0,,RPPNMLNKOHJFFAT98CA,46.2,0.0,11.01,,
屏東市,土地,新興段238地號,1966.0,,特定農業區,農牧用地,1030522,土地1建物0車位0,,,其他,,,,0.0,0,0,0,有,無,9500000,4832,,0.0,0,,RPTNMLMJPHJFFAT66CA,0.0,0.0,0.0,,
長治鄉,房地(土地+建物),屏東縣長治鄉新民街１２８之２５號,129.95,住,,,1030430,土地5建物1車位0,全,三層,透天厝,住家用,鋼筋混凝土造,0820524,144.96,4,2,3,有,無,3200000,22075,,0.0,0,,RPSNMLMKOHJFFAT56CA,129.24,8.74,6.98,,
長治鄉,房地(土地+建物),屏東縣長治鄉香楊路1巷36弄14號,70.56,住,,,1030526,土地2建物1車位0,全,一層,透天厝,住家用,見其他登記事項,0560101,39.62,4,2,2,有,無,1150000,29026,,0.0,0,本買賣土地上另有一棟未辦保存登記之建物,RPSOMLRKOHJFFAT17CA,39.62,0.0,0.0,,
長治鄉,土地,長治段181-32地號,164.0,其他,,,1030526,土地2建物0車位0,,,其他,,,,0.0,0,0,0,有,無,2230000,13598,,0.0,0,,RPOOMLRKOHJFFAT76CA,0.0,0.0,0.0,,
屏東市,房地(土地+建物),屏東縣屏東巿廣東路１５８６巷１弄９７號,57.45,住,,,1030423,土地2建物1車位0,全,四層,透天厝,見其他登記事項,鋼筋混凝土造,0891230,171.34,4,2,3,有,有,3700000,21594,,0.0,0,,RPOPMLPLOHJFFAT76CA,113.4,0.0,10.41,,
屏東市,房地(土地+建物)+車位,屏東縣屏東巿公裕街２１４號三樓,14.81,住,,,1030505,土地2建物1車位1,三層,十一層,住宅大樓(11層含以上有電梯),見其他登記事項,鋼筋混凝土造,0830412,107.22,2,2,2,有,有,2380000,22197,坡道平面,0.0,0,,RPQPMLLKOHJFFAT09CA,60.09,1.65,7.68,,
屏東市,房地(土地+建物),屏東縣屏東巿武昌街５號,18.58,住,,,1030516,土地1建物1車位0,一層，二層,十三層,住宅大樓(11層含以上有電梯),見其他登記事項,鋼筋混凝土造,0831231,138.89,3,2,2,有,無,3050000,21960,,0.0,0,,RPRPMLLKOHJFFAT56CA,96.73,0.0,2.33,,
屏東市,房地(土地+建物),屏東縣屏東巿華盛街15號四樓之二,42.79,住,,,1030515,土地1建物1車位0,四層,十四層,住宅大樓(11層含以上有電梯),見其他登記事項,鋼筋混凝土造,0930909,169.89,3,2,2,有,有,3600000,21190,,0.0,0,,RPXOMLKKOHJFFAT96CA,96.85,0.0,10.43,,
屏東市,房地(土地+建物),屏東縣屏東巿大同北路１５巷１１弄１號,143.0,住,,,1030519,土地1建物1車位0,全,一層,透天厝,住家用,磚造,0641013,52.98,2,2,1,有,無,2000000,37750,,0.0,0,本案為二親等間買賣。,RPTOMLKKOHJFFAT56CA,52.98,0.0,0.0,,
九如鄉,房地(土地+建物),屏東縣九如鄉洽和街２７號,109.18,,鄉村區,乙種建築用地,1030520,土地2建物1車位0,全,三層,透天厝,住家用,鋼筋混凝土造,0830518,185.3,5,2,3,有,無,1800000,9714,,0.0,0,,RPOOMLPJOHJFFAT09CA,145.74,22.76,16.8,,
屏東市,房地(土地+建物),屏東縣屏東巿復興南路一段２３１巷７６號,5.77,,一般農業區,特定目的事業用地,1030522,土地2建物1車位0,一層,五層,公寓(5樓含以下無電梯),國民住宅,鋼筋混凝土造,0730316,26.479999999999997,3,1,2,有,無,360000,13595,,0.0,0,,RPVNMLQJOHJFFAT17CA,15.37,0.0,0.0,,
屏東市,房地(土地+建物),屏東縣屏東巿建國路４０５巷１００弄８之５號,185.61,,鄉村區,乙種建築用地,1030501,土地2建物1車位0,全,三層,透天厝,住家用,鋼筋混凝土造,1010203,229.92,5,2,5,有,無,9600000,41754,,0.0,0,,RPTNMLTJOHJFFAT27CA,215.6,0.0,14.32,,
萬丹鄉,土地,新林段401地號,1149.0,,特定農業區,農牧用地,1030528,土地1建物0車位0,,,其他,,,,0.0,0,0,0,有,無,3553900,3093,,0.0,0,,RPUNMLTJOHJFFAT37CA,0.0,0.0,0.0,,
萬丹鄉,土地,田厝段1430地號,2136.0,,特定農業區,農牧用地,1030519,土地1建物0車位0,,,其他,,,,0.0,0,0,0,有,無,7700000,3605,,0.0,0,,RPRNMLTJOHJFFAT07CA,0.0,0.0,0.0,,
新埤鄉,土地,新埤段147地號,5554.0,,一般農業區,農牧用地,1030522,土地1建物0車位0,,,其他,,,,0.0,0,0,0,有,無,9438000,1699,,0.0,0,,RPRNMLQJOHJFFCT96CA,0.0,0.0,0.0,,
竹田鄉,土地,新街段571地號,952.65,,一般農業區,農牧用地,1030319,土地1建物0車位0,,,其他,,,,0.0,0,0,0,有,無,7500000,7873,,0.0,0,,RPOOMLQJOHJFFCT76CA,0.0,0.0,0.0,,
新埤鄉,房地(土地+建物),屏東縣新埤鄉中華街１１號,117.75,住,,,1030520,土地1建物1車位0,全,二層,透天厝,住商用,加強磚造,0710227,184.14,3,2,2,有,無,2300000,12490,,0.0,0,,RPVNMLLKOHJFFCT96CA,184.14,0.0,0.0,,
內埔鄉,房地(土地+建物),屏東縣內埔鄉信義路９１８之２號,100.93,,一般農業區,甲種建築用地,1030514,土地1建物1車位0,三層，四層，一層，二層，騎樓,四層,店面(店鋪),見其他登記事項,鋼筋混凝土造,0850116,178.25,4,2,3,有,無,7000000,39271,,0.0,0,,RPQOMLLKOHJFFCT56CA,166.25,0.0,12.0,,
內埔鄉,房地(土地+建物),屏東縣內埔鄉信義路９１８之３號,100.85,,一般農業區,甲種建築用地,1030514,土地1建物1車位0,一層，二層，三層，四層，騎樓,四層,店面(店鋪),見其他登記事項,鋼筋混凝土造,0850116,178.25,4,2,3,有,無,7000000,39271,,0.0,0,,SPQOMLLKOHJFFCT66CA,166.25,0.0,12.0,,
內埔鄉,房地(土地+建物),屏東縣內埔鄉中正路４５８號,10066.0,,工業區,丁種建築用地,1030506,土地4建物1車位0,一層，二層，三層，地下層,三層,工廠,見其他登記事項,鋼筋混凝土造,0760526,3804.35,0,0,0,無,無,93626253,,,0.0,0,,RPROMLTJOHJFFCT37CA,3804.35,0.0,0.0,,
潮州鎮,房地(土地+建物),屏東縣潮州鎮自由路１７０巷１７號,67.79,住,,,1030520,土地1建物1車位0,全,四層,透天厝,見其他登記事項,鋼筋混凝土造,0840424,158.24,5,2,2,有,無,3000000,18959,,0.0,0,,RPQNMLKKOHJFFCT98CA,148.64,0.0,9.6,,
竹田鄉,土地,鳳新段1234-1地號,808.44,,特定農業區,農牧用地,1030514,土地1建物0車位0,,,其他,,,,0.0,0,0,0,有,無,1850000,2288,,0.0,0,農地[  包括地上物],RPRNMLNKOHJFFCT76CA,0.0,0.0,0.0,,
竹田鄉,房地(土地+建物),屏東縣竹田鄉大生路１００巷２１號,71.0,,鄉村區,乙種建築用地,1030523,土地1建物1車位0,全,三層,透天厝,住家用,鋼筋混凝土造,0830407,142.16,4,2,3,有,無,1200000,8441,,0.0,0,空屋屋內需大整理,RPSNMLNKOHJFFCT86CA,114.75,23.18,4.23,,
鹽埔鄉,土地,上洛陽段310-4地號,11945.45,,一般農業區,農牧用地,1030508,土地1建物0車位0,,,其他,,,,0.0,0,0,0,有,無,22168000,1856,,0.0,0,,RPRNMLKKOHJFFBT98CA,0.0,0.0,0.0,,
鹽埔鄉,土地,上洛陽段310-3地號,261.69,,一般農業區,農牧用地,1030507,土地1建物0車位0,,,其他,,,,0.0,0,0,0,有,無,486000,1857,,0.0,0,,RPSNMLKKOHJFFBT09CA,0.0,0.0,0.0,,
鹽埔鄉,土地,上洛陽段310-5地號,628.71,,,,1030508,土地1建物0車位0,,,其他,,,,0.0,0,0,0,有,無,565839,900,,0.0,0,親友、員工或其他特殊關係間之交易。,RPTNMLKKOHJFFBT56CA,0.0,0.0,0.0,,
鹽埔鄉,土地,新莊段246-1地號,94.8,,鄉村區,乙種建築用地,1030525,土地1建物0車位0,,,其他,,,,0.0,0,0,0,有,無,500000,5274,,0.0,0,,RPPNMLQJOHJFFBT66CA,0.0,0.0,0.0,,
鹽埔鄉,房地(土地+建物),屏東縣鹽埔鄉葉厝路１０之２號,118.55,住,,,1030501,土地2建物1車位0,全,三層,透天厝,住家用,鋼筋混凝土造,0800606,160.35,3,1,2,有,無,2200000,13720,,0.0,0,,RPRNMLLKOHJFFBT09CA,141.68,3.35,15.32,,
屏東市,房地(土地+建物)+車位,屏東縣屏東巿機場北路728號十三樓,37.96,住,,,1030604,土地1建物1車位2,十三層，十四層,十四層,住宅大樓(11層含以上有電梯),見其他登記事項,鋼筋混凝土造,0881204,312.56,4,2,3,有,有,4380000,13533,坡道平面,48.02,800000,,RPQOMLSKOHJFFAT17DA,186.91,0.0,19.06,,
屏東市,土地,公園段三小段56-5地號,8.0,住,,,1030502,土地1建物0車位0,,,其他,,,,0.0,0,0,0,有,無,161280,20160,,0.0,0,,RPTNMLQJOHJFFAT07DA,0.0,0.0,0.0,,
恆春鎮,土地,鼻子頭段162-5地號,2323.0,,國家公園區,,1030512,土地2建物0車位0,,,其他,,,,0.0,0,0,0,有,無,2000000,861,,0.0,0,,RPQNMLNJPHJFFET86CA,0.0,0.0,0.0,,
恆春鎮,土地,大潭段321地號,115.65,住,,,1030321,土地2建物0車位0,,,其他,,,,0.0,0,0,0,有,無,3850000,33290,,0.0,0,簽約日與立契日不同，買賣總價含未保存登記之建物親友關係間之交易。,RPQNMLLKOHJFFET66CA,0.0,0.0,0.0,,
恆春鎮,土地,宣化段77地號,1562.81,,山坡地保育區,農牧用地,1030526,土地1建物0車位0,,,其他,,,,0.0,0,0,0,有,無,886000,567,,0.0,0,,RPSNMLKKOHJFFET76CA,0.0,0.0,0.0,,
車城鄉,土地,保新段572地號,48.73,,一般農業區,農牧用地,1030526,土地1建物0車位0,,,其他,,,,0.0,0,0,0,有,無,21000,431,,0.0,0,親友、員工或其他特殊關係間之交易。,RPRNMLSJOHJFFET37CA,0.0,0.0,0.0,,
新園鄉,房地(土地+建物),屏東縣新園鄉媽祖路３２之８號,175.72,,鄉村區,乙種建築用地,1030520,土地1建物1車位0,全,三層,透天厝,住宅,鋼筋混凝土構造,1000720,274.83,5,2,4,有,無,6900000,25106,,0.0,0,,RPPNMLTJOHJFFDT17CA,253.9,0.0,20.93,,
東港鎮,房地(土地+建物),屏東縣東港鎮興東路５７之２０號,105.95,住,,,1030517,土地1建物1車位0,全,三層,透天厝,住家用,鋼筋混凝土造,,170.85,4,2,3,有,無,3910000,22886,,0.0,0,,RPQNMLRKOHJFFDT17CA,164.22,6.63,0.0,,
南州鄉,土地,三千段2地號,5644.45,,一般農業區,農牧用地,1030527,土地1建物0車位0,,,其他,,,,0.0,0,0,0,有,無,10790000,1912,,0.0,0,,RPVNMLKMOHJFFDT17CA,0.0,0.0,0.0,,
崁頂鄉,土地,越溪段1065地號,872.01,,一般農業區,農牧用地,1030519,土地2建物0車位0,,,其他,,,,0.0,0,0,0,有,無,404571,464,,0.0,0,,RPWNMLQJOHJFFDT57CA,0.0,0.0,0.0,,
滿州鄉,土地,林段873地號,454.0,,國家公園區,,1030416,土地1建物0車位0,,,其他,,,,0.0,0,0,0,有,無,2270,5,,0.0,0,向政府機關承購之案件。,RPPNMLTJOHJFFET37DA,0.0,0.0,0.0,,
林邊鄉,土地,內庄段76地號,120.3,,一般農業區,甲種建築用地,1030523,土地1建物0車位0,,,其他,,,,0.0,0,0,0,有,無,320000,2660,,0.0,0,,RPQNMLTJOHJFFDT37DA,0.0,0.0,0.0,,
崁頂鄉,房地(土地+建物),屏東縣崁頂鄉南順巷13號,68.64,住,,,1030509,土地1建物1車位0,全,二層,透天厝,住家用,加強磚造,0700323,78.06,0,0,0,有,無,780000,9992,,0.0,0,,RPTNMLKKOHJFFDT86DA,78.06,0.0,0.0,,
佳冬鄉,土地,佳和段44-1地號,2635.0,農,,,1030603,土地2建物0車位0,,,其他,,,,0.0,0,0,0,有,無,3395900,1289,,0.0,0,含地上農作物檳榔。,RPRNMLQJOHJFFFT47EA,0.0,0.0,0.0,,
佳冬鄉,土地,佳興段59地號,213.44,住,,,1030420,土地1建物0車位0,,,其他,,,,0.0,0,0,0,有,無,1800000,8433,,0.0,0,,RPQNMLQKOHJFFFT47EA,0.0,0.0,0.0,,
崁頂鄉,土地,頂信段217地號,2387.32,,一般農業區,農牧用地,1030520,土地1建物0車位0,,,其他,,,,0.0,0,0,0,有,無,3076658,1289,,0.0,0,,RPVNMLTJOHJFFDT87DA,0.0,0.0,0.0,,
萬巒鄉,土地,新厝段273-3地號,5892.0,,一般農業區,農牧用地,1030506,土地2建物0車位0,,,其他,,,,0.0,0,0,0,有,無,3530000,599,,0.0,0,,RPOOMLLJPHJFFCT09DA,0.0,0.0,0.0,,
佳冬鄉,土地,佳和段785地號,2278.0,農,,,1030514,土地1建物0車位0,,,其他,,,,0.0,0,0,0,有,無,2700000,1185,,0.0,0,,RPSNMLTJOHJFFFT77DA,0.0,0.0,0.0,,
東港鎮,房地(土地+建物),屏東縣東港鎮環美五街４０號,228.42,,一般農業區,丁種建築用地,1030411,土地1建物1車位0,一層，二層,二層,其他,廠房,鋼筋混凝土構造,1011008,260.96,5,2,3,有,無,7230000,27705,,0.0,0,,RPSNMLTLOHJFFDT67CA,248.78,12.18,0.0,,
東港鎮,房地(土地+建物),屏東縣東港鎮環美七街５７號,260.14,,一般農業區,丁種建築用地,1030401,土地1建物1車位0,一層，二層,二層,其他,廠房,鋼筋混凝土構造,1010924,270.65,5,2,3,有,無,7700000,28450,,0.0,0,,RPRNMLLJPHJFFDT66CA,261.07,9.58,0.0,,
新園鄉,土地,仙吉段85地號,2500.0,農,,,1030520,土地1建物0車位0,,,其他,,,,0.0,0,0,0,有,無,9750000,3900,,0.0,0,,RPPNMLNKOHJFFDT66CA,0.0,0.0,0.0,,
東港鎮,房地(土地+建物),屏東縣東港鎮環美三街２８號,225.4,,一般農業區,丁種建築用地,1030428,土地1建物1車位0,一層，二層,二層,其他,廠房,鋼筋混凝土構造,1020314,260.96,5,2,3,有,無,7450000,28548,,0.0,0,,RPPNMLTLOHJFFDT37CA,248.78,12.18,0.0,,
新園鄉,土地,新吉段1894地號,2247.0,,特定農業區,農牧用地,1030421,土地1建物0車位0,,,其他,,,,0.0,0,0,0,有,無,7350000,3271,,0.0,0,,RPQNMLNLOHJFFDT86CA,0.0,0.0,0.0,,
內埔鄉,土地,建興段787-3地號,2571.08,,一般農業區,農牧用地,1030512,土地2建物0車位0,,,其他,,,,0.0,0,0,0,有,無,10070000,3917,,0.0,0,,RPPNMLLLOHJFFCT09CA,0.0,0.0,0.0,,
潮州鎮,房地(土地+建物),屏東縣潮州鎮瑞昌街４３號,87.67,住,,,1030517,土地1建物1車位0,全,四層,透天厝,住家用,鋼筋混凝土造,0820818,252.39,5,1,3,有,無,4300000,17037,,0.0,0,,RPRNMLNLOHJFFCT86CA,208.8,22.51,21.08,,
潮州鎮,土地,新五魁段881地號,151.34,商,,,1030519,土地1建物0車位0,,,其他,,,,0.0,0,0,0,有,無,4570000,30197,,0.0,0,,RPQNMLOLOHJFFCT86CA,0.0,0.0,0.0,,
潮州鎮,房地(土地+建物),屏東縣潮州鎮志成路５１８巷５弄１２號,105.32,住,,,1030512,土地2建物1車位0,全,三層,透天厝,住家用,見其他登記事項,1020902,167.32,4,2,3,有,無,6200000,37055,,0.0,0,,RPROMLNJPHJFFCT86CA,129.54,37.78,0.0,,
牡丹鄉,土地,八瑤段33-8地號,10030.0,,山坡地保育區,林業用地,1030530,土地1建物0車位0,,,其他,,,,0.0,0,0,0,有,無,100000,10,,0.0,0,,RPTNMLSJOHJFFET57CA,0.0,0.0,0.0,,
恆春鎮,土地,宣化段96地號,3048.53,,山坡地保育區,農牧用地,1030526,土地3建物0車位0,,,其他,,,,0.0,0,0,0,有,無,1728000,567,,0.0,0,,RPRNMLKKOHJFFET66CA,0.0,0.0,0.0,,
恆春鎮,房地(土地+建物),屏東縣恆春鎮興北路中興巷３７號,146.6,,鄉村區,乙種建築用地,1030506,土地4建物1車位0,全,三層,透天厝,住家用,鋼筋混凝土造,0821229,100.72,3,2,3,有,無,3380000,33558,,0.0,0,,RPRNMLTJOHJFFET47CA,100.72,0.0,0.0,,
恆春鎮,土地,大平頂段下大平頂小段150-3地號,4237.0,,山坡地保育區,農牧用地,1030508,土地1建物0車位0,,,其他,,,,0.0,0,0,0,有,無,2400000,566,,0.0,0,,RPSNMLNKOHJFFET07CA,0.0,0.0,0.0,,
滿州鄉,土地,束段493地號,10260.0,,國家公園區,,1030529,土地1建物0車位0,,,其他,,,,0.0,0,0,0,有,無,4125000,402,,0.0,0,,RPWNMLLJPHJFFET27CA,0.0,0.0,0.0,,
枋寮鄉,房地(土地+建物),屏東縣枋寮鄉隆興路２１８巷２７號,155.91,住,,,1030512,土地1建物1車位0,全,三層,透天厝,住家用,鋼筋混凝土造,0950410,156.16,4,2,3,有,無,6300000,40343,,0.0,0,,RPPNMLRLOHJFFFT37CA,130.0,0.0,26.16,,
屏東市,房地(土地+建物),屏東縣屏東巿機場北路５３６號１０髏,17.79,住,,,1030527,土地1建物1車位0,十層,十四層,住宅大樓(11層含以上有電梯),見其他登記事項,鋼筋混凝土造,0881204,124.81,3,2,2,有,無,1980000,15864,,0.0,0,親友、員工或其他特殊關係間之交易。,RPQNMLTJOHJFFAT07DA,82.95,0.0,11.13,,
屏東市,房地(土地+建物),屏東縣屏東巿民族路704巷14號,88.0,住,,,1030522,土地1建物1車位0,全,二層,透天厝,住商用,加強磚造,0700723,96.8,2,2,2,有,無,2500000,25826,,0.0,0,親友、員工或其他特殊關係間之交易。,RPUNMLRKOHJFFAT37DA,96.8,0.0,0.0,,
高樹鄉,土地,埔崙段916地號,4875.0,,一般農業區,農牧用地,1030519,土地1建物0車位0,,,其他,,,,0.0,0,0,0,有,無,3750000,769,,0.0,0,,RPRNMLQJOHJFFBT86CA,0.0,0.0,0.0,,
潮州鎮,房地(土地+建物),屏東縣潮州鎮文化路８２號,118.43,住,,,1030402,土地1建物1車位0,全,三層,透天厝,住商用,鋼筋混凝土造,0700202,162.0,0,0,2,無,無,6500000,40123,,0.0,0,,RPRNMLSKOHJFFCT27CA,162.0,0.0,0.0,,
新埤鄉,房地(土地+建物),屏東縣新埤鄉龍潭路１３０號,127.0,,鄉村區,乙種建築用地,1030502,土地1建物1車位0,全,一層,透天厝,住家用,加強磚造,0710522,75.33,3,1,2,有,無,300000,3982,,0.0,0,親友、員工或其他特殊關係間之交易。,RPXNMLKKOHJFFCT07CA,75.33,0.0,0.0,,
竹田鄉,土地,西勢段382-7地號,43.0,,鄉村區,乙種建築用地,1030526,土地1建物0車位0,,,其他,,,,0.0,0,0,0,有,無,300000,6977,,0.0,0,,RPPOMLKKOHJFFCT98CA,0.0,0.0,0.0,,
竹田鄉,土地,新田段157-2地號,5104.0,,特定農業區,農牧用地,1030418,土地2建物0車位0,,,其他,,,,0.0,0,0,0,有,無,11309000,2216,,0.0,0,,RPQNMLLKOHJFFCT09CA,0.0,0.0,0.0,,
內埔鄉,土地,忠心崙段276地號,4549.0,,一般農業區,農牧用地,1030521,土地1建物0車位0,,,其他,,,,0.0,0,0,0,有,無,3500000,769,,0.0,0,,RPSOMLLKOHJFFCT76CA,0.0,0.0,0.0,,
潮州鎮,房地(土地+建物)+車位,屏東縣潮州鎮永昌路４５號四樓之七,11.94,住,,,1030520,土地1建物1車位1,四層,十二層,住宅大樓(11層含以上有電梯),住家用,鋼筋混凝土造,0840718,96.64,3,2,2,有,無,1600000,16556,坡道平面,0.0,0,,RPXNMLLKOHJFFCT17CA,63.52,4.12,12.87,,
屏東市,房地(土地+建物)+車位,屏東縣屏東巿機場北路５５６號二樓,23.33,住,,,1030521,土地1建物1車位0,二層,十四層,住宅大樓(11層含以上有電梯),見其他登記事項,鋼筋混凝土造,0881204,185.98000000000002,4,2,2,有,有,2700000,14518,坡道平面,0.0,0,,RPWNMLTJOHJFFAT57CA,110.37,0.0,15.11,,
屏東市,房地(土地+建物)+車位,屏東縣屏東巿華盛街２１號三樓之三,42.79,住,,,1030504,土地1建物1車位0,三層,十四層,住宅大樓(11層含以上有電梯),見其他登記事項,鋼筋混凝土造,0930909,169.89,3,2,2,有,有,3130000,18424,坡道平面,0.0,0,,RPXNMLTJOHJFFAT67CA,96.85,0.0,10.43,,
長治鄉,土地,榮華段933-1地號,4043.52,,一般農業區,農牧用地,1030520,土地1建物0車位0,,,其他,,,,0.0,0,0,0,有,無,6160000,1523,,0.0,0,,RPOOMLTJOHJFFAT86CA,0.0,0.0,0.0,,
屏東市,房地(土地+建物),屏東縣屏東巿崇武路１５０之１號,105.0,住,,,1030519,土地1建物1車位0,全,三層,透天厝,住家用,鋼筋混凝土造,0990625,216.72,6,2,4,有,無,8300000,38298,,0.0,0,,RPPOMLTJOHJFFAT96CA,188.37,24.15,4.2,,
長治鄉,房地(土地+建物),屏東縣長治鄉水源路７之２７號,108.03,,鄉村區,乙種建築用地,1030418,土地2建物1車位0,全,三層,透天厝,住家用,鋼筋混凝土造,0950515,161.49,4,2,3,有,無,3300000,20435,,0.0,0,,RPROMLQJOHJFFAT86CA,0.0,0.0,0.0,,
屏東市,房地(土地+建物),屏東縣屏東巿廣東路４０９巷２４號,21.1,住,,,1030510,土地1建物1車位0,二層,五層,公寓(5樓含以下無電梯),見其他登記事項,鋼筋混凝土造,0700420,57.21,2,1,2,有,無,1700000,29715,,0.0,0,,RPSOMLQJOHJFFAT96CA,57.21,0.0,0.0,,
屏東市,房地(土地+建物),屏東縣屏東巿博愛路４１０號二樓,18.7,住,,,1030519,土地1建物1車位0,二層,七層,華廈(10層含以下有電梯),住家用,鋼筋混凝土造,0850315,114.17,3,2,2,有,有,2850000,24963,,0.0,0,,RPUOMLKKOHJFFAT66CA,66.87,2.41,10.56,,
屏東市,房地(土地+建物),屏東縣屏東巿機場北路６７６號八樓,8.7,住,,,1030508,土地1建物1車位0,八層,十四層,住宅大樓(11層含以上有電梯),見其他登記事項,鋼筋混凝土造,0881204,61.54,2,1,1,有,有,1050000,17062,,0.0,0,,RPVOMLKKOHJFFAT76CA,37.64,0.0,9.5,,
屏東市,房地(土地+建物),屏東縣屏東巿清寧街２８號六樓之一,17.86,住,,,1030521,土地1建物1車位0,六層,十二層,住宅大樓(11層含以上有電梯),住家用,鋼筋混凝土造,0840525,103.32,3,2,2,有,有,1850000,17906,,0.0,0,,RPSNMLKKOHJFFAT98CA,71.89,2.65,7.53,,
屏東市,房地(土地+建物),屏東縣屏東巿復興南路一段３７６巷９７弄１號五樓之二,41.79,,鄉村區,乙種建築用地,1030526,土地1建物1車位0,五層,五層,公寓(5樓含以下無電梯),住家用,鋼筋混凝土造,0831230,139.69,3,1,2,有,無,1530000,10953,,0.0,0,,RPSOMLKKOHJFFAT09CA,81.48,0.8,10.67,,
長治鄉,房地(土地+建物),屏東縣長治鄉新民街１１０巷１９號,116.44,住,,,1030429,土地2建物1車位0,全,三層,透天厝,住家用,鋼筋混凝土造,1020621,228.94,5,2,4,有,無,9150000,39967,,0.0,0,,RPOPMLLKOHJFFAT88CA,201.7,0.0,27.24,,
萬丹鄉,土地,社安段841地號,1886.0,,特定農業區,農牧用地,1030504,土地1建物0車位0,,,其他,,,,0.0,0,0,0,有,無,2535000,1344,,0.0,0,,RPPPMLLKOHJFFAT98CA,0.0,0.0,0.0,,
萬丹鄉,土地,水泉段545地號,133.61,住,,,1030509,土地1建物0車位0,,,其他,,,,0.0,0,0,0,有,無,2829000,21174,,0.0,0,,RPXNMLLKOHJFFAT96CA,0.0,0.0,0.0,,
屏東市,房地(土地+建物),屏東縣屏東巿公裕街３８３巷３６弄２６號,112.67,住,,,1030528,土地3建物1車位0,全,三層,透天厝,住家用,鋼筋混凝土造,1020313,171.98,5,2,3,有,無,9000000,52332,,0.0,0,,RPSNMLOLOHJFFAT86CA,158.46,0.0,13.52,,
屏東市,房地(土地+建物),屏東縣屏東巿古松西巷３弄５２號,69.29,住,,,1030512,土地2建物1車位0,全,四層,透天厝,見其他登記事項,鋼筋混凝土造,0911219,164.1,4,2,3,有,無,4600000,28032,,0.0,0,,RPPOMLOLOHJFFAT66CA,159.2,0.0,4.9,,
麟洛鄉,房地(土地+建物),屏東縣麟洛鄉民生路２７１之１號,121.2,,鄉村區,乙種建築用地,1030508,土地1建物1車位0,全,二層,透天厝,住商用,加強磚造,0790416,109.91,3,1,2,有,無,2800000,25475,,0.0,0,,RPWNMLLJPHJFFAT86CA,94.97,14.94,0.0,,
屏東市,房地(土地+建物),屏東縣屏東巿瑞光路二段２０８號,94.0,住,,,1030505,土地1建物1車位0,全,四層,透天厝,住商用,鋼筋混凝土造,0780728,249.81,6,2,4,有,無,9980000,39950,,0.0,0,,RPXNMLNKOHJFFAT17CA,234.83,14.98,0.0,,
長治鄉,房地(土地+建物),屏東縣長治鄉香楊路３３號九樓之八,3.58,住,,,1030507,土地4建物1車位0,九層,十二層,套房(1房1廳1衛),住家用,鋼筋混凝土造,0841006,47.54,1,1,1,有,有,750000,15776,,0.0,0,,RPSOMLNKOHJFFAT76CA,34.51,0.0,0.0,,
長治鄉,土地,德華段78-4地號,171.28,,鄉村區,乙種建築用地,1030507,土地1建物0車位0,,,其他,,,,0.0,0,0,0,有,無,1550000,9050,,0.0,0,含增建或未登記建物。,RPRNMLNLOHJFFAT66CA,0.0,0.0,0.0,,
長治鄉,房地(土地+建物),屏東縣長治鄉瑞光路一段７０３號,85.0,住,,,1030530,土地1建物1車位0,全,三層,透天厝,住家用,鋼筋混凝土造,0900830,355.5,4,1,2,有,無,7000000,19691,,0.0,0,,RPRNMLMLOHJFFAT56CA,301.44,35.94,18.12,,
萬丹鄉,房地(土地+建物),屏東縣萬丹鄉社上路196號,1255.91,,鄉村區,乙種建築用地,1030419,土地2建物1車位0,全,二層,透天厝,住家用,鋼筋混凝土造,0970117,361.3,6,2,5,有,無,6000000,16607,,0.0,0,,RPPNMLQLOHJFFAT76CA,327.14,0.0,34.16,,
屏東市,房地(土地+建物),屏東縣屏東巿西樂街１之１號,156.5,住,,,1030507,土地3建物1車位0,全,三層,透天厝,住家用,鋼筋混凝土造,1020813,195.42,5,2,4,有,無,8000000,40937,,0.0,0,,RPROMLNJPHJFFAT66CA,185.14,0.0,10.28,,
屏東市,房地(土地+建物),屏東縣屏東巿西樂街１之５號,102.0,住,,,1030506,土地1建物1車位0,全,三層,透天厝,住家用,鋼筋混凝土造,1020813,189.76,5,2,4,有,無,8000000,42159,,0.0,0,,RPSOMLNJPHJFFAT76CA,178.53,0.0,11.23,,
萬丹鄉,土地,廣安段587-1地號,684.02,,特定農業區,農牧用地,1030603,土地1建物0車位0,,,其他,,,,0.0,0,0,0,有,無,2500000,3655,,0.0,0,,RPOOMLLKOHJFFAT78CA,0.0,0.0,0.0,,
屏東市,房地(土地+建物),屏東縣屏東巿青島街１９５號,57.0,住,,,1030512,土地1建物1車位0,全,二層,透天厝,住家用,鋼筋混凝土加強磚造,0580120,92.72,4,2,3,有,無,4050000,43680,,0.0,0,,RPROMLLKOHJFFAT09CA,92.72,0.0,0.0,,
屏東市,房地(土地+建物),屏東縣屏東巿武威街３７號,102.0,住,,,1030606,土地1建物1車位0,全,三層,透天厝,住商用,鋼筋混凝土造,0741221,160.28,7,2,3,有,無,5500000,34315,,0.0,0,,RPXNMLKKOHJFFAT86CA,160.28,0.0,0.0,,
屏東市,房地(土地+建物)+車位,屏東縣屏東巿民生東路５６巷６弄５之５號,33.11,住,,,1030520,土地2建物1車位1,六層,六層,華廈(10層含以下有電梯),住家用,鋼筋混凝土造,0830516,116.86000000000001,3,2,2,有,有,2580000,22078,一樓平面,0.0,0,,RPOOMLKKOHJFFAT68CA,75.8,0.0,9.38,,
屏東市,房地(土地+建物),屏東縣屏東巿廣東路５３０號,69.0,住,,,1030508,土地1建物1車位0,全,二層,透天厝,住商用,鋼筋混凝土加強磚造,0611208,112.96,3,2,2,有,無,10200000,90297,,0.0,0,,RPTNMLKKOHJFFAT09CA,112.96,0.0,0.0,,
屏東市,土地,清溪段1663地號,1382.0,,特定農業區,農牧用地,1030508,土地1建物0車位0,,,其他,,,,0.0,0,0,0,有,無,4500000,3256,,0.0,0,,RPSNMLLKOHJFFAT09CA,0.0,0.0,0.0,,
竹田鄉,土地,新勢段357地號,2719.0,,特定農業區,農牧用地,1030429,土地1建物0車位0,,,其他,,,,0.0,0,0,0,有,無,6980000,2567,,0.0,0,,RPUOMLQKOHJFFCT47CA,0.0,0.0,0.0,,
萬巒鄉,土地,赤山段599地號,1018.0,,一般農業區,農牧用地,1030519,土地1建物0車位0,,,其他,,,,0.0,0,0,0,有,無,1049000,1030,,0.0,0,,RPROMLOKOHJFFCT96CA,0.0,0.0,0.0,,
內埔鄉,土地,隘寮段508-26地號,256.0,,一般農業區,甲種建築用地,1030529,土地1建物0車位0,,,其他,,,,0.0,0,0,0,有,無,500000,1953,,0.0,0,,RPQNMLQKOHJFFCT96CA,0.0,0.0,0.0,,
里港鄉,土地,武洛段1096地號,2655.0,,一般農業區,農牧用地,1030528,土地1建物0車位0,,,其他,,,,0.0,0,0,0,有,無,3180000,1198,,0.0,0,,RPPNMLKKOHJFFBT78CA,0.0,0.0,0.0,,
屏東市,房地(土地+建物),屏東縣屏東巿公園西路87巷4號,60.0,住,,,1030514,土地3建物1車位0,全,二層,透天厝,住家用,磚造,0630820,77.05,3,1,1,有,無,2000000,25957,,0.0,0,,RPQNMLKKOHJFFAT88DA,74.7,2.35,0.0,,
內埔鄉,土地,上龍泉段758地號,8101.68,農,,,1030521,土地1建物0車位0,,,其他,,,,0.0,0,0,0,有,無,10850000,1339,,0.0,0,,RPOOMLPLOHJFFCT96DA,0.0,0.0,0.0,,
竹田鄉,土地,西勢段1032-4地號,273.0,,一般農業區,甲種建築用地,1030418,土地1建物0車位0,,,其他,,,,0.0,0,0,0,有,無,1307670,4790,,0.0,0,向政府機關承購之案件。,RPOOMLLKOHJFFCT09DA,0.0,0.0,0.0,,
枋寮鄉,土地,內寮村段32地號,849.94,,一般農業區,農牧用地,1030603,土地1建物0車位0,,,其他,,,,0.0,0,0,0,有,無,2108000,2480,,0.0,0,,RPPNMLNKOHJFFFT86CA,0.0,0.0,0.0,,
恆春鎮,房地(土地+建物),屏東縣恆春鎮?南路３５巷３號,86.28,住,,,1030516,土地1建物1車位0,全,二層,透天厝,,加強磚造,0680221,109.62,4,2,3,有,無,3750000,34209,,0.0,0,,RPQNMLNKOHJFFET86CA,109.62,0.0,0.0,,
恆春鎮,房地(土地+建物),屏東縣恆春鎮德和路１６０巷３弄１０號,89.76,,鄉村區,乙種建築用地,1030424,土地3建物1車位0,全,三層,透天厝,見其他登記事項,鋼筋混凝土造,0871120,124.36,4,2,3,有,無,3800000,30556,,0.0,0,,RPRNMLNKOHJFFET96CA,0.0,0.0,0.0,,
潮州鎮,房地(土地+建物),屏東縣潮州鎮興隆路６３巷２８號,176.02,住,,,1030507,土地1建物1車位0,全,三層,透天厝,見其他登記事項,見其他登記事項,1030129,223.94,4,2,3,有,無,8500000,37957,,0.0,0,,RPOPMLNJPHJFFCT66CA,210.88,0.0,13.06,,
內埔鄉,房地(土地+建物),屏東縣內埔鄉北寧路二段１５８號,96.0,,鄉村區,乙種建築用地,1030604,土地1建物1車位0,全,二層,透天厝,住商用,加強磚造,0710610,103.0,2,1,2,有,無,1650000,16019,,0.0,0,,RPSNMLSJPHJFFCT37CA,103.0,0.0,0.0,,
崁頂鄉,房地(土地+建物),屏東縣崁頂鄉瓦?路７之５號,334.14,住,,,1030422,土地4建物1車位0,全,三層,透天厝,住宅,鋼筋混凝土造,0950626,210.29,4,2,3,有,無,5700000,27105,,0.0,0,,RPSNMLPLOHJFFDT27CA,185.79,6.2,18.3,,
琉球鄉,土地,白沙段680地號,55.64,商,,,1030414,土地1建物0車位0,,,其他,,,,0.0,0,0,1,有,無,3500000,62904,,0.0,0,建物無保存登記一棟二層樓,RPUNMLMKOHJFFDT07CA,0.0,0.0,0.0,,
東港鎮,房地(土地+建物),屏東縣東港鎮興東路５７之２１號,101.83,住,,,1030517,土地1建物1車位0,全,三層,透天厝,住家用,鋼筋混凝土造,0810321,170.85,4,2,3,有,無,3910000,22886,,0.0,0,,RPPNMLRKOHJFFDT07CA,164.22,6.63,0.0,,
東港鎮,土地,龍帝段689地號,609.03,農,,,1030403,土地1建物0車位0,,,其他,,,,0.0,0,0,0,有,無,513000,842,,0.0,0,,RPWNMLTJOHJFFDT87CA,0.0,0.0,0.0,,
崁頂鄉,土地,越溪段395地號,231.46,,一般農業區,農牧用地,1030528,土地1建物0車位0,,,其他,,,,0.0,0,0,0,有,無,340000,1469,,0.0,0,,RPXNMLTJOHJFFDT97CA,0.0,0.0,0.0,,
琉球鄉,土地,本漁段984地號,281.71,住,,,1030523,土地2建物0車位0,,,其他,,,,0.0,0,0,0,有,無,4450000,15796,,0.0,0,,RPSNMLMKOHJFFDT86CA,0.0,0.0,0.0,,
南州鄉,土地,同安段981地號,1001.94,,一般農業區,農牧用地,1030308,土地3建物0車位0,,,其他,,,,0.0,0,0,0,有,無,1200000,1198,,0.0,0,,RPPNMLLJPHJFFDT09CA,0.0,0.0,0.0,,
恆春鎮,土地,山腳段1017-8地號,14.0,,山坡地保育區,林業用地,1030515,土地1建物0車位0,,,其他,,,,0.0,0,0,0,有,無,392,28,,0.0,0,向政府機關承購之案件。,RPPNMLTKOHJFFET57EA,0.0,0.0,0.0,,
東港鎮,土地,關帝段89-1地號,1516.31,,一般農業區,農牧用地,1030509,土地1建物0車位0,,,其他,,,,0.0,0,0,0,有,無,3048465,2010,,0.0,0,,RPPNMLKKOHJFFDT09DA,0.0,0.0,0.0,,
新園鄉,土地,新南段650-5地號,224.19,,一般農業區,農牧用地,1030515,土地1建物0車位0,,,其他,,,,0.0,0,0,0,有,無,1860000,8297,,0.0,0,,RPPNMLLKOHJFFDT56DA,0.0,0.0,0.0,,
南州鄉,土地,同安段1478地號,1966.92,,一般農業區,農牧用地,1030529,土地1建物0車位0,,,其他,,,,0.0,0,0,0,有,無,2360304,1200,,0.0,0,親友、員工或其他特殊關係間之交易。,RPQNMLMKOHJFFDT76DA,0.0,0.0,0.0,,
內埔鄉,土地,大興段810地號,13453.76,,一般農業區,農牧用地,1030516,土地10建物0車位0,,,其他,,,,0.0,0,0,0,有,無,11789000,876,,0.0,0,,RPVNMLQLOHJFFCT67DA,0.0,0.0,0.0,,
恆春鎮,房地(土地+建物),屏東縣恆春鎮省北路183巷35弄2號,152.32,住,,,1030528,土地1建物1車位0,全,三層,透天厝,住家用,鋼筋混凝土造,0860327,158.64,5,1,3,有,無,5000000,31518,,0.0,0,,RPPNMLMKOHJFFET76DA,158.64,0.0,0.0,,
枋寮鄉,土地,東海段18-3地號,298.0,,工業區,丁種建築用地,1030523,土地1建物0車位0,,,其他,,,,0.0,0,0,0,有,無,1500000,5034,,0.0,0,,RPQNMLRKOHJFFFT57EA,0.0,0.0,0.0,,
新園鄉,房地(土地+建物),屏東縣新園鄉永和路６號,59.76,住,,,1030526,土地2建物1車位0,全,一層,透天厝,住宅,加強磚造,06101,44.35,2,2,2,有,無,1110000,25028,,0.0,0,,RPRNMLLKOHJFFDT66CA,44.35,0.0,0.0,,
琉球鄉,土地,花矸段908地號,173.12,其他,,,1030521,土地1建物0車位0,,,其他,,,,0.0,0,0,0,有,無,1309000,7561,,0.0,0,,RPPNMLQKOHJFFDT96CA,0.0,0.0,0.0,,
新埤鄉,土地,南岸段443-8地號,745.0,,特定農業區,甲種建築用地,1030507,土地3建物0車位0,,,其他,,,,0.0,0,0,0,有,無,1690000,2268,,0.0,0,,RPVOMLOJPHJFFCT37CA,0.0,0.0,0.0,,
內埔鄉,房地(土地+建物),屏東縣內埔鄉康寧路１５０號八樓之三,19.64,住,,,1030515,土地1建物1車位0,八層,十二層,住宅大樓(11層含以上有電梯),住家用,鋼筋混凝土造,0850131,108.5,3,2,2,有,有,1770000,16313,,0.0,0,,RPXNMLNLOHJFFCT47CA,71.47,0.0,9.39,,
內埔鄉,房地(土地+建物)+車位,屏東縣內埔鄉學人路７０２巷８３號,144.99,住,,,1030515,土地1建物1車位1,全,三層,透天厝,住家用,見其他登記事項,1020826,212.83,6,2,4,有,無,8200000,38528,一樓平面,0.0,0,,RPTNMLPLOHJFFCT27CA,178.81,22.49,11.53,,
內埔鄉,房地(土地+建物),屏東縣內埔鄉信義路１７７號,1204.0,,一般農業區,農牧用地,1030429,土地2建物1車位0,一層，二層,二層,農舍,農舍,加強磚造,0830305,185.76,4,1,2,有,無,6500000,,,0.0,0,,RPSNMLKLOHJFFCT66CA,178.22,7.54,0.0,,
萬巒鄉,土地,五溝水段1221-4地號,509.67,,鄉村區,乙種建築用地,1030403,土地2建物0車位0,,,其他,,,,0.0,0,0,0,有,無,4008420,7865,,0.0,0,,RPOOMLSKOHJFFCT07CA,0.0,0.0,0.0,,
新埤鄉,土地,餉潭段146-11地號,206.0,,鄉村區,乙種建築用地,1030526,土地2建物0車位0,,,其他,,,,0.0,0,0,0,有,無,360000,1748,,0.0,0,二親等買賣,RPPNMLTKOHJFFCT17CA,0.0,0.0,0.0,,
恆春鎮,土地,大平頂段上大平頂小段296地號,4590.0,,山坡地保育區,農牧用地,1030529,土地1建物0車位0,,,其他,,,,0.0,0,0,0,有,無,2550000,556,,0.0,0,,RPVNMLPLOHJFFET67CA,0.0,0.0,0.0,,
恆春鎮,房地(土地+建物),屏東縣恆春鎮興北路２５號,100.0,,鄉村區,乙種建築用地,1030514,土地1建物1車位0,全,二層,透天厝,住家用,加強磚造,0750906,107.48,2,1,2,有,無,1650000,15352,,0.0,0,,RPQNMLOLOHJFFET07CA,103.46,4.02,0.0,,
恆春鎮,建物,屏東縣恆春鎮墾丁路１６６號,0.0,,,,1030603,土地0建物1車位0,一層，二層，三層,三層,店面(店鋪),住商用,鋼筋混凝土造,0780116,158.08,5,3,7,有,無,500000,3163,,0.0,0,親友、員工或其他特殊關係間之交易。,RPVNMLMLOHJFFET37CA,158.08,0.0,0.0,,
恆春鎮,建物,屏東縣恆春鎮墾丁路２３７號２３９號,0.0,,,,1030603,土地0建物1車位0,一層，二層，夾層，地下層,二層,其他,見其他登記事項,鋼筋混凝土造,0740812,1916.34,56,4,62,有,無,5600000,2922,,0.0,0,親友、員工或其他特殊關係間之交易。,SPVNMLMLOHJFFET47CA,1779.62,88.45,48.28,,
新埤鄉,土地,新力段544地號,1729.24,,特定農業區,農牧用地,1030529,土地1建物0車位0,,,其他,,,,0.0,0,0,0,有,無,1320000,763,,0.0,0,,RPSNMLKKOHJFFCT66DA,0.0,0.0,0.0,,
高樹鄉,建物,屏東縣高樹鄉高華商場路6號,0.0,,,,1030507,土地0建物1車位0,全,二層,透天厝,住商用,鋼筋混凝土加強磚造,0600701,86.59,2,2,2,有,無,550000,6352,,0.0,0,,RPPNMLKMOHJFFBT09DA,86.59,0.0,0.0,,
高樹鄉,土地,興中段320地號,67.0,商,,,1030507,土地1建物0車位0,,,其他,,,,0.0,0,0,0,有,無,603000,9000,,0.0,0,,RPQNMLQKOHJFFBT96DA,0.0,0.0,0.0,,
高樹鄉,土地,埔崙段677地號,3859.0,,一般農業區,農牧用地,1030520,土地1建物0車位0,,,其他,,,,0.0,0,0,0,有,無,3000000,777,,0.0,0,,RPQNMLMKOHJFFBT56DA,0.0,0.0,0.0,,
鹽埔鄉,土地,新德段780地號,3834.5,,一般農業區,農牧用地,1030513,土地1建物0車位0,,,其他,,,,0.0,0,0,0,有,無,4345000,1133,,0.0,0,,RPWNMLPLOHJFFBT57DA,0.0,0.0,0.0,,
屏東市,房地(土地+建物),屏東縣屏東巿康定街83巷10弄3號,59.0,住,,,1030526,土地1建物1車位0,全,二層,透天厝,住家用,鋼筋混凝土加強磚造,0640911,74.4,3,1,2,有,無,1600000,21505,,0.0,0,,RPQNMLLKOHJFFAT98DA,74.4,0.0,0.0,,
屏東市,土地,林內段87-16地號,150.5,住,,,1030308,土地12建物0車位0,,,其他,,,,0.0,0,0,0,有,無,3350000,22259,,0.0,0,,RPVNMLKMOHJFFAT96DA,0.0,0.0,0.0,,
屏東市,房地(土地+建物)+車位,屏東縣屏東巿機場北路640號13樓,37.96,住,,,1030604,土地1建物1車位1,十三層，十四層,十四層,住宅大樓(11層含以上有電梯),見其他登記事項,鋼筋混凝土造,0881204,288.55,4,2,3,有,無,4810000,16670,坡道平面,24.01,400000,,RPSNMLQLOHJFFAT17DA,186.91,0.0,19.06,,
屏東市,房地(土地+建物),屏東縣屏東巿太原路47號,78.0,住,,,1030525,土地1建物1車位0,全,二層,透天厝,住商用,加強磚造,0681208,103.06,1,1,2,有,無,2700000,26198,,0.0,0,,RPVNMLNLOHJFFAT17DA,103.06,0.0,0.0,,
九如鄉,土地,九仁段890-1地號,174.57,住,,,1030520,土地4建物0車位0,,,其他,,,,0.0,0,0,0,有,無,200000,1146,,0.0,0,親友、員工或其他特殊關係間之交易。,RPOOMLNLOHJFFAT56DA,0.0,0.0,0.0,,
屏東市,土地,頂柳段549地號,4080.52,,一般農業區,農牧用地,1030528,土地1建物0車位0,,,其他,,,,0.0,0,0,0,有,無,8300000,2034,,0.0,0,,RPSOMLRJPHJFFAT27DA,0.0,0.0,0.0,,
鹽埔鄉,土地,鹽東段188-1地號,28.4,農,,,1030526,土地1建物0車位0,,,其他,,,,0.0,0,0,0,有,無,24900,877,,0.0,0,,RPPNMLRKOHJFFBT86CA,0.0,0.0,0.0,,
高樹鄉,土地,興中段1110地號,1059.0,農,,,1030519,土地1建物0車位0,,,其他,,,,0.0,0,0,0,有,無,1200000,1133,,0.0,0,,RPRNMLRKOHJFFBT07CA,0.0,0.0,0.0,,
內埔鄉,房地(土地+建物),屏東縣內埔鄉四維路１５巷４１號,82.32,,鄉村區,乙種建築用地,1030524,土地3建物1車位0,全,三層,透天厝,住家用,鋼筋混凝土造,0830927,104.36,4,1,2,有,無,2700000,25872,,0.0,0,,RPUNMLQKOHJFFCT37CA,94.35,0.0,10.01,,
潮州鎮,房地(土地+建物),屏東縣潮州鎮光陽街１３號,85.99,住,,,1030506,土地1建物1車位0,全,四層,透天厝,住家用,鋼筋混凝土造,0800426,203.23,6,1,4,有,無,4100000,20174,,0.0,0,,RPSOMLOKOHJFFCT07CA,203.23,0.0,0.0,,
內埔鄉,土地,新東勢段58-8地號,2600.0,,一般農業區,農牧用地,1030609,土地1建物0車位0,,,其他,,,,0.0,0,0,0,有,無,3980000,1531,,0.0,0,,RPVNMLRKOHJFFCT57CA,0.0,0.0,0.0,,
竹田鄉,土地,鳳新段891地號,1024.47,,特定農業區,農牧用地,1030514,土地1建物0車位0,,,其他,,,,0.0,0,0,0,有,無,5170000,5047,,0.0,0,,RPWOMLLKOHJFFCT17CA,0.0,0.0,0.0,,
萬巒鄉,建物,屏東縣萬巒鄉萬興路９０之２號,0.0,,,,1030603,土地0建物1車位0,全,二層,透天厝,住家用,加強磚造,0690327,96.0,2,1,2,有,無,460000,4792,,0.0,0,,RPUOMLLKOHJFFCT96CA,0.0,0.0,0.0,,
內埔鄉,土地,美和段1299地號,2277.0,,特定農業區,農牧用地,1030529,土地1建物0車位0,,,其他,,,,0.0,0,0,0,有,無,3520500,1546,,0.0,0,,RPUNMLMKOHJFFCT96CA,0.0,0.0,0.0,,
潮州鎮,房地(土地+建物),屏東縣潮州鎮長春路８４之１號,45.49,住,,,1030523,土地1建物1車位0,全,二層,透天厝,住家用,鋼筋混凝土加強磚造,0640616,62.02,2,2,2,有,無,1350000,21767,,0.0,0,,RPVNMLMKOHJFFCT07CA,62.02,0.0,0.0,,
屏東市,房地(土地+建物),屏東縣屏東巿林森路２５巷５號,82.0,住,,,1030603,土地1建物1車位0,全,二層,透天厝,住家用,鋼筋混凝土加強磚造,0641028,96.56,4,1,2,有,無,3710000,38422,,0.0,0,,RPVNMLLKOHJFFAT76CA,96.56,0.0,0.0,,
萬丹鄉,土地,田厝段2084地號,134.02,,鄉村區,乙種建築用地,1030525,土地2建物0車位0,,,其他,,,,0.0,0,0,0,有,無,810850,6050,,0.0,0,,RPWOMLKKOHJFFAT86CA,0.0,0.0,0.0,,
麟洛鄉,房地(土地+建物),屏東縣麟洛鄉中華路１９０之５號,182.29,,一般農業區,甲種建築用地,1030429,土地1建物1車位0,全,三層,透天厝,住家用,鋼筋混凝土造,1020124,314.01,6,2,6,有,無,10000000,31846,,0.0,0,,RPUNMLMKOHJFFAT76CA,286.59,0.0,27.42,,
屏東市,房地(土地+建物),屏東縣屏東巿民貴街６０巷９號,44.0,住,,,1030524,土地2建物1車位0,全,二層,透天厝,住家用,鋼筋混凝土加強磚造,,70.0,3,2,2,有,無,2000000,28571,,0.0,0,,RPROMLKKPHJFFAT09CA,70.0,0.0,0.0,,
屏東市,房地(土地+建物)+車位,屏東縣屏東巿崇德一路９之１號,109.0,住,,,1030520,土地2建物1車位2,全,四層,透天厝,見其他登記事項,鋼筋混凝土造,0910729,232.94,4,2,4,有,無,7100000,30480,一樓平面,0.0,0,,RPQNMLPLOHJFFAT76CA,205.71,0.0,27.23,,
屏東市,房地(土地+建物),屏東縣屏東巿民族路４１６號,96.0,商,,,1030609,土地2建物1車位0,全,三層,透天厝,住商用,鋼筋混凝土造,0800529,240.37,11,3,7,有,無,7400000,30786,,0.0,0,,RPSNMLPLOHJFFAT96CA,240.37,0.0,0.0,,
屏東市,房地(土地+建物),屏東縣屏東巿龍華路６９號,132.19,,鄉村區,乙種建築用地,1030523,土地1建物1車位0,全,三層,透天厝,住商用,鋼筋混凝土造,0850730,224.25,3,1,4,有,無,5200000,23188,,0.0,0,,RPSNMLLJPHJFFAT09CA,214.0,10.25,0.0,,
屏東市,房地(土地+建物)+車位,屏東縣屏東巿永大路１１４巷３３號四樓,29.65,住,,,1030513,土地1建物1車位1,四層,六層,華廈(10層含以下有電梯),見其他登記事項,鋼筋混凝土造,0860718,127.41,3,2,2,有,有,2900000,22761,一樓平面,0.0,0,,RPRNMLRLOHJFFAT07CA,81.41,0.0,11.2,,
長治鄉,土地,進興段860地號,84.35,,鄉村區,乙種建築用地,1030603,土地1建物0車位0,,,其他,,,,0.0,0,0,0,有,無,250000,2964,,0.0,0,親友、員工或其他特殊關係間之交易。,RPPNMLMLOHJFFAT98CA,0.0,0.0,0.0,,
屏東市,土地,新興段822地號,2722.0,,特定農業區,農牧用地,1030502,土地1建物0車位0,,,其他,,,,0.0,0,0,0,有,無,10662800,3917,,0.0,0,,RPWNMLNKOHJFFAT07CA,0.0,0.0,0.0,,
麟洛鄉,土地,麟愛段493地號,39.9,住,,,1030603,土地1建物0車位0,,,其他,,,,0.0,0,0,0,有,無,1000000,25063,,0.0,0,本申報書資料係由當事人確認提供屬實，土地增 值稅由權利人負責繳納，兄弟間特殊關係間之交易。,RPSNMLRKOHJFFAT07CA,0.0,0.0,0.0,,
麟洛鄉,建物,屏東縣麟洛鄉中山路２４０號,0.0,,,,1030603,土地0建物1車位0,全,二層,透天厝,住商用,鋼筋混凝土造,0711025,102.58,3,1,2,有,無,100000,975,,0.0,0,本申報書資料係由當事人確認提供屬實，母子間特殊之交易。,RPTNMLRKOHJFFAT17CA,102.58,0.0,0.0,,
萬丹鄉,土地,社上段389地號,998.0,,特定農業區,農牧用地,1030520,土地1建物0車位0,,,其他,,,,0.0,0,0,0,有,無,2095800,2100,,0.0,0,,RPVNMLQKOHJFFAT27CA,0.0,0.0,0.0,,
屏東市,房地(土地+建物),屏東縣屏東巿民有一路７４號,72.0,住,,,1030516,土地3建物1車位0,全,三層,透天厝,住家用,鋼筋混凝土造,0700623,146.4,4,2,2,有,無,2700000,18443,,0.0,0,,RPPOMLQKOHJFFAT76CA,146.4,0.0,0.0,,
屏東市,房地(土地+建物),屏東縣屏東巿民學路１２０巷４８之１號,40.32,住,,,1030530,土地1建物1車位0,一層,五層,公寓(5樓含以下無電梯),國民住宅,鋼筋混凝土造,0710712,71.88,3,1,2,有,無,1800000,25042,,0.0,0,,RPQOMLQKOHJFFAT86CA,71.88,0.0,0.0,,
長治鄉,土地,榮興段93地號,203.08,,一般農業區,甲種建築用地,1030525,土地2建物0車位0,,,其他,,,,0.0,0,0,0,有,無,1200000,5909,,0.0,0,,RPVNMLNKOHJFFAT96CA,0.0,0.0,0.0,,
屏東市,房地(土地+建物),屏東縣屏東巿和生路二段９６巷２８弄５５號,115.57,住,,,1030526,土地2建物1車位0,全,三層,透天厝,住家用,鋼筋混凝土造,0820322,134.82,3,2,3,有,無,2800000,20768,,0.0,0,,RPQNMLNKOHJFFAT09CA,122.71,8.66,3.45,,
萬丹鄉,房地(土地+建物),屏東縣萬丹鄉忠孝街７１號,83.0,住,,,1030514,土地1建物1車位0,全,三層,透天厝,住家用,鋼筋混凝土造,0751104,165.14,5,2,3,有,無,3900000,23616,,0.0,0,,RPUOMLNKOHJFFAT96CA,159.34,5.8,0.0,,
屏東市,房地(土地+建物),屏東縣屏東巿民利路２０５巷１１號,53.0,住,,,1030520,土地1建物1車位0,全,二層,透天厝,住商用,鋼筋混凝土加強磚造,0630409,67.09,3,1,2,有,無,2850000,42480,,0.0,0,,RPQOMLNKOHJFFAT56CA,67.09,0.0,0.0,,
萬丹鄉,房地(土地+建物),屏東縣萬丹鄉萬壽路一段２２１號,113.33,,特定農業區,甲種建築用地,1030523,土地1建物1車位0,全,三層,透天厝,住家用,鋼筋混凝土造,1021206,188.63,5,2,5,有,無,6020000,31914,,0.0,0,,RPROMLNKOHJFFAT66CA,178.63,0.0,10.0,,
長治鄉,土地,復興段512地號,201.25,,鄉村區,乙種建築用地,1030505,土地1建物0車位0,,,其他,,,,0.0,0,0,0,有,無,2900000,14410,,0.0,0,含增建或未登記建物。,RPQNMLMLOHJFFAT09CA,0.0,0.0,0.0,,
屏東市,房地(土地+建物),屏東縣屏東巿建國路６１巷１４８號,72.0,住,,,1030520,土地1建物1車位0,全,二層,透天厝,住家用,加強磚造,0651013,89.0,2,1,2,有,無,822700,9244,,0.0,0,親友、員工或其他特殊關係間之交易。,RPXNMLKLOHJFFAT96CA,89.0,0.0,0.0,,
屏東市,房地(土地+建物),屏東縣屏東巿古松西巷３７８弄９號,149.5,住,,,1030412,土地2建物1車位0,全,四層,透天厝,住家用,鋼筋混凝土造,0920415,195.97,4,2,4,有,無,6600000,33679,,0.0,0,,RPPOMLNLOHJFFAT56CA,176.18,0.0,19.79,,
屏東市,房地(土地+建物)+車位,屏東縣屏東巿瑞光里香揚巷32號六樓之三,37.75,住,,,1030522,土地1建物1車位1,六層,六層,華廈(10層含以下有電梯),見其他登記事項,鋼筋混凝土造,0861202,147.95,4,2,2,有,有,2700000,18249,一樓平面,0.0,0,,RPQNMLRLOHJFFAT96CA,98.05,0.0,14.18,,
長治鄉,房地(土地+建物),屏東縣長治鄉合興路２０８巷２１之１５號,106.48,住,,,1030426,土地1建物1車位0,全,三層,透天厝,住家用,鋼筋混凝土造,1030317,156.42,4,2,3,有,無,6950000,44432,,0.0,0,,RPVNMLPLOHJFFAT27CA,143.83,0.0,12.59,,
長治鄉,房地(土地+建物),屏東縣長治鄉合興路２０８巷２１之１０號,114.61,住,,,1030425,土地1建物1車位0,全,三層,透天厝,住家用,鋼筋混凝土造,1030317,161.64,4,2,3,有,無,7500000,46399,,0.0,0,,RPWNMLPLOHJFFAT37CA,148.62,0.0,13.02,,
屏東市,房地(土地+建物),屏東縣屏東巿武順街１８８號,49.5,住,,,1030528,土地1建物1車位0,全,四層,透天厝,住商用,鋼筋混凝土造,0860630,123.46,3,2,2,有,無,2000000,16200,,0.0,0,,RPQNMLLKPHJFFAT98CA,121.0,0.0,2.46,,
屏東市,房地(土地+建物),屏東縣屏東巿機場北路４９６號二樓,22.54,住,,,1030516,土地1建物1車位0,二層,十四層,住宅大樓(11層含以上有電梯),見其他登記事項,鋼筋混凝土造,0881204,158.39,3,2,2,有,有,2900000,18309,,0.0,0,,RPVNMLMKOHJFFAT86CA,108.2,0.0,14.66,,
屏東市,房地(土地+建物),屏東縣屏東巿青島街１５６巷５弄２之４號,28.5,住,,,1030530,土地2建物1車位0,五層,五層,公寓(5樓含以下無電梯),住家用,鋼筋混凝土造,0770402,93.99,3,2,2,有,無,700000,7447,,0.0,0,,RPWNMLMKOHJFFAT96CA,77.5,0.0,0.0,,
屏東市,房地(土地+建物),屏東縣屏東巿瑞光路二段３２６號,86.0,住,,,1030530,土地1建物1車位0,全,三層,透天厝,住商用,鋼筋混凝土造,0761029,172.25,4,2,3,有,無,7900000,45864,,0.0,0,,RPTPMLLKOHJFFAT76CA,168.52,3.73,0.0,,
屏東市,房地(土地+建物),屏東縣屏東巿公勤街１３３巷２２號,135.39,住,,,1030531,土地3建物1車位0,全,四層,透天厝,住家用,鋼筋混凝土造,0940111,261.15,4,2,5,有,無,9800000,37526,,0.0,0,,RPRNMLMKOHJFFAT09CA,231.51,2.33,27.31,,
屏東市,房地(土地+建物),屏東縣屏東巿棒球路１６０巷２２之９號,23.89,住,,,1030512,土地1建物1車位0,十層,十層,華廈(10層含以下有電梯),見其他登記事項,鋼筋混凝土造,0800812,117.91999999999999,3,2,2,有,有,2600000,22049,,0.0,0,,RPQOMLLKOHJFFAT98CA,78.2,1.08,8.46,,
萬巒鄉,房地(土地+建物),屏東縣萬巒鄉光復路３５之３號,73.0,,一般農業區,甲種建築用地,1030527,土地1建物1車位0,全,三層,透天厝,住家用,鋼筋混凝土造,0811203,134.29,5,1,3,有,無,1730000,12883,,0.0,0,,RPWNMLMKOHJFFCT17CA,0.0,0.0,0.0,,
萬巒鄉,土地,五溝水段180-826地號,6814.0,,一般農業區,農牧用地,1030509,土地2建物0車位0,,,其他,,,,0.0,0,0,0,有,無,5600000,822,,0.0,0,,RPXNMLMKOHJFFCT27CA,0.0,0.0,0.0,,
內埔鄉,房地(土地+建物),屏東縣內埔鄉永平街３１號,88.14,住,,,1030520,土地1建物1車位0,全,三層,透天厝,見其他登記事項,見其他登記事項,1030303,161.11,4,2,3,有,無,6000000,37242,,0.0,0,,RPPNMLMKOHJFFCT09CA,151.0,0.0,10.11,,
內埔鄉,房地(土地+建物),屏東縣內埔鄉永平街２５號,120.63,住,,,1030520,土地1建物1車位0,全,三層,透天厝,見其他登記事項,見其他登記事項,1030303,195.09,4,2,4,有,無,6500000,33318,,0.0,0,,RPQNMLMKOHJFFCT56CA,184.99,0.0,10.1,,
內埔鄉,土地,新北勢段306地號,1397.0,,鄉村區,乙種建築用地,1030507,土地1建物0車位0,,,其他,,,,0.0,0,0,0,有,無,6500000,4653,,0.0,0,,RPPNMLRKOHJFFCT96CA,0.0,0.0,0.0,,
內埔鄉,土地,新埔段2761地號,2772.0,,特定農業區,農牧用地,1030526,土地1建物0車位0,,,其他,,,,0.0,0,0,0,有,無,7000000,2525,,0.0,0,農地包括地上物,RPTNMLNKOHJFFCT96CA,0.0,0.0,0.0,,
屏東市,房地(土地+建物),屏東縣屏東巿機場北路692號十樓,22.54,住,,,1030610,土地1建物1車位0,十層,十四層,住宅大樓(11層含以上有電梯),見其他登記事項,鋼筋混凝土造,0881204,158.89,4,2,2,有,有,3100000,19510,,0.0,0,,RPVNMLQLOHJFFAT47DA,108.2,0.0,15.16,,
屏東市,房地(土地+建物),屏東縣屏東巿機場北路572號13樓,45.08,住,,,1030610,土地1建物1車位0,十四層，十三層,十四層,住宅大樓(11層含以上有電梯),見其他登記事項,鋼筋混凝土造,0881204,313.9,4,2,4,有,有,5500000,17522,,0.0,0,,RPTNMLQLOHJFFAT27DA,227.74,0.0,17.02,,
麟洛鄉,土地,麟平段918地號,5531.33,,一般農業區,農牧用地,1030603,土地1建物0車位0,,,其他,,,,0.0,0,0,0,有,無,12000000,2169,,0.0,0,,RPTNMLSKOHJFFAT37DA,0.0,0.0,0.0,,
屏東市,房地(土地+建物),屏東縣屏東巿中正路688巷65號,68.0,住,,,1030519,土地1建物1車位0,全,二層,透天厝,住家用,加強磚造,0691028,82.16,3,2,2,有,無,3500000,42600,,0.0,0,所有稅費由賣方負擔及附帶家具,RPSNMLNKOHJFFAT76DA,82.16,0.0,0.0,,
高樹鄉,土地,舊寮段347-25地號,287.0,,一般農業區,交通用地,1030529,土地1建物0車位0,,,其他,,,,0.0,0,0,0,有,無,800000,2787,,0.0,0,,RPRNMLMKOHJFFBT66DA,0.0,0.0,0.0,,
高樹鄉,土地,田子段43-2地號,792.0,,鄉村區,乙種建築用地,1030522,土地1建物0車位0,,,其他,,,,0.0,0,0,0,有,無,311190,393,,0.0,0,共有人有2人,RPSNMLNKOHJFFBT86DA,0.0,0.0,0.0,,
高樹鄉,土地,阿拔泉段594-847地號,4559.0,,一般農業區,農牧用地,1030523,土地2建物0車位0,,,其他,,,,0.0,0,0,0,有,無,2300000,504,,0.0,0,,RPPNMLMKOHJFFBT09DA,0.0,0.0,0.0,,
萬巒鄉,土地,四溝水段429地號,279.0,,鄉村區,乙種建築用地,1030516,土地2建物0車位0,,,其他,,,,0.0,0,0,0,有,無,1012770,3630,,0.0,0,國有土地,RPPNMLSJPHJFFCT17DA,0.0,0.0,0.0,,
牡丹鄉,土地,旭海段179地號,11070.0,,山坡地保育區,林業用地,1030602,土地1建物0車位0,,,其他,,,,0.0,0,0,0,有,無,2000000,181,,0.0,0,,RPRNMLQKOHJFFET27CA,0.0,0.0,0.0,,
竹田鄉,土地,新田段927-1地號,6045.0,,特定農業區,農牧用地,1030523,土地2建物0車位0,,,其他,,,,0.0,0,0,0,有,無,18690000,3092,,0.0,0,含地上作物檳榔及設施全部,RPUNMLRKOHJFFCT47CA,0.0,0.0,0.0,,
潮州鎮,房地(土地+建物),屏東縣潮州鎮和順街９６號,79.88,住,,,1030523,土地1建物1車位0,全,三層,透天厝,住家用,見其他登記事項,1021115,167.67,4,2,3,有,無,6300000,37574,,0.0,0,,RPXNMLNJPHJFFCT37CA,142.29,12.97,12.41,,
新園鄉,土地,新利段964地號,1654.5,,特定農業區,農牧用地,1030526,土地1建物0車位0,,,其他,,,,0.0,0,0,0,有,無,2150850,1300,,0.0,0,親友、員工或其他特殊關係間之交易。,RPQNMLQKOHJFFDT07CA,0.0,0.0,0.0,,
新園鄉,土地,五房段928地號,109.86,,鄉村區,乙種建築用地,1030530,土地1建物0車位0,,,其他,,,,0.0,0,0,0,有,無,1200000,10923,,0.0,0,含未登記建物一間，權利範圍1/2。,RPQNMLNKOHJFFDT76CA,0.0,0.0,0.0,,
新園鄉,土地,新吉段2104-5地號,1076.25,,特定農業區,農牧用地,1030527,土地1建物0車位0,,,其他,,,,0.0,0,0,0,有,無,1500000,1394,,0.0,0,,RPRNMLNKOHJFFDT86CA,0.0,0.0,0.0,,
東港鎮,土地,大埔段539地號,3202.98,農,,,1030522,土地1建物0車位0,,,其他,,,,0.0,0,0,0,有,無,3960000,1236,,0.0,0,,RPSNMLRKOHJFFDT37CA,0.0,0.0,0.0,,
東港鎮,土地,三隆段640地號,1239.8,,一般農業區,農牧用地,1030604,土地2建物0車位0,,,其他,,,,0.0,0,0,0,有,無,4718500,3806,,0.0,0,,RPTNMLMKOHJFFDT96CA,0.0,0.0,0.0,,
崁頂鄉,土地,頂仁段507地號,6969.32,,一般農業區,農牧用地,1030428,土地1建物0車位0,,,其他,,,,0.0,0,0,0,有,無,7903500,1134,,0.0,0,與東地031300號連件,RPTNMLKLOHJFFDT86CA,0.0,0.0,0.0,,
崁頂鄉,土地,頂仁段507-1地號,6969.32,,一般農業區,農牧用地,1030428,土地1建物0車位0,,,其他,,,,0.0,0,0,0,有,無,7903500,1134,,0.0,0,與東地031310號連件,RPUNMLKLOHJFFDT96CA,0.0,0.0,0.0,,
東港鎮,房地(土地+建物),屏東縣東港鎮鎮海路１之４３號,57.0,住,,,1030527,土地1建物1車位0,全,三層,透天厝,住宅,鋼筋混凝土造,0740128,101.85,3,2,2,有,無,1800000,17673,,0.0,0,,RPPOMLRLOHJFFDT27CA,0.0,0.0,0.0,,
東港鎮,房地(土地+建物),屏東縣東港鎮環美二街２７號,379.69,,一般農業區,丁種建築用地,1030426,土地1建物1車位0,一層，二層,二層,其他,廠房,鋼筋混凝土構造,1020314,266.08,5,2,3,有,無,8850000,33261,,0.0,0,,RPRNMLTLOHJFFDT57CA,253.9,12.18,0.0,,
佳冬鄉,土地,塭仔段1008地號,36.98,,鄉村區,乙種建築用地,1030602,土地1建物0車位0,,,其他,,,,0.0,0,0,0,有,無,180000,4867,,0.0,0,含未登記建物（平房）。,RPTNMLKLOHJFFFT27EA,0.0,0.0,0.0,,
東港鎮,房地(土地+建物),屏東縣東港鎮新學路21號,320.39,住,,,1030513,土地2建物1車位0,全,二層,透天厝,住宅,鋼筋混凝土造,0800717,367.19,5,2,3,有,無,18800000,51200,,0.0,0,,RPRNMLQKOHJFFDT27DA,350.53,16.66,0.0,,
東港鎮,房地(土地+建物),屏東縣東港鎮興東路３０７之５５號,116.27,住,,,1030405,土地1建物1車位0,全,三層,透天厝,住宅,鋼筋混凝土造,0831109,168.42,4,1,3,有,無,6400000,38000,,0.0,0,親友關係間之交易。,RPTNMLOJPHJFFDT17CA,161.7,6.72,0.0,,
東港鎮,土地,大鵬段971-7地號,235.17,其他,,,1030528,土地1建物0車位0,,,其他,,,,0.0,0,0,0,有,無,757247,3220,,0.0,0,政府機關承購之案件。,RPUOMLRLOHJFFDT77CA,0.0,0.0,0.0,,
東港鎮,土地,大鵬段165-1地號,199.35,其他,,,1030528,土地2建物0車位0,,,其他,,,,0.0,0,0,0,有,無,641907,3220,,0.0,0,政府機關承購之案件。,RPVOMLRLOHJFFDT87CA,0.0,0.0,0.0,,
東港鎮,土地,大鵬段961-1地號,59.91,其他,,,1030528,土地1建物0車位0,,,其他,,,,0.0,0,0,0,有,無,192910,3220,,0.0,0,政府機關承購之案件。,RPWOMLRLOHJFFDT97CA,0.0,0.0,0.0,,
南州鄉,土地,七塊段1428地號,8571.81,,一般農業區,農牧用地,1030529,土地4建物0車位0,,,其他,,,,0.0,0,0,0,有,無,4947600,577,,0.0,0,農地包括地上物[蓮霧],RPQNMLKLOHJFFDT56CA,0.0,0.0,0.0,,
潮州鎮,土地,八爺段43地號,9.53,,一般農業區,甲種建築用地,1030505,土地1建物0車位0,,,其他,,,,0.0,0,0,0,有,無,86000,9024,,0.0,0,,RPUNMLLJPHJFFCT86CA,0.0,0.0,0.0,,
潮州鎮,房地(土地+建物),屏東縣潮州鎮杭州街１７５號十樓之四,28.92,住,,,1030522,土地1建物1車位0,十層,十層,華廈(10層含以下有電梯),住家用,鋼筋混凝土造,0850606,121.59,4,1,2,有,無,1700000,13981,,0.0,0,,RPOPMLRLOHJFFCT17CA,86.51,0.0,11.46,,
萬巒鄉,房地(土地+建物),屏東縣萬巒鄉南進路79號,73.06,住,,,1030603,土地1建物1車位0,全,四層,透天厝,住商用,鋼筋混凝土造,0930705,167.97,4,1,3,有,無,2800000,16670,,0.0,0,,RPQOMLSKOHJFFCT27CA,161.97,0.0,6.0,,
竹田鄉,土地,新田段2188地號,3102.0,,特定農業區,農牧用地,1030526,土地1建物0車位0,,,其他,,,,0.0,0,0,0,有,無,5886200,1898,,0.0,0,,RPXNMLKLOHJFFCT17CA,0.0,0.0,0.0,,
潮州鎮,房地(土地+建物),屏東縣潮州鎮志成路５１８巷５弄１０號,105.33,住,,,1030508,土地2建物1車位0,全,三層,透天厝,住家用,見其他登記事項,1020902,167.63,4,2,3,有,無,6250000,37284,,0.0,0,,RPQOMLNJPHJFFCT76CA,133.07,34.56,0.0,,
恆春鎮,土地,大平頂段上大平頂小段253-31地號,1938.0,,山坡地保育區,農牧用地,1030603,土地1建物0車位0,,,其他,,,,0.0,0,0,0,有,無,1340000,691,,0.0,0,,RPPNMLMLOHJFFET76CA,0.0,0.0,0.0,,
恆春鎮,土地,大平頂段上大平頂小段253-42地號,4224.0,,山坡地保育區,農牧用地,1030603,土地2建物0車位0,,,其他,,,,0.0,0,0,0,有,無,2920000,691,,0.0,0,,RPQNMLMLOHJFFET86CA,0.0,0.0,0.0,,
恆春鎮,土地,大平頂段上大平頂小段253-14地號,6162.0,,山坡地保育區,農牧用地,1030603,土地2建物0車位0,,,其他,,,,0.0,0,0,0,有,無,4260000,691,,0.0,0,,RPRNMLMLOHJFFET96CA,0.0,0.0,0.0,,
恆春鎮,土地,大平頂段上大平頂小段253-15地號,3377.0,,山坡地保育區,農牧用地,1030603,土地1建物0車位0,,,其他,,,,0.0,0,0,0,有,無,2340000,693,,0.0,0,,RPSNMLMLOHJFFET07CA,0.0,0.0,0.0,,
恆春鎮,土地,大平頂段上大平頂小段253-17地號,4540.0,,山坡地保育區,農牧用地,1030603,土地1建物0車位0,,,其他,,,,0.0,0,0,0,有,無,3140000,692,,0.0,0,,RPTNMLMLOHJFFET17CA,0.0,0.0,0.0,,
枋寮鄉,土地,北玄段958地號,2020.0,,一般農業區,農牧用地,1030530,土地3建物0車位0,,,其他,,,,0.0,0,0,0,有,無,1249000,618,,0.0,0,,RPRNMLQKOHJFFFT37CA,0.0,0.0,0.0,,
九如鄉,土地,九平段871-1地號,49.16,其他,,,1030604,土地1建物0車位0,,,其他,,,,0.0,0,0,0,有,無,669190,13612,,0.0,0,,RPOOMLNKOHJFFAT09DA,0.0,0.0,0.0,,
屏東市,房地(土地+建物)+車位,屏東縣屏東巿機場北路650號13樓,37.96,住,,,1030611,土地1建物1車位1,十三層，十四層,十四層,住宅大樓(11層含以上有電梯),見其他登記事項,鋼筋混凝土造,0881204,288.55,4,2,3,有,有,5200000,18145,坡道平面,24.01,400000,,RPUNMLQLOHJFFAT37DA,186.91,0.0,19.06,,
內埔鄉,房地(土地+建物),屏東縣內埔鄉南豐路５之２號,94.71,,鄉村區,乙種建築用地,1030521,土地1建物1車位0,全,三層,透天厝,住家用,鋼筋混凝土造,0830713,145.12,2,2,3,有,無,1950000,13437,,0.0,0,,RPWNMLNKOHJFFCT27CA,115.22,14.62,15.28,,
內埔鄉,房地(土地+建物),屏東縣潮州鎮德美路２６３號,132.51,住,,,1030520,土地1建物1車位0,全,三層,透天厝,見其他登記事項,見其他登記事項,1030317,231.88,5,2,4,有,無,8550000,36873,,0.0,0,,RPRNMLOKOHJFFCT86CA,221.49,0.0,10.39,,
內埔鄉,房地(土地+建物),屏東縣潮州鎮永平街５６號,83.64,住,,,1030522,土地1建物1車位0,全,三層,透天厝,見其他登記事項,見其他登記事項,1030317,157.88,4,2,3,有,無,6000000,38004,,0.0,0,,RPSNMLOKOHJFFCT96CA,141.36,0.0,16.52,,
內埔鄉,房地(土地+建物),屏東縣潮州鎮永平街１８號,131.95,住,,,1030522,土地1建物1車位0,全,三層,透天厝,住家用,見其他登記事項,1030317,203.57,4,2,4,有,無,7000000,34386,,0.0,0,,RPTNMLOKOHJFFCT07CA,186.51,0.0,17.06,,
內埔鄉,房地(土地+建物),屏東縣潮州鎮永平街２０號,132.01,住,,,1030522,土地1建物1車位0,全,三層,透天厝,住家用,見其他登記事項,1030317,203.57,4,2,4,有,無,7000000,34386,,0.0,0,,RPUNMLOKOHJFFCT17CA,186.51,0.0,17.06,,
內埔鄉,房地(土地+建物),屏東縣潮州鎮永平街３６號,132.36,住,,,1030522,土地1建物1車位0,全,三層,透天厝,住家用,見其他登記事項,1030317,203.57,4,2,4,有,無,7000000,34386,,0.0,0,,RPVNMLOKOHJFFCT27CA,186.51,0.0,17.06,,
內埔鄉,房地(土地+建物),屏東縣潮州鎮德美路２６１號,132.55,住,,,1030520,土地1建物1車位0,全,三層,透天厝,見其他登記事項,見其他登記事項,1030317,231.88,0,0,4,無,無,8500000,36657,,0.0,0,,RPWNMLOKOHJFFCT37CA,221.49,0.0,10.39,,
內埔鄉,房地(土地+建物),屏東縣潮州鎮永平街６６號,197.35,住,,,1030522,土地1建物1車位0,全,三層,透天厝,住家用,見其他登記事項,1030317,214.69,5,2,4,有,無,8500000,39592,,0.0,0,,RPXNMLOKOHJFFCT47CA,202.65,0.0,12.04,,
內埔鄉,房地(土地+建物),屏東縣潮州鎮永平街１９號,83.78,住,,,1030522,土地1建物1車位0,全,三層,透天厝,見其他登記事項,見其他登記事項,1030303,149.29,4,2,3,有,無,6000000,40190,,0.0,0,,RPOOMLOKOHJFFCT66CA,136.43,0.0,12.86,,
內埔鄉,土地,新埔段1343地號,2651.0,,特定農業區,農牧用地,1030402,土地1建物0車位0,,,其他,,,,0.0,0,0,0,有,無,4500000,1697,,0.0,0,,RPSNMLRKOHJFFCT27CA,0.0,0.0,0.0,,
里港鄉,土地,春林段536地號,22.0,住,,,1030604,土地1建物0車位0,,,其他,,,,0.0,0,0,0,有,無,200000,9091,,0.0,0,,RPRNMLKMOHJFFBT56CA,0.0,0.0,0.0,,
九如鄉,土地,耆老段458地號,1270.0,,特定農業區,農牧用地,1030428,土地1建物0車位0,,,其他,,,,0.0,0,0,0,有,無,4310000,3394,,0.0,0,,RPXNMLSJPHJFFAT67CA,0.0,0.0,0.0,,
屏東市,土地,大連段344-6地號,377.0,工,,,1030510,土地1建物0車位0,,,其他,,,,0.0,0,0,0,有,無,7400000,19629,,0.0,0,,RPROMLMJPHJFFAT56CA,0.0,0.0,0.0,,
屏東市,土地,大連段355-32地號,330.6,工,,,1030528,土地2建物0車位0,,,其他,,,,0.0,0,0,0,有,無,5150000,15578,,0.0,0,,RPUNMLPLOHJFFAT17CA,0.0,0.0,0.0,,
長治鄉,土地,復興段1103地號,766.42,,一般農業區,農牧用地,1030520,土地1建物0車位0,,,其他,,,,0.0,0,0,0,有,無,2300000,3001,,0.0,0,,RPUNMLOLOHJFFAT07CA,0.0,0.0,0.0,,
屏東市,房地(土地+建物),屏東縣屏東巿公正街２４號,106.0,住,,,1030505,土地2建物1車位0,全,四層,透天厝,住商用,鋼筋混凝土造,0820310,228.13,8,0,8,有,無,6300000,27616,,0.0,0,,RPWNMLOLOHJFFAT27CA,201.16,6.7,20.27,,
麟洛鄉,土地,玄聖段221-4地號,2593.11,,一般農業區,農牧用地,1030527,土地1建物0車位0,,,其他,,,,0.0,0,0,0,有,無,5340000,2059,,0.0,0,,RPWPMLPLOHJFFAT57CA,0.0,0.0,0.0,,
屏東市,房地(土地+建物),屏東縣屏東巿華盛街１２巷４６號,77.0,住,,,1030519,土地1建物1車位0,全,三層,透天厝,住家用,鋼筋混凝土造,0930609,177.44,5,2,3,有,無,6650000,37477,,0.0,0,,RPTOMLQLOHJFFAT27CA,138.48,17.94,21.02,,
屏東市,房地(土地+建物),屏東縣屏東巿康定街１２９號,47.0,住,,,1030603,土地1建物1車位0,全,二層,透天厝,住商用,加強磚造,0680801,55.4,2,1,1,有,無,1600000,28881,,0.0,0,,RPPOMLNKOHJFFAT09CA,55.4,0.0,0.0,,
屏東市,房地(土地+建物),屏東縣屏東巿古松西巷７４６弄２２號,114.52,住,,,1030603,土地2建物1車位0,全,三層,透天厝,住家用,鋼筋混凝土造,1020905,194.45,5,2,3,有,無,9200000,47313,,0.0,0,,RPPNMLQKOHJFFAT66CA,168.55,0.0,25.9,,
屏東市,土地,萬年段922地號,237.0,住,,,1030603,土地1建物0車位0,,,其他,,,,0.0,0,0,0,有,無,9821800,41442,,0.0,0,,RPQNMLQKOHJFFAT76CA,0.0,0.0,0.0,,
屏東市,土地,正安段122-1地號,1554.64,,一般農業區,農牧用地,1030610,土地1建物0車位0,,,其他,,,,0.0,0,0,0,有,無,5100000,3281,,0.0,0,,RPTNMLNKOHJFFAT76CA,0.0,0.0,0.0,,
屏東市,房地(土地+建物),屏東縣屏東巿永大路８１號四樓之一,40.53,住,,,1030507,土地1建物1車位0,四層,五層,公寓(5樓含以下無電梯),國民住宅,鋼筋混凝土造,0831212,115.3,3,1,2,有,無,1800000,15611,,0.0,0,,RPWNMLQKOHJFFAT37CA,95.1,0.0,8.06,,
萬丹鄉,房地(土地+建物),屏東縣萬丹鄉忠孝街３８巷２號,99.0,住,,,1030513,土地1建物1車位0,全,四層,透天厝,住家用,鋼筋混凝土造,0791015,212.18,5,2,4,有,無,4200000,19795,,0.0,0,含增建或未登記建物。,RPVNMLRKOHJFFAT37CA,212.18,0.0,0.0,,
屏東市,土地,中柳段658地號,3249.19,,一般農業區,農牧用地,1030514,土地2建物0車位0,,,其他,,,,0.0,0,0,0,有,無,7360000,2265,,0.0,0,含地上作物檳榔及設施全部,RPWNMLRKOHJFFAT47CA,0.0,0.0,0.0,,
屏東市,房地(土地+建物),屏東縣屏東巿民興路２８號六樓之二,18.44,住,,,1030527,土地1建物1車位0,六層,十一層,住宅大樓(11層含以上有電梯),見其他登記事項,鋼筋混凝土造,0830622,111.27,3,2,2,有,有,2620000,23546,,0.0,0,,RPXNMLQKOHJFFAT47CA,71.43,0.0,11.62,,
萬丹鄉,房地(土地+建物),屏東縣萬丹鄉興國路１４７巷１１０號,96.11,,鄉村區,乙種建築用地,1030521,土地2建物1車位0,全,四層,透天厝,住家用,鋼筋混凝土造,0840325,147.74,3,1,3,有,無,1400000,9476,,0.0,0,,RPOOMLQKOHJFFAT66CA,136.49,3.75,7.5,,
屏東市,房地(土地+建物),屏東縣屏東巿崇明三街２２號,162.0,住,,,1030514,土地1建物1車位0,全,四層,透天厝,住商用,鋼筋混凝土造,0780124,203.05,5,2,3,有,無,6260000,30830,,0.0,0,,RPXNMLOLOHJFFAT37CA,198.97,4.08,0.0,,
屏東市,房地(土地+建物),屏東縣屏東巿機場北路５９６號八樓,22.54,住,,,1030604,土地1建物1車位0,八層,十四層,住宅大樓(11層含以上有電梯),見其他登記事項,鋼筋混凝土造,0881204,158.89,4,2,2,有,有,2900000,18252,,0.0,0,,RPSOMLNLOHJFFAT86CA,108.2,0.0,15.16,,
高樹鄉,土地,田子段644-4地號,4366.0,,一般農業區,農牧用地,1030603,土地1建物0車位0,,,其他,,,,0.0,0,0,0,有,無,3825000,876,,0.0,0,,RPQNMLLLOHJFFBT09CA,0.0,0.0,0.0,,
高樹鄉,土地,南興段227-3地號,19.0,住,,,1030526,土地1建物0車位0,,,其他,,,,0.0,0,0,0,有,無,287375,15125,,0.0,0,,RPPNMLQLOHJFFBT86CA,0.0,0.0,0.0,,
里港鄉,土地,新土庫段　1087地號,1410.2,,一般農業區,農牧用地,1030520,土地1建物0車位0,,,其他,,,,0.0,0,0,0,有,無,2615000,1854,,0.0,0,,RPPNMLTKOHJFFBT07CA,0.0,0.0,0.0,,
內埔鄉,房地(土地+建物),屏東縣潮州鎮德美路２６９號,132.37,住,,,1030520,土地1建物1車位0,全,三層,透天厝,見其他登記事項,見其他登記事項,1030317,231.88,5,2,4,有,無,8500000,36657,,0.0,0,,RPWNMLRKOHJFFCT67CA,221.49,0.0,10.39,,
內埔鄉,房地(土地+建物),屏東縣潮州鎮德美路２６５號,132.46,住,,,1030523,土地1建物1車位0,全,三層,透天厝,見其他登記事項,見其他登記事項,1030317,231.88,5,2,4,有,無,8550000,36873,,0.0,0,,RPXNMLRKOHJFFCT77CA,221.49,0.0,10.39,,
內埔鄉,房地(土地+建物),屏東縣潮州鎮德美路２７１號,135.76,住,,,1030520,土地1建物1車位0,全,三層,透天厝,見其他登記事項,見其他登記事項,1030317,231.88,5,2,4,有,無,8500000,36657,,0.0,0,,RPOOMLRKOHJFFCT96CA,221.49,0.0,10.39,,
內埔鄉,房地(土地+建物),屏東縣潮州鎮德美路２６７號,132.41,住,,,1030520,土地1建物1車位0,全,三層,透天厝,見其他登記事項,見其他登記事項,1030317,231.88,5,2,4,有,無,8500000,36657,,0.0,0,,RPQNMLRKOHJFFCT07CA,221.49,0.0,10.39,,
內埔鄉,土地,建興段461地號,97.3,,鄉村區,乙種建築用地,1030606,土地1建物0車位0,,,其他,,,,0.0,0,0,0,有,無,205380,2111,,0.0,0,,RPTOMLOKOHJFFCT17CA,0.0,0.0,0.0,,
屏東市,土地,清溪段1353-1地號,250.5,,特定農業區,農牧用地,1020618,土地5建物0車位0,,,其他,,,,0.0,0,0,0,有,無,575000,2295,,0.0,0,親友、員工或其他特殊關係間之交易。,RPSPMLPLOHJFFAT27DA,0.0,0.0,0.0,,
屏東市,房地(土地+建物),屏東縣屏東巿公治街11之1號,159.0,住,,,1030507,土地1建物3車位0,一層，騎樓,三層,公寓(5樓含以下無電梯),商業用,鋼筋混凝土造,0680927,343.97999999999996,3,2,2,有,無,6500000,18896,,0.0,0,,RPUOMLRJPHJFFAT47DA,315.84,0.0,0.0,,
萬丹鄉,土地,萬興段1298地號,289.67,,特定農業區,農牧用地,1030605,土地1建物0車位0,,,其他,,,,0.0,0,0,0,有,無,700000,2417,,0.0,0,,RPQNMLRKOHJFFAT96DA,0.0,0.0,0.0,,
屏東市,房地(土地+建物),屏東縣屏東巿龍華路149巷10號,79.46,,鄉村區,乙種建築用地,1030611,土地1建物1車位0,全,二層,透天厝,住家用,加強磚造,0730917,103.7,3,2,2,有,無,2000000,19286,,0.0,0,,RPWNMLKLOHJFFAT96DA,100.25,3.45,0.0,,
新埤鄉,土地,萬隆段314地號,247.68,,鄉村區,乙種建築用地,1030603,土地1建物0車位0,,,其他,,,,0.0,0,0,0,有,無,500000,2019,,0.0,0,,RPVNMLNKOHJFFCT27DA,0.0,0.0,0.0,,
高樹鄉,土地,舊寮段149-3628地號,500.0,,,,1030514,土地1建物0車位0,,,其他,,,,0.0,0,0,0,有,無,190000,380,,0.0,0,親友、員工或其他特殊關係間之交易。,RPXNMLSJPHJFFBT87DA,0.0,0.0,0.0,,
高樹鄉,土地,舊寮段498地號,3444.0,,一般農業區,農牧用地,1030516,土地1建物0車位0,,,其他,,,,0.0,0,0,0,有,無,500000,145,,0.0,0,親友、員工或其他特殊關係間之交易。,RPOOMLSJPHJFFBT07DA,0.0,0.0,0.0,,
屏東市,土地,大連段339-2地號,552.0,工,,,1030605,土地1建物0車位0,,,其他,,,,0.0,0,0,0,有,無,10018800,18150,,0.0,0,親友、員工或其他特殊關係間之交易。,RPRNMLQLRHLFFAT57DA,0.0,0.0,0.0,,
高樹鄉,土地,舊寮段111-2地號,1035.0,,一般農業區,農牧用地,1030606,土地1建物0車位0,,,其他,,,,0.0,0,0,0,有,無,500000,483,,0.0,0,,RPRNMLSKOHJFFBT27DA,0.0,0.0,0.0,,
潮州鎮,房地(土地+建物),屏東縣潮州鎮華安街６號九樓之五,26.55,住,,,1030603,土地1建物1車位0,九層,十一層,住宅大樓(11層含以上有電梯),住家用,鋼筋混凝土造,0830625,172.29,3,1,2,有,無,2470000,14336,,0.0,0,,RPXNMLTJPHJFFCT97CA,109.11,1.5,11.19,,
潮州鎮,土地,中山段524地號,602.34,住,,,1030603,土地2建物0車位0,,,其他,,,,0.0,0,0,0,有,無,10000000,16602,,0.0,0,,RPPOMLKKPHJFFCT09CA,0.0,0.0,0.0,,
潮州鎮,房地(土地+建物),屏東縣潮州鎮大同路７０號,100.03,住,,,1030605,土地1建物1車位0,全,三層,透天厝,住商用,鋼筋混凝土造,0700218,175.98,4,2,3,有,無,4800000,27276,,0.0,0,,RPPOMLKLOHJFFCT09CA,175.98,0.0,0.0,,
內埔鄉,土地,新埔段1267地號,1793.0,,特定農業區,農牧用地,1030612,土地1建物0車位0,,,其他,,,,0.0,0,0,0,有,無,6200000,3458,,0.0,0,含增建或未登記建物。,RPROMLSKOHJFFCT37CA,0.0,0.0,0.0,,
萬巒鄉,土地,赤山段602-1地號,2314.0,,一般農業區,農牧用地,1030603,土地1建物0車位0,,,其他,,,,0.0,0,0,0,有,無,1908000,825,,0.0,0,,RPQNMLRLOHJFFCT17CA,0.0,0.0,0.0,,
東港鎮,土地,大鵬段963-1地號,268.88,其他,,,1030528,土地3建物0車位0,,,其他,,,,0.0,0,0,0,有,無,865789,3220,,0.0,0,政府機關承購之案件。,RPSNMLRLOHJFFDT47CA,0.0,0.0,0.0,,
東港鎮,土地,大鵬段956-1地號,67.22,其他,,,1030528,土地1建物0車位0,,,其他,,,,0.0,0,0,0,有,無,216435,3220,,0.0,0,政府機關承購之案件。,RPTNMLRLOHJFFDT57CA,0.0,0.0,0.0,,
崁頂鄉,房地(土地+建物),屏東縣崁頂鄉舊店路１之１３號,73.98,,一般農業區,甲種建築用地,1030527,土地1建物1車位0,全,四層,透天厝,店舖、住宅,鋼筋混凝土造,0830104,152.65,4,1,3,有,無,2800000,18343,,0.0,0,,RPPNMLSKOHJFFDT17CA,152.65,0.0,0.0,,
東港鎮,土地,新和段374-5地號,290.29,住,,,1030603,土地3建物0車位0,,,其他,,,,0.0,0,0,0,有,無,12555400,43251,,0.0,0,,RPPNMLTKOHJFFDT27CA,0.0,0.0,0.0,,
東港鎮,土地,新帝段1186地號,121.52,住,,,1030603,土地1建物0車位0,,,其他,,,,0.0,0,0,0,有,無,2750000,22630,,0.0,0,,RPSNMLQKOHJFFDT27CA,0.0,0.0,0.0,,
東港鎮,房地(土地+建物),屏東縣東港鎮環美三街２５號,225.4,,一般農業區,丁種建築用地,1030501,土地1建物1車位0,一層，二層,二層,其他,廠房,鋼筋混凝土構造,1020315,260.96,5,2,3,有,無,7450000,28548,,0.0,0,,RPSNMLLJPHJFFDT76CA,248.78,12.18,0.0,,
東港鎮,房地(土地+建物),屏東縣東港鎮沿海路２８０號四樓,31.8,住,,,1030515,土地1建物1車位0,四層,五層,公寓(5樓含以下無電梯),住宅,鋼筋混凝土造,0810117,121.71,3,2,2,有,無,1300000,10681,,0.0,0,,RPQNMLLJPHJFFDT56CA,110.68,0.0,11.03,,
東港鎮,土地,大潭新庄段607地號,391.12,,鄉村區,乙種建築用地,1030529,土地3建物0車位0,,,其他,,,,0.0,0,0,0,有,無,1600000,4091,,0.0,0,,RPWNMLTKOHJFFDT97CA,0.0,0.0,0.0,,
東港鎮,土地,大鵬段963-1地號,201.66,其他,,,1030528,土地2建物0車位0,,,其他,,,,0.0,0,0,0,有,無,649354,3220,,0.0,0,政府機關承購之案件。,RPUNMLRLOHJFFDT67CA,0.0,0.0,0.0,,
東港鎮,房地(土地+建物),屏東縣東港鎮環美五街３８號,225.4,,一般農業區,丁種建築用地,1030308,土地1建物1車位0,一層，二層,二層,其他,廠房,鋼筋混凝土構造,1011008,260.96,5,2,3,有,無,7200000,27590,,0.0,0,,RPQNMLTLOHJFFDT47CA,248.78,12.18,0.0,,
東港鎮,土地,大鵬段963-1地號,65.97,其他,,,1030528,土地1建物0車位0,,,其他,,,,0.0,0,0,0,有,無,212408,3220,,0.0,0,政府機關承購之案件。,RPTOMLRLOHJFFDT67CA,0.0,0.0,0.0,,
竹田鄉,土地,西勢段242-7地號,1440.0,,一般農業區,丁種建築用地,1030531,土地1建物0車位0,,,其他,,,,0.0,0,0,0,有,無,9583000,6655,,0.0,0,,RPWNMLLJPHJFFCT07CA,0.0,0.0,0.0,,
潮州鎮,房地(土地+建物),屏東縣潮州鎮光華路１巷３１號,77.28,住,,,1030524,土地1建物1車位0,全,二層,透天厝,住商用,加強磚造,0670620,102.18,4,3,2,有,無,1800000,17616,,0.0,0,,RPVNMLPLOHJFFCT47CA,102.18,0.0,0.0,,
潮州鎮,房地(土地+建物),屏東縣潮州鎮光輪五巷１４之１號,96.16,,鄉村區,乙種建築用地,1030519,土地1建物1車位0,全,三層,透天厝,住家用,鋼筋混凝土造,0770213,162.0,4,1,6,有,無,4000000,24691,,0.0,0,,RPTNMLOLOHJFFCT17CA,162.0,0.0,0.0,,
潮州鎮,房地(土地+建物),屏東縣潮州鎮環龍４巷１之１４號,69.12,,鄉村區,乙種建築用地,1030526,土地1建物1車位0,全,四層,透天厝,住家用,鋼筋混凝土造,0830311,141.44,4,1,3,有,無,2500000,17675,,0.0,0,,RPXNMLOKPHJFFCT57CA,133.94,2.5,5.0,,
內埔鄉,房地(土地+建物),屏東縣內埔鄉勝光路１２０號,94.33,住,,,1030520,土地1建物1車位0,全,三層,透天厝,見其他登記事項,見其他登記事項,1021224,160.94,4,2,3,有,無,7000000,43494,,0.0,0,,RPSOMLNJPHJFFCT96CA,137.47,7.55,15.92,,
鹽埔鄉,土地,久愛段723-1地號,43.57,,一般農業區,水利用地,1030523,土地1建物0車位0,,,其他,,,,0.0,0,0,0,有,無,180380,4140,,0.0,0,,RPTNMLRKOHJFFBT37DA,0.0,0.0,0.0,,
高樹鄉,土地,加蚋埔段579-2地號,7953.0,,一般農業區,農牧用地,1030508,土地2建物0車位0,,,其他,,,,0.0,0,0,0,有,無,7297830,918,,0.0,0,親友、員工或其他特殊關係間之交易。,RPRNMLKKPHJFFBT56DA,0.0,0.0,0.0,,
來義鄉,土地,丹林段2222地號,457.0,,山坡地保育區,農牧用地,1030603,土地1建物0車位0,,,其他,,,,0.0,0,0,0,有,無,50270,110,,0.0,0,親友、員工或其他特殊關係間之交易。,RPTNMLTKOHJFFCT67DA,0.0,0.0,0.0,,
枋寮鄉,土地,三民段572地號,7562.02,,一般農業區,農牧用地,1030514,土地5建物0車位0,,,其他,,,,0.0,0,0,0,有,無,6627000,876,,0.0,0,,RPQNMLLKPHJFFFT86CA,0.0,0.0,0.0,,
長治鄉,建物,屏東縣長治鄉長興路156之1號,0.0,,,,1030605,土地0建物1車位0,全,三層,透天厝,住家用,鋼筋混凝土造,1030414,256.35,4,2,3,有,無,3000000,11703,,0.0,0,,RPPNMLOKPHJFFAT66DA,230.43,0.0,25.92,,
屏東市,房地(土地+建物),屏東縣屏東巿莊敬街一段183號5樓-1,25.32,住,,,1030525,土地3建物1車位0,五層,七層,華廈(10層含以下有電梯),住家用,鋼筋混凝土造,0830302,131.86,3,2,2,有,無,1790000,13575,,0.0,0,,RPPNMLTJPHJFFAT07DA,87.68,0.0,5.12,,
萬丹鄉,房地(土地+建物),屏東縣萬丹鄉田厝村田厝街17號,75.0,,鄉村區,乙種建築用地,1030507,土地1建物1車位0,全,四層,透天厝,住商用,鋼筋混凝土造,0830117,151.41,5,2,3,有,無,1550000,10237,,0.0,0,,RPQNMLOLOHJFFAT76DA,138.95,0.0,12.46,,
枋寮鄉,土地,三民段271地號,3260.61,,一般農業區,農牧用地,1030522,土地1建物0車位0,,,其他,,,,0.0,0,0,0,有,無,4050000,1242,,0.0,0,,RPPNMLLJPHJFFFT66CA,0.0,0.0,0.0,,
恆春鎮,土地,榔林段254-3地號,15334.0,,山坡地保育區,農牧用地,1030313,土地1建物0車位0,,,其他,,,,0.0,0,0,0,有,無,30860000,2013,,0.0,0,,RPRNMLTKOHJFFET57CA,0.0,0.0,0.0,,
內埔鄉,房地(土地+建物),屏東縣內埔鄉勝光路１０５巷１６號,69.03,住,,,1030527,土地1建物1車位0,全,三層,透天厝,住家用,鋼筋混凝土造,0830409,126.01,4,2,3,有,無,3300000,26188,,0.0,0,,RPPNMLSKOHJFFCT07CA,110.71,5.1,10.2,,
竹田鄉,土地,新田段613地號,7850.0,,特定農業區,農牧用地,1030605,土地4建物0車位0,,,其他,,,,0.0,0,0,0,有,無,21030000,2679,,0.0,0,,RPSNMLSKOHJFFCT37CA,0.0,0.0,0.0,,
高樹鄉,土地,田子段5地號,9914.0,,一般農業區,農牧用地,1030515,土地2建物0車位0,,,其他,,,,0.0,0,0,0,有,無,10100000,1019,,0.0,0,,RPUNMLSKOHJFFBT47CA,0.0,0.0,0.0,,
鹽埔鄉,土地,大仁東段1310地號,1111.74,,一般農業區,農牧用地,1030605,土地1建物0車位0,,,其他,,,,0.0,0,0,0,有,無,1500000,1349,,0.0,0,,RPWNMLRKOHJFFBT57CA,0.0,0.0,0.0,,
屏東市,房地(土地+建物)+車位,屏東縣屏東巿崇蘭１００之２９號三樓,31.32,住,,,1030513,土地1建物1車位1,三層,六層,華廈(10層含以下有電梯),見其他登記事項,鋼筋混凝土造,0880514,123.25,3,2,2,有,有,3200000,25963,一樓平面,0.0,0,,RPUOMLNLOHJFFAT07CA,79.47,0.0,12.15,,
屏東市,土地,金城段848-2地號,1330.17,農,,,1030528,土地1建物0車位0,,,其他,,,,0.0,0,0,0,有,無,4276024,3215,,0.0,0,,RPVNMLOLOHJFFAT17CA,0.0,0.0,0.0,,
屏東市,房地(土地+建物),屏東縣屏東巿豐連街７９之３號,24.39,住,,,1030519,土地1建物1車位0,四層,七層,華廈(10層含以下有電梯),住家用,鋼筋混凝土造,0800902,134.18,4,2,2,有,有,2350000,17514,,0.0,0,,RPROMLOLOHJFFAT86CA,105.58,0.0,3.64,,
長治鄉,房地(土地+建物),屏東縣長治鄉合興路２０８巷２１之１３號,105.31,住,,,1030415,土地1建物1車位0,全,三層,透天厝,住家用,鋼筋混凝土造,1030317,156.42,4,2,3,有,無,6700000,42833,,0.0,0,,RPPNMLKMOHJFFAT88CA,143.83,0.0,12.59,,
萬丹鄉,土地,社上段955地號,216.5,,鄉村區,乙種建築用地,1030423,土地2建物0車位0,,,其他,,,,0.0,0,0,0,有,無,1960000,9053,,0.0,0,,RPVOMLQKOHJFFAT37CA,0.0,0.0,0.0,,
屏東市,房地(土地+建物),屏東縣屏東巿和平路１１７號,125.0,住,,,1030523,土地1建物1車位0,一層，二層，三層，四層，騎樓,四層,店面(店鋪),住家用,鋼筋混凝土造,0861020,270.57,8,3,5,有,無,11500000,42503,,0.0,0,,RPWOMLQKOHJFFAT47CA,270.57,0.0,0.0,,
屏東市,房地(土地+建物)+車位,屏東縣屏東巿民享一路１４１號五樓之一,45.74,住,,,1030529,土地1建物1車位1,五層，見其他登記事項,五層,公寓(5樓含以下無電梯),見其他登記事項,鋼筋混凝土造,1020916,177.28,4,1,2,有,有,8600000,48511,坡道平面,10.78,0,,RPQOMLRKOHJFFAT96CA,103.24,8.17,7.07,,
九如鄉,土地,九塊段721地號,2421.0,,一般農業區,農牧用地,1030524,土地1建物0車位0,,,其他,,,,0.0,0,0,0,有,無,3750000,1549,,0.0,0,,RPTOMLRKOHJFFAT27CA,0.0,0.0,0.0,,
九如鄉,房地(土地+建物),屏東縣九如鄉九龍路１８號,75.47,住,,,1030527,土地1建物1車位0,全,三層,透天厝,住家用,鋼筋混凝土造,0791210,176.11,4,1,2,有,無,4100000,23281,,0.0,0,,RPQNMLKLOHJFFAT88CA,141.52,18.75,15.84,,
九如鄉,土地,九塊段529-6地號,43.0,,一般農業區,農牧用地,1030604,土地1建物0車位0,,,其他,,,,0.0,0,0,0,有,無,51600,1200,,0.0,0,,RPRNMLKLOHJFFAT98CA,0.0,0.0,0.0,,
萬丹鄉,房地(土地+建物),屏東縣萬丹鄉吉祥路３５號,80.26,,鄉村區,乙種建築用地,1030523,土地3建物1車位0,全,四層,透天厝,住家用,鋼筋混凝土造,0821228,182.53,4,2,4,有,無,2600000,14244,,0.0,0,,RPPPMLSKOHJFFAT07CA,166.29,6.14,10.1,,
麟洛鄉,土地,農場段826-3地號,2902.31,,一般農業區,農牧用地,1030519,土地1建物0車位0,,,其他,,,,0.0,0,0,0,有,無,4186000,1442,,0.0,0,,RPQNMLSKOHJFFAT96CA,0.0,0.0,0.0,,
屏東市,房地(土地+建物),屏東縣屏東巿機場北路７８６號七樓,11.86,住,,,1030604,土地1建物1車位0,七層,十四層,住宅大樓(11層含以上有電梯),見其他登記事項,鋼筋混凝土造,0881204,82.12,2,1,1,有,有,1400000,17048,,0.0,0,,RPSOMLSKOHJFFAT27CA,53.88,0.0,9.03,,
長治鄉,土地,新潭段685-8地號,745.93,農,,,1030610,土地4建物0車位0,,,其他,,,,0.0,0,0,0,有,無,4820000,6462,,0.0,0,,RPTOMLSKOHJFFAT37CA,0.0,0.0,0.0,,
屏東市,房地(土地+建物),屏東縣屏東巿古松西巷７３２弄１３號,181.31,住,,,1030521,土地4建物1車位0,全,三層,透天厝,住家用,鋼筋混凝土造,0931110,180.98,5,2,4,有,無,7600000,41994,,0.0,0,,RPUOMLSKOHJFFAT47CA,152.68,5.18,23.12,,
長治鄉,房地(土地+建物),屏東縣長治鄉合興路２０８巷２１之８號,125.65,住,,,1030429,土地2建物1車位0,全,三層,透天厝,住家用,鋼筋混凝土造,1030314,190.66,4,2,3,有,無,7500000,39337,,0.0,0,,RPWOMLMJPHJFFAT07CA,172.98,0.0,17.68,,
屏東市,房地(土地+建物),屏東縣屏東巿豐田里民學路１２０巷３２之４號,40.32,住,,,1030526,土地1建物1車位0,五層,五層,公寓(5樓含以下無電梯),國民住宅,鋼筋混凝土造,0710615,68.39,3,2,1,有,無,730000,10674,,0.0,0,,RPXOMLMJPHJFFAT17CA,68.39,0.0,0.0,,
屏東市,土地,三山段1062地號,1626.8,,一般農業區,農牧用地,1030528,土地1建物0車位0,,,其他,,,,0.0,0,0,0,有,無,5370000,3301,,0.0,0,,RPPOMLLJPHJFFAT88CA,0.0,0.0,0.0,,
屏東市,房地(土地+建物),屏東縣屏東巿中山路２８之１號,58.0,商,,,1030515,土地1建物1車位0,全,三層,透天厝,住商用,鋼筋混凝土加強磚造,,142.17,4,1,3,有,無,12300000,86516,,0.0,0,,RPQNMLOJPHJFFAT56CA,142.17,0.0,0.0,,
屏東市,土地,新歸來段1079地號,1986.52,,一般農業區,農牧用地,1030612,土地6建物0車位0,,,其他,,,,0.0,0,0,0,有,無,3210000,1616,,0.0,0,親友、員工或其他特殊關係間之交易。,RPSOMLSJPHJFFAT27CA,0.0,0.0,0.0,,
東港鎮,土地,大潭新庄段556地號,132.99,,鄉村區,乙種建築用地,1030602,土地2建物0車位0,,,其他,,,,0.0,0,0,0,有,無,551000,4143,,0.0,0,,RPQNMLOLOHJFFDT07DA,0.0,0.0,0.0,,
麟洛鄉,土地,麟仁段403-1地號,1311.73,農,,,1030417,土地1建物0車位0,,,其他,,,,0.0,0,0,0,有,無,3968383,3025,,0.0,0,,RPQNMLPKPHJFFAT76CA,0.0,0.0,0.0,,
屏東市,土地,北勢段196地號,2.33,住,,,1030512,土地1建物0車位0,,,其他,,,,0.0,0,0,0,有,無,30000,12876,,0.0,0,,RPPPMLMJPHJFFAT09CA,0.0,0.0,0.0,,
長治鄉,土地,潭頭段451-1地號,789.03,住,,,1030530,土地1建物0車位0,,,其他,,,,0.0,0,0,0,有,無,19193944,24326,,0.0,0,,RPRPMLMJPHJFFAT66CA,0.0,0.0,0.0,,
長治鄉,土地,潭頭段451地號,789.02,住,,,1030530,土地1建物0車位0,,,其他,,,,0.0,0,0,0,有,無,19193701,24326,,0.0,0,,RPSPMLMJPHJFFAT76CA,0.0,0.0,0.0,,
長治鄉,土地,潭頭段456地號,888.46,住,,,1030530,土地3建物0車位0,,,其他,,,,0.0,0,0,0,有,無,21612355,24326,,0.0,0,,RPTPMLMJPHJFFAT86CA,0.0,0.0,0.0,,
屏東市,房地(土地+建物),屏東縣屏東巿博愛路２８６號,83.0,住,,,1030605,土地1建物1車位0,全,二層,透天厝,住商用,鋼筋混凝土造,0701207,109.66,4,2,3,有,無,6000000,54715,,0.0,0,,RPUNMLNJPHJFFAT86CA,109.66,0.0,0.0,,
屏東市,房地(土地+建物),屏東縣屏東巿機場北路８００號五樓之二,12.65,住,,,1030530,土地1建物1車位0,五層,十四層,住宅大樓(11層含以上有電梯),見其他登記事項,鋼筋混凝土造,0881204,87.23,2,1,1,有,有,1750000,20062,,0.0,0,,RPVOMLSKOHJFFAT57CA,60.66,0.0,6.4,,
屏東市,房地(土地+建物),屏東縣屏東巿北極街３９號,97.0,住,,,1030609,土地1建物1車位0,全,二層,透天厝,住家用,加強磚造,0761016,111.08,5,2,4,有,無,5500000,49514,,0.0,0,,RPPOMLTKOHJFFAT07CA,111.08,0.0,0.0,,
屏東市,房地(土地+建物),屏東縣屏東巿民享一路１６８號,84.0,住,,,1030603,土地2建物1車位0,全,三層,透天厝,住商用,鋼筋混凝土造,0690819,165.06,3,3,3,有,無,5380000,32594,,0.0,0,,RPQOMLTKOHJFFAT17CA,165.06,0.0,0.0,,
屏東市,房地(土地+建物),屏東縣屏東巿大春路１０１巷４７弄３３號,83.36,,一般農業區,甲種建築用地,1030526,土地2建物1車位0,全,三層,透天厝,住家用,鋼筋混凝土造,0830623,139.65,4,2,2,有,有,2200000,15754,,0.0,0,,RPTNMLKLOHJFFAT56CA,109.23,16.63,13.79,,
里港鄉,土地,武洛段1028地號,1100.0,,一般農業區,農牧用地,1030610,土地1建物0車位0,,,其他,,,,0.0,0,0,0,有,無,1500000,1364,,0.0,0,,RPPNMLSKOHJFFBT96CA,0.0,0.0,0.0,,
里港鄉,房地(土地+建物),屏東縣里港鄉玉田路３８之１０３號,68.0,住,,,1030608,土地1建物1車位0,全,三層,透天厝,住家用,鋼筋混凝土造,0830721,152.9,4,3,3,有,無,2500000,16351,,0.0,0,,RPQNMLSKOHJFFBT07CA,129.9,17.16,5.84,,
里港鄉,土地,大港洋段2098-1地號,750.0,,鄉村區,乙種建築用地,1030611,土地1建物0車位0,,,其他,,,,0.0,0,0,0,有,無,6806000,9075,,0.0,0,,RPVNMLSKOHJFFBT57CA,0.0,0.0,0.0,,
里港鄉,土地,大港洋段1354地號,2346.0,,特定農業區,農牧用地,1030501,土地1建物0車位0,,,其他,,,,0.0,0,0,0,有,無,9900000,4220,,0.0,0,,RPRNMLTKOHJFFBT27CA,0.0,0.0,0.0,,
鹽埔鄉,土地,高華段830地號,2487.21,,一般農業區,農牧用地,1030603,土地1建物0車位0,,,其他,,,,0.0,0,0,0,有,無,1282000,515,,0.0,0,,RPSNMLTKOHJFFBT37CA,0.0,0.0,0.0,,
里港鄉,房地(土地+建物),屏東縣里港鄉玉田路７７之２１號,151.5,住,,,1030603,土地2建物1車位0,全,三層,透天厝,住家用,鋼筋混凝土造,1020709,200.34,4,2,4,有,無,6750000,33693,,0.0,0,,RPTNMLQLOHJFFBT27CA,168.02,0.0,32.32,,
鹽埔鄉,房地(土地+建物),屏東縣鹽埔鄉自立路１６之６號,199.29,,鄉村區,乙種建築用地,1030220,土地3建物1車位0,全,三層,透天厝,住家用,鋼筋混凝土造,1030314,229.27,5,2,3,有,無,8300000,36202,,0.0,0,,RPPNMLRLOHJFFBT96CA,213.33,0.0,15.94,,
枋寮鄉,土地,保生段607地號,378.13,住,,,1030530,土地2建物0車位0,,,其他,,,,0.0,0,0,0,有,無,2400000,6347,,0.0,0,,RPQNMLRLOHJFFFT47CA,0.0,0.0,0.0,,
佳冬鄉,房地(土地+建物),屏東縣佳冬鄉文化二路１１８之３號,210.53,住,,,1030531,土地2建物1車位0,全,三層,透天厝,住家用,鋼筋混凝土造,1021218,220.82,5,2,4,有,無,6110000,27670,,0.0,0,,RPRNMLNLOHJFFFT17CA,196.29,0.0,24.53,,
長治鄉,土地,華榮段2地號,4300.0,,一般農業區,農牧用地,1030430,土地1建物0車位0,,,其他,,,,0.0,0,0,0,有,無,9750000,2267,,0.0,0,,RPQNMLTJPHJFFAT17DA,0.0,0.0,0.0,,
長治鄉,房地(土地+建物),屏東縣長治鄉繁華路265巷15之1號,164.0,,一般農業區,甲種建築用地,1030606,土地2建物1車位0,全,四層,透天厝,住家用,鋼筋混凝土造,0951113,193.69,5,2,4,有,無,4500000,23233,,0.0,0,,RPSNMLNLOHJFFAT86DA,0.0,0.0,0.0,,
屏東市,土地,勝興段530-1地號,647.0,住,,,1030407,土地1建物0車位0,,,其他,,,,0.0,0,0,0,有,無,28379000,43862,,0.0,0,,RPXOMLSKOHJFFAT87DA,0.0,0.0,0.0,,
麟洛鄉,土地,玄聖段179地號,3817.67,,一般農業區,農牧用地,1030609,土地2建物0車位0,,,其他,,,,0.0,0,0,0,有,無,2873000,753,,0.0,0,,RPVNMLSKOHJFFAT57DA,0.0,0.0,0.0,,
竹田鄉,土地,美崙段1520地號,2975.0,,特定農業區,農牧用地,1030604,土地1建物0車位0,,,其他,,,,0.0,0,0,0,有,無,7054100,2371,,0.0,0,,RPUNMLPLOHJFFCT47DA,0.0,0.0,0.0,,
萬巒鄉,土地,新置段819地號,2139.79,,一般農業區,農牧用地,1030606,土地1建物0車位0,,,其他,,,,0.0,0,0,0,有,無,1897000,887,,0.0,0,,RPXNMLPLOHJFFCT77DA,0.0,0.0,0.0,,
新埤鄉,土地,新埤段90-2地號,3256.5,,一般農業區,農牧用地,1030510,土地4建物0車位0,,,其他,,,,0.0,0,0,0,有,無,3360000,1032,,0.0,0,,RPROMLPLOHJFFCT27DA,0.0,0.0,0.0,,
三地門鄉,房地(土地+建物),屏東縣三地門鄉口社村4鄰信義巷43號,250.0,,鄉村區,乙種建築用地,1021119,土地1建物1車位0,全,二層,透天厝,住家用,加強磚造,0750726,95.89,3,1,1,有,無,403700,4210,,0.0,0,,RPQNMLTKOHJFFBT27DA,0.0,0.0,0.0,,
里港鄉,土地,中和段396地號,591.69,,鄉村區,乙種建築用地,1030526,土地1建物0車位0,,,其他,,,,0.0,0,0,0,有,無,3750000,6338,,0.0,0,,RPXNMLPLOHJFFBT67DA,0.0,0.0,0.0,,
里港鄉,土地,武洛段1196地號,1749.0,,一般農業區,農牧用地,1030528,土地1建物0車位0,,,其他,,,,0.0,0,0,0,有,無,4000000,2287,,0.0,0,,RPOOMLPLOHJFFBT86DA,0.0,0.0,0.0,,
高樹鄉,土地,阿拔泉段422-74地號,7266.0,,一般農業區,農牧用地,1030602,土地3建物0車位0,,,其他,,,,0.0,0,0,0,有,無,5600000,771,,0.0,0,,RPPOMLPLOHJFFBT96DA,0.0,0.0,0.0,,
里港鄉,土地,過江段36地號,244.0,住,,,1030604,土地1建物0車位0,,,其他,,,,0.0,0,0,0,有,無,3247640,13310,,0.0,0,,RPQNMLPLOHJFFBT96DA,0.0,0.0,0.0,,
潮州鎮,房地(土地+建物),屏東縣潮州鎮中洲路１７１巷２６號,169.45,住,,,1030530,土地1建物1車位0,全,三層,透天厝,見其他登記事項,見其他登記事項,1030129,233.21,4,2,3,有,無,9500000,40736,,0.0,0,,RPXOMLNJPHJFFCT47CA,217.62,0.0,15.59,,
新埤鄉,土地,上萬安段19地號,3393.01,,一般農業區,農牧用地,1030613,土地1建物0車位0,,,其他,,,,0.0,0,0,0,有,無,3800000,1120,,0.0,0,,RPQOMLOJPHJFFCT86CA,0.0,0.0,0.0,,
新埤鄉,土地,上萬安段19-1地號,3088.88,,一般農業區,農牧用地,1030613,土地1建物0車位0,,,其他,,,,0.0,0,0,0,有,無,3400000,1101,,0.0,0,,RPROMLOJPHJFFCT96CA,0.0,0.0,0.0,,
潮州鎮,房地(土地+建物),屏東縣潮州鎮永昌路２１號,78.95,住,,,1030510,土地1建物1車位0,全,二層,透天厝,住家用,見其他登記事項,0601230,60.64,2,2,1,有,無,2000000,32982,,0.0,0,,RPTOMLOJPHJFFCT17CA,60.64,0.0,0.0,,
潮州鎮,土地,五魁寮段一小段182-2地號,215.27,住,,,1030528,土地2建物0車位0,,,其他,,,,0.0,0,0,0,有,無,7475000,34724,,0.0,0,,RPQNMLLKPHJFFCT56CA,0.0,0.0,0.0,,
潮州鎮,土地,光華段774地號,121.09,住,,,1030605,土地1建物0車位0,,,其他,,,,0.0,0,0,0,有,無,2550000,21059,,0.0,0,,RPVNMLKLOHJFFCT96CA,0.0,0.0,0.0,,
潮州鎮,房地(土地+建物),屏東縣潮州鎮三星路２７巷２１號,108.72,住,,,1030526,土地1建物1車位0,全,三層,透天厝,住家用,鋼筋混凝土造,0710227,146.4,5,2,3,有,無,4000000,27322,,0.0,0,,RPPNMLOLOHJFFCT76CA,146.4,0.0,0.0,,
潮州鎮,房地(土地+建物),屏東縣潮州鎮中洲路１７１巷３０號,135.65,住,,,1030512,土地1建物1車位0,全,三層,透天厝,見其他登記事項,見其他登記事項,1030129,225.61,4,2,3,有,無,7880000,34928,,0.0,0,,RPPOMLNJPHJFFCT66CA,209.37,0.0,16.24,,
潮州鎮,房地(土地+建物),屏東縣潮州鎮華安街４７巷１５號,476.29,住,,,1030522,土地2建物1車位0,全,二層,透天厝,見其他登記事項,鋼筋混凝土造,0870815,580.26,0,0,0,無,無,15400000,26540,,0.0,0,,RPUNMLNJPHJFFCT07CA,543.04,37.22,0.0,,
東港鎮,土地,大鵬段963-1地號,268.88,其他,,,1030528,土地3建物0車位0,,,其他,,,,0.0,0,0,0,有,無,865789,3220,,0.0,0,政府機關承購之案件。,RPXOMLRLOHJFFDT08CA,0.0,0.0,0.0,,
新園鄉,土地,興厝段8-2地號,741.49,,一般農業區,農牧用地,1030609,土地2建物0車位0,,,其他,,,,0.0,0,0,0,有,無,1300000,1753,,0.0,0,,RPWNMLRLOHJFFDT87CA,0.0,0.0,0.0,,
東港鎮,房地(土地+建物),屏東縣東港鎮大東路３３１巷１７弄６號六樓,21.3,住,,,1030526,土地1建物1車位0,六層,十二層,住宅大樓(11層含以上有電梯),住宅,鋼筋混凝土造,0830627,127.16,4,1,2,有,有,2200000,17301,,0.0,0,,RPSNMLNLOHJFFDT07CA,93.18,2.38,8.52,,
東港鎮,土地,新孝段1214地號,121.37,住,,,1030531,土地1建物0車位0,,,其他,,,,0.0,0,0,0,有,無,4369000,35997,,0.0,0,,RPTNMLNLOHJFFDT17CA,0.0,0.0,0.0,,
東港鎮,房地(土地+建物),屏東縣東港鎮中正路一段３６３號,97.61,住,,,1030516,土地1建物1車位0,二層，三層，一層，騎樓,三層,店面(店鋪),住商用,加強磚造,0760701,151.59,5,2,2,有,無,6800000,44858,,0.0,0,,RPVNMLTKOHJFFDT87CA,151.59,0.0,0.0,,
東港鎮,房地(土地+建物),屏東縣東港鎮水源一街７０號,38.94,住,,,1030528,土地1建物1車位0,全,四層,透天厝,住商用,鋼筋混凝土造,0850918,186.27,2,2,3,有,有,3600000,19327,,0.0,0,,RPSNMLTKOHJFFDT57CA,146.95,0.0,13.79,,
東港鎮,房地(土地+建物),屏東縣東港鎮中正路一段１６４號,87.24,住,,,1030517,土地1建物1車位0,全,三層,透天厝,店舖、住宅,鋼筋混凝土造,0750421,160.41,4,1,3,有,無,8300000,51742,,0.0,0,,RPRNMLOKPHJFFDT07CA,157.2,3.21,0.0,,
潮州鎮,土地,四春段243地號,2765.45,,一般農業區,農牧用地,1030608,土地2建物0車位0,,,其他,,,,0.0,0,0,0,有,無,2850000,1031,,0.0,0,,RPUNMLTKOHJFFCT67CA,0.0,0.0,0.0,,
內埔鄉,土地,復興段267地號,1693.04,住,,,1030522,土地1建物0車位0,,,其他,,,,0.0,0,0,0,有,無,23161633,13680,,0.0,0,,RPUNMLOJPHJFFCT17CA,0.0,0.0,0.0,,
內埔鄉,土地,復興段268地號,59.82,住,,,1030522,土地1建物0車位0,,,其他,,,,0.0,0,0,0,有,無,818367,13680,,0.0,0,,RPVNMLOJPHJFFCT27CA,0.0,0.0,0.0,,
內埔鄉,土地,新東勢段855-7地號,4850.0,,一般農業區,農牧用地,1030413,土地1建物0車位0,,,其他,,,,0.0,0,0,0,有,無,9200000,1897,,0.0,0,權利人共兩位。因總面積減少約185平方公尺，最後交易金額為新台幣885萬元整。,RPTOMLPKPHJFFCT37CA,0.0,0.0,0.0,,
新埤鄉,土地,南岸段344地號,1843.0,,一般農業區,農牧用地,1030522,土地1建物0車位0,,,其他,,,,0.0,0,0,0,有,無,1500000,814,,0.0,0,,RPQNMLKLOHJFFCT56DA,0.0,0.0,0.0,,
屏東市,土地,瑞光段14地號,1526.0,,一般農業區,農牧用地,1030526,土地1建物0車位0,,,其他,,,,0.0,0,0,0,有,無,1500000,983,,0.0,0,,RPTOMLNLOHJFFAT07DA,0.0,0.0,0.0,,
枋寮鄉,房地(土地+建物),屏東縣枋寮鄉工業六街１６２號,71.0,,工業區,丁種建築用地,1030522,土地1建物1車位0,一層，二層，三層,三層,住宅大樓(11層含以上有電梯),住商用,鋼筋混凝土造,0820715,133.01,5,2,3,有,無,1200000,9022,,0.0,0,,RPSNMLKLOHJFFFT96CA,127.71,5.3,0.0,,
枋寮鄉,房地(土地+建物),屏東縣枋寮鄉復興路１６２號,159.02,住,,,1030604,土地1建物1車位0,全,二層,透天厝,住家用,加強磚造,0780118,188.37,3,2,2,有,無,1350000,7167,,0.0,0,,RPSNMLNJPHJFFFT17CA,188.37,0.0,0.0,,
枋寮鄉,土地,中華段64-2地號,8.14,住,,,1030523,土地1建物0車位0,,,其他,,,,0.0,0,0,0,有,無,86182,10587,,0.0,0,,RPTNMLNJPHJFFFT27CA,0.0,0.0,0.0,,
枋寮鄉,土地,中華段103-1地號,25.51,住,,,1030523,土地1建物0車位0,,,其他,,,,0.0,0,0,0,有,無,270087,10587,,0.0,0,,RPQNMLOJPHJFFFT07CA,0.0,0.0,0.0,,
枋寮鄉,土地,中華段106-2地號,4.2,住,,,1030523,土地2建物0車位0,,,其他,,,,0.0,0,0,0,有,無,44467,10587,,0.0,0,,RPRNMLOJPHJFFFT17CA,0.0,0.0,0.0,,
恆春鎮,房地(土地+建物),屏東縣恆春鎮省北路１２１巷５弄２８號,89.91,住,,,1030603,土地1建物1車位0,全,三層,透天厝,見其他登記事項,鋼筋混凝土造,1021107,190.4,4,1,3,有,無,9800000,51471,,0.0,0,,RPSNMLNJPHJFFET07CA,176.28,14.12,0.0,,
恆春鎮,房地(土地+建物),屏東縣恆春鎮?公路１１２６號,119.35,住,,,1030603,土地1建物1車位0,全,四層,透天厝,見其他登記事項,鋼筋混凝土造,1021107,261.58,4,1,3,有,無,17150000,65563,,0.0,0,含裝潢,RPTNMLNJPHJFFET17CA,232.18,29.4,0.0,,
牡丹鄉,土地,八瑤段39-5地號,9673.0,,山坡地保育區,林業用地,1030605,土地1建物0車位0,,,其他,,,,0.0,0,0,0,有,無,100000,10,,0.0,0,,RPOOMLLJPHJFFET56CA,0.0,0.0,0.0,,
恆春鎮,土地,新厝段450-4地號,1818.59,,一般農業區,甲種建築用地,1030603,土地1建物0車位0,,,其他,,,,0.0,0,0,0,有,無,19254200,10587,,0.0,0,,RPQNMLNLOHJFFET96CA,0.0,0.0,0.0,,
滿州鄉,土地,九棚段162地號,291.0,,山坡地保育區,林業用地,1030516,土地1建物0車位0,,,其他,,,,0.0,0,0,0,有,無,360000,1237,,0.0,0,含增建或未登記建物。權利人有4人。,RPRNMLQKPHJFFET37CA,0.0,0.0,0.0,,
恆春鎮,房地(土地+建物),屏東縣恆春鎮中正路２３２巷１８２弄１１號,128.21,住,,,1030526,土地2建物1車位0,全,四層,透天厝,住家用,鋼筋混凝土造,0821209,128.58,4,2,4,有,無,5500000,42775,,0.0,0,,RPPNMLQLOHJFFET17CA,128.58,0.0,0.0,,
恆春鎮,房地(土地+建物),屏東縣恆春鎮湖內路３巷１２號,69.28,其他,,,1030508,土地1建物1車位0,全,二層,透天厝,見其他登記事項,加強磚造,0710710,116.4,3,1,2,有,無,3950000,33935,,0.0,0,,RPQNMLTKOHJFFET47CA,116.4,0.0,0.0,,
鹽埔鄉,房地(土地+建物),屏東縣鹽埔鄉光華路１３號,60.93,,一般農業區,甲種建築用地,1030611,土地2建物1車位0,全,一層,透天厝,住家用,加強磚造,0560401,71.76,2,2,2,有,無,2500000,34838,,0.0,0,,RPSNMLPLOHJFFBT07CA,71.76,0.0,0.0,,
長治鄉,土地,崑崙段53地號,176.0,,鄉村區,乙種建築用地,1030609,土地1建物0車位0,,,其他,,,,0.0,0,0,0,有,無,1500000,8523,,0.0,0,親友、員工或其他特殊關係間之交易。含增建或未登記建物。,RPSNMLMLOHJFFAT66CA,0.0,0.0,0.0,,
屏東市,房地(土地+建物),屏東縣屏東巿古松西巷２５６弄５２號,62.12,住,,,1030604,土地2建物1車位0,全,四層,透天厝,見其他登記事項,鋼筋混凝土造,0880201,146.06,4,2,2,有,無,4000000,27386,,0.0,0,,RPPNMLKLOHJFFAT78CA,129.92,0.0,16.14,,
屏東市,土地,信和段547地號,5532.1,,一般農業區,農牧用地,1030522,土地1建物0車位0,,,其他,,,,0.0,0,0,0,有,無,10000000,1808,,0.0,0,,RPPNMLTKOHJFFAT96CA,0.0,0.0,0.0,,
九如鄉,土地,九勇段71地號,58.2,住,,,1030616,土地1建物0車位0,,,其他,,,,0.0,0,0,0,有,無,530000,9107,,0.0,0,,RPQNMLTKOHJFFAT07CA,0.0,0.0,0.0,,
萬丹鄉,土地,廣安段127地號,2278.5,,特定農業區,農牧用地,1030610,土地1建物0車位0,,,其他,,,,0.0,0,0,0,有,無,7560000,3318,,0.0,0,,RPUNMLTKOHJFFAT47CA,0.0,0.0,0.0,,
屏東市,房地(土地+建物),屏東縣屏東巿和生路二段３６６號,35.11,住,,,1030603,土地1建物1車位0,一層，二層，騎樓,七層,華廈(10層含以下有電梯),住商用,鋼筋混凝土造,0870917,203.65,3,2,3,有,無,2800000,13749,,0.0,0,,RPVNMLTKOHJFFAT57CA,133.8,0.0,9.54,,
屏東市,房地(土地+建物),屏東縣屏東巿和生路二段３７０號三樓,25.42,住,,,1030603,土地1建物1車位0,三層,七層,華廈(10層含以下有電梯),見其他登記事項,鋼筋混凝土造,0870917,139.51,3,2,2,有,無,1700000,12186,,0.0,0,,SPVNMLTKOHJFFAT67CA,86.45,0.0,9.4,,
長治鄉,房地(土地+建物),屏東縣長治鄉三座巷１６弄２９號,81.56,住,,,1030528,土地4建物2車位0,全,四層,透天厝,住家用,鋼筋混凝土造,0820630,258.07,5,2,4,有,無,2350000,9106,,0.0,0,,RPXNMLTKOHJFFAT77CA,245.82,7.81,4.44,,
屏東市,房地(土地+建物),屏東縣屏東巿興豐路４０號四樓之二,20.24,住,,,1030523,土地1建物1車位0,四層,七層,華廈(10層含以下有電梯),住家用,鋼筋混凝土造,0820308,115.07000000000001,3,1,2,有,無,2200000,19119,,0.0,0,,RPWOMLSKOHJFFAT67CA,71.03,0.0,15.2,,
屏東市,房地(土地+建物),屏東縣屏東巿清寧街１６３號,95.0,住,,,1030523,土地1建物1車位0,全,四層,透天厝,住商用,鋼筋混凝土造,0811224,233.11,2,1,3,有,無,6450000,27669,,0.0,0,,RPOOMLLJPHJFFAT78CA,226.79,6.32,0.0,,
長治鄉,房地(土地+建物),屏東縣長治鄉復興村新興路10巷18號,309.09,,鄉村區,乙種建築用地,1030601,土地2建物1車位0,全,三層,透天厝,住家用,鋼筋混凝土造,1030205,218.99,5,2,4,有,無,9000000,41098,,0.0,0,,RPUOMLQLOHJFFAT37CA,214.19,0.0,4.8,,
屏東市,房地(土地+建物),屏東縣屏東巿建南路７４之１號,32.92,住,,,1030531,土地1建物1車位0,四層,五層,公寓(5樓含以下無電梯),國民住宅,鋼筋混凝土造,0711030,93.45,3,1,2,有,無,1780000,19048,,0.0,0,,RPQOMLOLOHJFFAT76CA,78.68,0.0,0.0,,
萬丹鄉,土地,灣內段820地號,4482.0,,特定農業區,農牧用地,1030526,土地2建物0車位0,,,其他,,,,0.0,0,0,0,有,無,9472900,2114,,0.0,0,,RPTOMLOLOHJFFAT07CA,0.0,0.0,0.0,,
屏東市,房地(土地+建物),屏東縣屏東巿民學路１２０巷４１之４號,34.82,住,,,1030523,土地1建物1車位0,屋頂突出物，地下層，見其他登記事項,,公寓(5樓含以下無電梯),國民住宅,鋼筋混凝土造,0710615,1160.82,3,2,1,有,無,1020000,879,,0.0,0,,RPTPMLPLOHJFFAT27CA,0.0,0.0,0.0,,
長治鄉,房地(土地+建物),屏東縣長治鄉復興路２２號,156.91,住,,,1030603,土地1建物1車位0,全,三層,透天厝,住家用,鋼筋混凝土造,1020419,237.51,5,2,5,有,無,10000000,42103,,0.0,0,,RPUPMLPLOHJFFAT37CA,218.78,0.0,18.73,,
屏東市,房地(土地+建物),屏東縣屏東巿迪化街１９０號三樓之一,20.07,住,,,1030527,土地1建物1車位0,三層,七層,華廈(10層含以下有電梯),住家用,鋼筋混凝土造,0811020,101.35,3,2,1,有,有,1900000,18747,,0.0,0,,RPWNMLPKPHJFFAT37CA,61.72,0.0,7.94,,
長治鄉,土地,番子寮段957地號,643.03,,一般農業區,農牧用地,1030508,土地1建物0車位0,,,其他,,,,0.0,0,0,0,有,無,707333,1100,,0.0,0,親友、員工或其他特殊關係間之交易。,RPSNMLTJPHJFFAT27CA,0.0,0.0,0.0,,
恆春鎮,土地,機場段184-2地號,2356.78,,一般農業區,農牧用地,1030514,土地1建物0車位0,,,其他,,,,0.0,0,0,0,有,無,3000000,1273,,0.0,0,,RPPNMLOKPHJFFET07DA,0.0,0.0,0.0,,
南州鄉,土地,壽元段40地號,5022.21,,一般農業區,農牧用地,1030606,土地1建物0車位0,,,其他,,,,0.0,0,0,0,有,無,6470000,1288,,0.0,0,,RPRNMLPLOHJFFDT27DA,0.0,0.0,0.0,,
枋寮鄉,土地,大響營段一小段233-1地號,942.0,,一般農業區,農牧用地,1030512,土地1建物0車位0,,,其他,,,,0.0,0,0,0,有,無,510000,541,,0.0,0,,RPVNMLOKPHJFFFT87EA,0.0,0.0,0.0,,
長治鄉,土地,香潭段380-1地號,476.07,,一般農業區,農牧用地,1030606,土地1建物0車位0,,,其他,,,,0.0,0,0,0,有,無,1500000,3151,,0.0,0,,RPSNMLNJPHJFFAT66CA,0.0,0.0,0.0,,
屏東市,房地(土地+建物),屏東縣屏東巿自立南路１７１巷１８號,102.0,住,,,1030525,土地2建物1車位0,全,二層,透天厝,住家用,鋼筋混凝土加強磚造,0590206,70.5,3,2,2,有,無,1700000,24113,,0.0,0,,RPQNMLQJPHJFFAT76CA,70.5,0.0,0.0,,
麟洛鄉,房地(土地+建物),屏東縣麟洛鄉中華路永昌巷１７號,188.16,住,,,1030530,土地1建物1車位0,全,三層,透天厝,農舍,鋼筋混凝土造,0790110,175.39,5,1,2,有,無,757530,4319,,0.0,0,親友、員工或其他特殊關係間之交易。,RPPPMLPLOHJFFAT86CA,175.39,0.0,0.0,,
長治鄉,房地(土地+建物),屏東縣長治鄉新民街２１號,121.41,住,,,1030530,土地1建物1車位0,全,二層,透天厝,住商用,加強磚造,0690717,105.08,3,1,1,有,無,3800000,36163,,0.0,0,,RPQPMLPLOHJFFAT96CA,105.08,0.0,0.0,,
九如鄉,土地,東寧段418-12地號,7163.0,,一般農業區,農牧用地,1030530,土地1建物0車位0,,,其他,,,,0.0,0,0,0,有,無,7880000,1100,,0.0,0,,RPWOMLPLOHJFFAT47CA,0.0,0.0,0.0,,
屏東市,房地(土地+建物),屏東縣屏東巿建南路９５號,32.35,住,,,1030513,土地1建物1車位0,一層，二層，騎樓,五層,公寓(5樓含以下無電梯),住商用,鋼筋混凝土造,0711030,368.74,2,2,2,有,無,2880000,7810,,0.0,0,,RPSOMLOLOHJFFAT96CA,89.6,0.0,0.0,,
屏東市,土地,新街段二小段379地號,10.0,住,,,1030603,土地1建物0車位0,,,其他,,,,0.0,0,0,0,有,無,419900,41990,,0.0,0,,RPOOMLOLOHJFFAT56CA,0.0,0.0,0.0,,
屏東市,房地(土地+建物),屏東縣屏東巿成功路１１之７號,55.0,住,,,1030527,土地2建物1車位0,全,二層,透天厝,住商用,磚造,0610306,87.12,3,2,2,有,無,1700000,19513,,0.0,0,親友、員工或其他特殊關係間之交易。,RPOOMLQLOHJFFAT76CA,87.12,0.0,0.0,,
屏東市,房地(土地+建物),屏東縣屏東巿建興南路１４號二樓之二,13.83,住,,,1030521,土地1建物1車位0,二層,十六層,住宅大樓(11層含以上有電梯),見其他登記事項,鋼筋混凝土造,0830701,109.32000000000001,3,2,2,有,有,2400000,21954,,0.0,0,附有一地下室車位使用權,RPQOMLQLOHJFFAT96CA,74.78,0.63,10.32,,
長治鄉,房地(土地+建物),屏東縣長治鄉下厝街６７之８號,96.14,,鄉村區,乙種建築用地,1030517,土地1建物1車位0,全,三層,透天厝,住家用,鋼筋混凝土造,0840828,172.07,5,2,3,有,無,3700000,21503,,0.0,0,,RPSNMLRLOHJFFAT17CA,156.0,6.5,9.57,,
屏東市,房地(土地+建物),屏東縣屏東巿機場北路４８２號九樓,22.54,住,,,1030606,土地1建物1車位0,九層,十四層,住宅大樓(11層含以上有電梯),見其他登記事項,鋼筋混凝土造,0881204,157.81,3,2,2,有,有,3200000,20278,,0.0,0,,RPQOMLNLOHJFFAT66CA,105.8,0.0,16.48,,
屏東市,房地(土地+建物),屏東縣屏東巿田中巷２之２３號,216.0,住,,,1030523,土地1建物1車位0,全,二層,透天厝,住家用,加強磚造,0770310,129.87,6,3,2,有,無,5450000,41965,,0.0,0,,RPROMLNLOHJFFAT76CA,0.0,0.0,0.0,,
屏東市,房地(土地+建物),屏東縣屏東巿機場北路５７８號六樓,8.7,住,,,1030528,土地1建物1車位0,六層,十四層,住宅大樓(11層含以上有電梯),見其他登記事項,鋼筋混凝土造,0881204,61.54,2,1,1,有,有,1310000,21287,,0.0,0,,RPXNMLNLOHJFFAT27CA,37.64,0.0,9.5,,
長治鄉,房地(土地+建物),屏東縣長治鄉潭頭路196號,92.09,住,,,1030603,土地1建物1車位0,一層，二層，三層，四層，騎樓,四層,公寓(5樓含以下無電梯),住商用,鋼筋混凝土造,0881108,205.33,5,3,3,有,無,5800000,28247,,0.0,0,,RPVNMLKLOHJFFAT76CA,185.59,0.0,19.74,,
屏東市,房地(土地+建物),屏東縣屏東巿田中一橫巷３２５號,63.0,住,,,1030609,土地2建物1車位0,全,二層,透天厝,住商用,加強磚造,0700609,89.1,4,1,3,有,無,4130000,46352,,0.0,0,含增建或未登記建物增建部份:一樓客廳外牆.屋後一.二樓增建及三樓鐵皮屋頂搭蓋隔間。,RPSNMLKLOHJFFAT09CA,89.1,0.0,0.0,,
鹽埔鄉,土地,埔段803-4地號,4850.0,,一般農業區,農牧用地,1030519,土地1建物0車位0,,,其他,,,,0.0,0,0,0,有,無,3970000,819,,0.0,0,,RPPNMLKLOHJFFBT88CA,0.0,0.0,0.0,,
鹽埔鄉,房地(土地+建物),屏東縣鹽埔鄉勝利路１１１巷１之１號,39.1,住,,,1030515,土地1建物1車位0,二層,六層,華廈(10層含以下有電梯),住家用,鋼筋混凝土造,0840515,142.41,3,2,2,有,無,1360000,9549,,0.0,0,,RPPNMLSJPHJFFBT96CA,104.25,0.0,3.76,,
里港鄉,土地,中和段14地號,10588.1,,一般農業區,農牧用地,1030609,土地1建物0車位0,,,其他,,,,0.0,0,0,0,有,無,21800000,2059,,0.0,0,,RPVNMLPKPHJFFBT37CA,0.0,0.0,0.0,,
恆春鎮,土地,榔林段149地號,13623.0,,一般農業區,農牧用地,1030610,土地1建物0車位0,,,其他,,,,0.0,0,0,0,有,無,17000000,1248,,0.0,0,,RPWNMLMLOHJFFET47CA,0.0,0.0,0.0,,
恆春鎮,土地,榔林段149-12地號,13623.0,,一般農業區,農牧用地,1030610,土地1建物0車位0,,,其他,,,,0.0,0,0,0,有,無,17000000,1248,,0.0,0,,RPXNMLMLOHJFFET57CA,0.0,0.0,0.0,,
恆春鎮,房地(土地+建物),屏東縣恆春鎮省北路１８３巷３５弄２４號,81.31,住,,,1030528,土地1建物1車位0,全,三層,透天厝,住家用,鋼筋混凝土造,0860327,142.44,4,1,3,有,無,4600000,32294,,0.0,0,,RPPNMLNLOHJFFET86CA,135.72,6.72,0.0,,
屏東市,房地(土地+建物),屏東縣屏東巿機場北路492號7樓,25.31,住,,,1030618,土地1建物1車位0,七層,十四層,住宅大樓(11層含以上有電梯),見其他登記事項,鋼筋混凝土造,0881204,177.24,4,2,2,有,有,3540000,19973,,0.0,0,,RPOPMLKMPHJFFAT56DA,122.71,0.0,15.16,,
萬巒鄉,土地,五溝水段140-1地號,7594.0,,一般農業區,農牧用地,1030410,土地1建物0車位0,,,其他,,,,0.0,0,0,0,有,無,7046000,928,,0.0,0,,RPSNMLPKPHJFFCT17CA,0.0,0.0,0.0,,
內埔鄉,土地,水門風景段302地號,184.13,,鄉村區,乙種建築用地,1030522,土地1建物0車位0,,,其他,,,,0.0,0,0,0,有,無,116000,630,,0.0,0,,RPPOMLRKPHJFFCT17CA,0.0,0.0,0.0,,
萬巒鄉,土地,萬和段283地號,232.85,住,,,1030603,土地3建物0車位0,,,其他,,,,0.0,0,0,0,有,無,3168000,13605,,0.0,0,,RPQNMLOJPHJFFCT76CA,0.0,0.0,0.0,,
潮州鎮,房地(土地+建物),屏東縣潮州鎮光輪５巷１５之１號,110.21,,鄉村區,乙種建築用地,1030527,土地1建物1車位0,全,三層,透天厝,住家用,鋼筋混凝土造,0740107,180.69,4,2,5,有,無,3400000,18817,,0.0,0,,RPQOMLRJPHJFFCT17CA,180.69,0.0,0.0,,
潮州鎮,房地(土地+建物),屏東縣潮州鎮育英路９９巷４號,125.1,住,,,1030603,土地1建物1車位0,全,一層,透天厝,住家用,加強磚造,0530501,108.6,3,1,1,有,無,1500000,13812,,0.0,0,,RPPNMLMKPHJFFCT56CA,108.6,0.0,0.0,,
潮州鎮,土地,新五魁段897地號,87.7,住,,,1030610,土地1建物0車位0,,,其他,,,,0.0,0,0,0,有,無,2650000,30217,,0.0,0,,RPPOMLOKPHJFFCT86CA,0.0,0.0,0.0,,
潮州鎮,土地,崙東段167地號,5527.54,,一般農業區,農牧用地,1030506,土地2建物0車位0,,,其他,,,,0.0,0,0,0,有,無,6268000,1134,,0.0,0,,RPPNMLKLOHJFFCT98CA,0.0,0.0,0.0,,
內埔鄉,土地,新東勢段41-2地號,3764.0,,一般農業區,農牧用地,1030606,土地1建物0車位0,,,其他,,,,0.0,0,0,0,有,無,7200000,1913,,0.0,0,,RPTNMLKLOHJFFCT76CA,0.0,0.0,0.0,,
內埔鄉,房地(土地+建物),屏東縣內埔鄉延平路３２巷８號,73.08,住,,,1030527,土地2建物1車位0,全,四層,透天厝,住家用,鋼筋混凝土造,0850207,197.33999999999997,5,3,2,有,無,2300000,11655,,0.0,0,,RPOOMLNLOHJFFCT66CA,125.07,0.0,8.25,,
潮州鎮,房地(土地+建物),屏東縣潮州鎮富春里光春路177之2號,91.68,農,,,1030603,土地2建物1車位0,全,二層,透天厝,住商用,加強磚造,0641208,119.38,3,2,2,有,無,3100000,25967,,0.0,0,,RPTOMLPLOHJFFCT37CA,119.38,0.0,0.0,,
東港鎮,房地(土地+建物),屏東縣東港鎮大成路２２巷２８號,93.45,住,,,1030413,土地1建物1車位0,全,三層,透天厝,住家用,鋼筋混凝土構造,1021224,199.13,6,2,4,有,無,9080000,45598,,0.0,0,,RPRNMLRJPHJFFDT27CA,161.11,24.92,13.1,,
東港鎮,土地,新和段39-1地號,695.77,其他,,,1030424,土地4建物0車位0,,,其他,,,,0.0,0,0,0,有,無,14815286,21293,,0.0,0,,RPSNMLKLOHJFFDT76CA,0.0,0.0,0.0,,
琉球鄉,土地,花矸段162-1地號,200.09,住,,,1030521,土地2建物0車位0,,,其他,,,,0.0,0,0,0,有,無,787000,3933,,0.0,0,,RPOOMLRLOHJFFDT17CA,0.0,0.0,0.0,,
東港鎮,土地,龍帝段690地號,65.31,其他,,,1030605,土地1建物0車位0,,,其他,,,,0.0,0,0,0,有,無,450000,6890,,0.0,0,,RPPNMLOLOHJFFDT86CA,0.0,0.0,0.0,,
東港鎮,房地(土地+建物),屏東縣東港鎮沿海路２８２號二樓,31.8,住,,,1030528,土地1建物1車位0,二層,五層,公寓(5樓含以下無電梯),住家用,鋼筋混凝土造,0810117,121.98,3,1,2,有,無,2300000,18856,,0.0,0,,RPQNMLQLOHJFFDT17CA,110.68,0.0,11.3,,
新埤鄉,土地,新華段655地號,1807.76,住,,,1030610,土地1建物0車位0,,,其他,,,,0.0,0,0,0,有,無,15288000,8457,,0.0,0,,RPVNMLOLOHJFFCT37CA,0.0,0.0,0.0,,
潮州鎮,土地,中山段978地號,488.66,,一般農業區,農牧用地,1030529,土地3建物0車位0,,,其他,,,,0.0,0,0,0,有,無,2700000,5525,,0.0,0,,RPPNMLNLOHJFFCT66CA,0.0,0.0,0.0,,
竹田鄉,房地(土地+建物),屏東縣竹田鄉新興路１巷５１號,2088.0,,特定農業區,農牧用地,1030605,土地1建物1車位0,全,二層,透天厝,農舍,加強磚造,0761116,152.8,3,1,2,有,無,5400000,35340,,0.0,0,,RPVNMLNLOHJFFCT27CA,152.8,0.0,0.0,,
內埔鄉,房地(土地+建物),屏東縣內埔鄉學興路２８巷８號八樓,19.11,住,,,1030527,土地1建物1車位0,八層,八層,華廈(10層含以下有電梯),住家用,鋼筋混凝土造,0840120,107.07,3,2,2,有,無,1250000,11675,,0.0,0,,RPWNMLNLOHJFFCT37CA,70.44,1.3,7.64,,
竹田鄉,土地,鳳新段48-1地號,2755.65,,特定農業區,農牧用地,1030506,土地1建物0車位0,,,其他,,,,0.0,0,0,0,有,無,6534300,2371,,0.0,0,,RPVNMLNJPHJFFCT17CA,0.0,0.0,0.0,,
內埔鄉,房地(土地+建物),屏東縣內埔鄉昭勝路３５６巷１３號,65.31,住,,,1030605,土地2建物1車位0,全,二層,透天厝,住家用,鋼筋混凝土造,0821202,86.08,2,2,2,有,無,1350000,15683,,0.0,0,,RPTNMLNJPHJFFCT96CA,74.4,5.84,5.84,,
潮州鎮,房地(土地+建物),屏東縣潮州鎮杭州街１２２巷１號七樓之四,28.07,住,,,1030603,土地1建物1車位0,七層,七層,華廈(10層含以下有電梯),住家用,鋼筋混凝土造,0830719,136.47,3,1,2,有,無,1600000,11724,,0.0,0,,RPOOMLNJPHJFFCT56CA,36.06,50.99,5.76,,
萬巒鄉,土地,赤山段一小段191地號,450.8,,特定農業區,農牧用地,1030526,土地1建物0車位0,,,其他,,,,0.0,0,0,0,有,無,563500,1250,,0.0,0,,RPSNMLOKPHJFFCT07CA,0.0,0.0,0.0,,
內埔鄉,土地,水門風景段171地號,244.64,,風景區,丙種建築用地,1030529,土地1建物0車位0,,,其他,,,,0.0,0,0,0,有,無,112534,460,,0.0,0,,RPROMLTJPHJFFCT47CA,0.0,0.0,0.0,,
來義鄉,土地,丹林段1182-1地號,230.0,,山坡地保育區,丙種建築用地,1030604,土地1建物0車位0,,,其他,,,,0.0,0,0,0,有,無,1000000,4348,,0.0,0,本件交易總價含另筆土地之耕作權及未保存建物.,RPQNMLRKPHJFFCT17CA,0.0,0.0,0.0,,
萬巒鄉,土地,赤山段一小段191-3地號,131.2,,特定農業區,農牧用地,1030526,土地3建物0車位0,,,其他,,,,0.0,0,0,0,有,無,76096,580,,0.0,0,,RPVNMLOKPHJFFCT37CA,0.0,0.0,0.0,,
長治鄉,土地,榮興段56地號,97.1,,一般農業區,甲種建築用地,1030612,土地3建物0車位0,,,其他,,,,0.0,0,0,0,有,無,600000,6179,,0.0,0,,RPPNMLNLOHJFFAT56DA,0.0,0.0,0.0,,
萬巒鄉,房地(土地+建物),屏東縣萬巒鄉東山路108之3號,382.0,,鄉村區,乙種建築用地,1030528,土地1建物1車位0,全,二層,透天厝,住家用,加強磚造,0660205,91.2,4,1,2,有,無,2200000,24123,,0.0,0,,RPPOMLPLOHJFFCT07DA,0.0,0.0,0.0,,
內埔鄉,房地(土地+建物),屏東縣內埔鄉壽比路261號2樓-23,60.81,,鄉村區,乙種建築用地,1030603,土地1建物1車位0,二層,五層,套房(1房1廳1衛),見使用執照,鋼筋混凝土造,0920501,20.259999999999998,1,1,1,有,無,510000,25173,,0.0,0,,RPPNMLTJPHJFFCT27DA,9.41,0.0,4.7,,
里港鄉,房地(土地+建物),屏東縣里港鄉土庫路50-2號,122.6,,鄉村區,乙種建築用地,1030529,土地1建物1車位0,全,四層,透天厝,住家用,鋼筋混凝土造,0830606,220.74,5,1,2,有,無,1800000,8154,,0.0,0,,RPRNMLKLOHJFFBT56DA,201.56,0.0,19.18,,
高樹鄉,土地,豐源段311地號,2084.0,,一般農業區,農牧用地,1030515,土地4建物0車位0,,,其他,,,,0.0,0,0,0,有,無,1300000,624,,0.0,0,,RPPNMLNLOHJFFBT66DA,0.0,0.0,0.0,,
恆春鎮,房地(土地+建物),屏東縣恆春鎮?瓻n路125巷32號二樓之二十三,7.82,住,,,1030607,土地4建物1車位0,二層,七層,套房(1房1廳1衛),住家用,鋼筋混凝土造,0830817,40.31,0,0,0,有,有,830000,20590,,0.0,0,,RPRNMLPLOHJFFET27CA,22.37,0.0,3.38,,
恆春鎮,土地,龍泉水段575-6地號,6142.0,,國家公園區,,1030611,土地2建物0車位0,,,其他,,,,0.0,0,0,0,有,無,10090000,1643,,0.0,0,,RPSNMLPLOHJFFET37CA,0.0,0.0,0.0,,
恆春鎮,土地,鵝鑾段230地號,117.65,,國家公園區,,1030606,土地1建物0車位0,,,其他,,,,0.0,0,0,0,有,無,131771,1120,,0.0,0,,RPTNMLPLOHJFFET47CA,0.0,0.0,0.0,,
恆春鎮,土地,大光段487地號,5003.99,,國家公園區,,1030522,土地1建物0車位0,,,其他,,,,0.0,0,0,0,有,無,9800000,1958,,0.0,0,,RPPOMLLJPHJFFET66CA,0.0,0.0,0.0,,
恆春鎮,土地,水泉段331地號,148042.0,,國家公園區,,1030522,土地5建物0車位0,,,其他,,,,0.0,0,0,0,有,無,350000000,2364,,0.0,0,,RPPNMLMJPHJFFET66CA,0.0,0.0,0.0,,
恆春鎮,房地(土地+建物),屏東縣恆春鎮砂尾路１６之５７號,107.8,,國家公園區,,1030528,土地1建物1車位0,全,三層,透天厝,住家用,鋼筋混凝土造,0850820,160.52,3,2,2,有,無,5000000,31149,,0.0,0,親友、員工或其他特殊關係間之交易。,RPPNMLNJPHJFFET76CA,141.3,7.22,12.0,,
恆春鎮,土地,水泉段310地號,3960.0,,國家公園區,,1030609,土地1建物0車位0,,,其他,,,,0.0,0,0,0,有,無,7230000,1826,,0.0,0,,RPTNMLQLOHJFFET57CA,0.0,0.0,0.0,,
滿州鄉,土地,花海段92地號,147.04,住,,,1030318,土地3建物0車位0,,,其他,,,,0.0,0,0,0,有,無,1000000,6801,,0.0,0,,RPVNMLQLOHJFFET77CA,0.0,0.0,0.0,,
高樹鄉,土地,大路關段舊大路關小段48-1地號,4558.0,,一般農業區,農牧用地,1030527,土地2建物0車位0,,,其他,,,,0.0,0,0,0,有,無,5640000,1237,,0.0,0,土地分次登記案件。本案土地登記收件字號：33750 . 另筆地號做二次分割中,RPPNMLMJPHJFFBT98CA,0.0,0.0,0.0,,
高樹鄉,土地,埔崙段176-12地號,1979.0,,一般農業區,農牧用地,1030610,土地1建物0車位0,,,其他,,,,0.0,0,0,0,有,無,880000,445,,0.0,0,,RPPNMLPLOHJFFBT76CA,0.0,0.0,0.0,,
屏東市,房地(土地+建物),屏東縣屏東巿和生路二段２６２巷７號,26.55,住,,,1030512,土地1建物1車位0,一層,五層,公寓(5樓含以下無電梯),國民住宅,鋼筋混凝土造,0720315,73.04,3,2,2,有,無,2050000,28067,,0.0,0,,RPWNMLNLOHJFFAT17CA,73.04,0.0,0.0,,
屏東市,房地(土地+建物)+車位,屏東縣屏東巿華盛街１９號八樓之三,42.79,住,,,1030530,土地1建物1車位1,八層,十四層,住宅大樓(11層含以上有電梯),見其他登記事項,鋼筋混凝土造,0930909,169.89,3,2,2,有,有,3000000,17658,坡道平面,0.0,0,,RPVNMLRLOHJFFAT47CA,96.85,0.0,10.43,,
長治鄉,房地(土地+建物),屏東縣長治鄉合興路２０８巷２１之１６號,114.11,住,,,1030505,土地1建物1車位0,全,三層,透天厝,住家用,鋼筋混凝土造,1030317,156.42,4,2,3,有,無,7250000,46350,,0.0,0,,RPQOMLRLOHJFFAT07CA,143.83,0.0,12.59,,
屏東市,土地,建國段832-14地號,67.0,住,,,1030609,土地2建物0車位0,,,其他,,,,0.0,0,0,0,有,無,1176900,17566,,0.0,0,親友、員工或其他特殊關係間之交易。,RPQPMLNLOHJFFAT76CA,0.0,0.0,0.0,,
長治鄉,房地(土地+建物),屏東縣長治鄉合興路２０８巷２１之１１號,102.97,住,,,1030429,土地1建物1車位0,全,三層,透天厝,住家用,鋼筋混凝土造,1030317,177.8,4,2,3,有,無,6700000,37683,,0.0,0,,RPVNMLMJPHJFFAT86CA,162.96,0.0,14.84,,
長治鄉,土地,榮華段1335-3地號,311.09,,一般農業區,農牧用地,1030522,土地4建物0車位0,,,其他,,,,0.0,0,0,0,有,無,273758,880,,0.0,0,受債權債務影響或債務抵償之交易。,RPPPMLPKPHJFFAT86CA,0.0,0.0,0.0,,
萬巒鄉,土地,五溝水段180-1524地號,424.0,,鄉村區,乙種建築用地,1030606,土地1建物0車位0,,,其他,,,,0.0,0,0,0,有,無,1200000,2830,,0.0,0,有未辦保存登記之建物,RPUNMLRKPHJFFCT67DA,0.0,0.0,0.0,,
恆春鎮,土地,水泉段250地號,309.0,,國家公園區,,1030606,土地1建物0車位0,,,其他,,,,0.0,0,0,0,有,無,11216000,36298,,0.0,0,,RPSNMLOLOHJFFET37DA,0.0,0.0,0.0,,
恆春鎮,土地,水泉段250-4地號,142.0,,國家公園區,,1030606,土地1建物0車位0,,,其他,,,,0.0,0,0,0,有,無,5154600,36300,,0.0,0,,RPTNMLOLOHJFFET47DA,0.0,0.0,0.0,,
恆春鎮,土地,榔林段263-8地號,2500.0,,山坡地保育區,農牧用地,1030512,土地1建物0車位0,,,其他,,,,0.0,0,0,0,有,無,5900000,2360,,0.0,0,,RPPNMLKMOHJFFET76DA,0.0,0.0,0.0,,
恆春鎮,土地,山腳段1017-4地號,253.0,,山坡地保育區,林業用地,1030605,土地1建物0車位0,,,其他,,,,0.0,0,0,0,有,無,2024,8,,0.0,0,向政府機關承購之案件。,RPPNMLOLOHJFFET07DA,0.0,0.0,0.0,,
車城鄉,房地(土地+建物),屏東縣車城鄉保力路6-14號2樓之1,13.55,,鄉村區,乙種建築用地,1030528,土地1建物1車位0,二層,四層,套房(1房1廳1衛),住家用,鋼筋混凝土造,0840710,39.19,1,1,1,有,有,600000,15310,,0.0,0,,RPRNMLPKPHJFFET37DA,20.14,0.0,3.08,,
萬巒鄉,房地(土地+建物),屏東縣萬巒鄉永安路11-30號,143.76,,鄉村區,乙種建築用地,1030512,土地2建物1車位0,全,三層,透天厝,住家用,鋼筋混凝土造,0801115,126.63,4,2,3,有,無,1770000,13978,,0.0,0,,RPTNMLRKPHJFFCT57DA,126.63,0.0,0.0,,
九如鄉,土地,九清段1304地號,3250.0,,特定農業區,農牧用地,1030611,土地1建物0車位0,,,其他,,,,0.0,0,0,0,有,無,9262500,2850,,0.0,0,,RPPNMLOLOHJFFAT56CA,0.0,0.0,0.0,,
萬丹鄉,土地,新全段533-1地號,3595.91,,特定農業區,農牧用地,1030605,土地2建物0車位0,,,其他,,,,0.0,0,0,0,有,無,7215000,2006,,0.0,0,,RPWOMLOLOHJFFAT37CA,0.0,0.0,0.0,,
屏東市,土地,前進段544-1地號,826.0,工,,,1030527,土地1建物0車位0,,,其他,,,,0.0,0,0,0,有,無,9369737,11344,,0.0,0,含地上用電設備全部,RPXOMLPLOHJFFAT57CA,0.0,0.0,0.0,,
屏東市,房地(土地+建物),屏東縣屏東巿大同北路７３巷２０號,80.0,住,,,1030602,土地1建物1車位0,全,二層,透天厝,住家用,加強磚造,0680330,87.54,3,2,2,有,無,2500000,28558,,0.0,0,,RPPNMLPLOHJFFAT66CA,83.85,3.69,0.0,,
屏東市,房地(土地+建物),屏東縣屏東巿公正四街７１號,90.0,住,,,1030520,土地1建物1車位0,全,二層,透天厝,住家用,鋼筋混凝土加強磚造,0590823,94.5,4,2,4,有,無,7400000,78307,,0.0,0,,RPVOMLPLOHJFFAT37CA,94.5,0.0,0.0,,
長治鄉,房地(土地+建物),屏東縣長治鄉中山路152號,50613.0,,工業區,丁種建築用地,1030509,土地23建物2車位0,一層，二層，地下層,二層,廠辦,見其他登記事項,鋼筋混凝土造,0780403,26087.41,0,2,4,有,無,238000000,9123,,0.0,0,,RPXNMLPLOHJFFAT47CA,0.0,0.0,0.0,,
屏東市,土地,豐田段319地號,373.0,住,,,1030521,土地1建物0車位0,,,其他,,,,0.0,0,0,0,有,無,16900000,45308,,0.0,0,,RPPOMLPLOHJFFAT76CA,0.0,0.0,0.0,,
屏東市,房地(土地+建物),屏東縣屏東巿民學路４１巷３６弄４０號二樓之一,44.06,住,,,1030527,土地1建物1車位0,二層,六層,華廈(10層含以下有電梯),住家用,鋼筋混凝土造,0861226,173.10999999999999,5,2,2,有,有,4380000,25302,,0.0,0,,RPQOMLPLOHJFFAT86CA,114.97,0.0,15.2,,
屏東市,房地(土地+建物),屏東縣屏東巿公裕街２８３號,82.0,住,,,1030607,土地1建物1車位0,全,四層,透天厝,見其他登記事項,鋼筋混凝土造,0940913,207.15,4,2,3,有,無,8000000,38619,,0.0,0,親友特殊關係間之交易。,RPQNMLQLOHJFFAT86CA,187.56,0.0,19.59,,
長治鄉,房地(土地+建物),屏東縣長治鄉新民街１１０巷１７號,116.57,住,,,1030520,土地2建物1車位0,全,三層,透天厝,住家用,鋼筋混凝土造,1020621,228.94,5,2,4,有,無,9150000,39967,,0.0,0,,RPTNMLRLOHJFFAT27CA,201.7,0.0,27.24,,
屏東市,房地(土地+建物),屏東縣屏東巿廣東南路１３６號,96.58,住,,,1030510,土地3建物1車位0,全,四層,透天厝,見其他登記事項,鋼筋混凝土造,0950407,221.33,4,2,3,有,無,9700000,43826,,0.0,0,,RPXNMLLJPHJFFAT96CA,192.95,6.11,22.27,,
九如鄉,土地,九清段1732地號,2311.0,,特定農業區,農牧用地,1030519,土地1建物0車位0,,,其他,,,,0.0,0,0,0,有,無,2773200,1200,,0.0,0,親友、員工或其他特殊關係間之交易。,RPPNMLLJPHJFFAT78CA,0.0,0.0,0.0,,
高樹鄉,房地(土地+建物),屏東縣高樹鄉興店路８５之１２號,77.04,,鄉村區,乙種建築用地,1030603,土地4建物1車位0,全,三層,透天厝,住家用,鋼筋混凝土造,0830624,141.81,3,2,2,有,無,1000000,7052,,0.0,0,,RPQNMLOLOHJFFBT76CA,119.92,13.94,7.95,,
鹽埔鄉,土地,永隆段60地號,5161.21,,一般農業區,農牧用地,1030515,土地3建物0車位0,,,其他,,,,0.0,0,0,0,有,無,5321000,1031,,0.0,0,,RPTNMLPLOHJFFBT17CA,0.0,0.0,0.0,,
牡丹鄉,土地,四林段305地號,55130.0,,山坡地保育區,農牧用地,1030520,土地1建物0車位0,,,其他,,,,0.0,0,0,0,有,無,2320000,42,,0.0,0,受債權債務影響或債務抵償之交易。,RPPNMLRLOHJFFET27CA,0.0,0.0,0.0,,
恆春鎮,房地(土地+建物),屏東縣恆春鎮?南路６３巷１３弄３號,92.01,住,,,1030430,土地1建物1車位0,全,二層,透天厝,住商用,加強磚造,0670124,98.28,3,2,2,有,無,3500000,35613,,0.0,0,,RPXNMLLJPHJFFET37CA,98.28,0.0,0.0,,
枋寮鄉,房地(土地+建物),屏東縣枋寮鄉枋寮村沿海路9之1號四樓,12.48,住,,,1030520,土地1建物1車位0,四層,七層,住宅大樓(11層含以上有電梯),住家用,鋼筋混凝土造,0870921,69.49000000000001,2,1,1,有,有,1325000,19067,,0.0,0,,RPRNMLPKPHJFFFT37CA,52.49,0.0,0.0,,
里港鄉,房地(土地+建物),屏東縣里港鄉忠孝路43巷5號,94.0,住,,,1030603,土地1建物1車位0,全,三層,透天厝,住家用,鋼筋混凝土造,0830111,125.28,4,2,2,有,無,1800000,14368,,0.0,0,,RPPNMLOLOHJFFBT76DA,0.0,0.0,0.0,,
內埔鄉,土地,圳頭段507地號,1591.96,,一般農業區,農牧用地,1030604,土地1建物0車位0,,,其他,,,,0.0,0,0,0,有,無,2750000,1727,,0.0,0,,RPRNMLTJPHJFFCT47DA,0.0,0.0,0.0,,
屏東市,房地(土地+建物),屏東縣屏東巿機場北路498號2樓,25.31,住,,,1030620,土地1建物1車位0,二層,十四層,住宅大樓(11層含以上有電梯),見其他登記事項,鋼筋混凝土造,0881204,176.74,4,2,2,有,有,2940000,16635,,0.0,0,,RPPPMLQKPHJFFAT07DA,122.71,0.0,14.66,,
屏東市,土地,龍華段1854地號,275.8,,鄉村區,乙種建築用地,1030608,土地2建物0車位0,,,其他,,,,0.0,0,0,0,有,無,1800000,6526,,0.0,0,,RPTNMLOLOHJFFAT07DA,0.0,0.0,0.0,,
屏東市,房地(土地+建物)+車位,屏東縣屏東巿華盛街47號8樓之1,11.4,住,,,1030609,土地1建物1車位1,八層,十四層,住宅大樓(11層含以上有電梯),見其他登記事項,鋼筋混凝土造,0930909,95.30000000000001,3,2,2,有,有,400000,4197,坡道平面,0.0,0,親友、員工或其他特殊關係間之交易。,RPUOMLPLOHJFFAT37DA,25.65,0.0,2.92,,
萬巒鄉,土地,五溝水段669-4地號,3721.0,,一般農業區,農牧用地,1030525,土地1建物0車位0,,,其他,,,,0.0,0,0,0,有,無,2450000,658,,0.0,0,親友、員工或其他特殊關係間之交易。含增建或未登記建物。,RPOOMLRKPHJFFCT07CA,0.0,0.0,0.0,,
新埤鄉,土地,建功段28地號,2560.69,,一般農業區,農牧用地,1030610,土地1建物0車位0,,,其他,,,,0.0,0,0,0,有,無,1584000,619,,0.0,0,,RPTNMLSKPHJFFCT57CA,0.0,0.0,0.0,,
潮州鎮,房地(土地+建物),屏東縣潮州鎮萬隆街７７號,88.53,住,,,1030527,土地1建物1車位0,全,四層,透天厝,住家用,見其他登記事項,1020902,188.07,4,2,3,有,無,6300000,33498,,0.0,0,,RPTOMLSKPHJFFCT67CA,171.83,16.24,0.0,,
潮州鎮,房地(土地+建物),屏東縣潮州鎮榮田路１２１巷４號,21.09,住,,,1030605,土地2建物1車位0,一層，二層,七層,華廈(10層含以下有電梯),見其他登記事項,鋼筋混凝土造,0850817,103.89000000000001,3,2,3,有,無,1200000,11551,,0.0,0,,RPRNMLKMPHJFFCT76CA,67.04,0.0,12.0,,
潮州鎮,房地(土地+建物),屏東縣潮州鎮三進路１６４巷４號,61.83,住,,,1030518,土地1建物1車位0,全,二層,透天厝,住商用,加強磚造,0650529,83.6,3,2,2,有,無,2200000,26316,,0.0,0,,RPUOMLOJPHJFFCT27CA,83.6,0.0,0.0,,
內埔鄉,土地,文化段476地號,2714.51,,一般農業區,農牧用地,1030622,土地1建物0車位0,,,其他,,,,0.0,0,0,0,有,無,7500000,2763,,0.0,0,,RPSNMLNJPHJFFCT86CA,0.0,0.0,0.0,,
潮州鎮,土地,建基段394地號,178.2,住,,,1030508,土地2建物0車位0,,,其他,,,,0.0,0,0,0,有,無,3466633,19454,,0.0,0,,RPPOMLMJPHJFFCT56CA,0.0,0.0,0.0,,
內埔鄉,土地,佳山段42-2地號,1055.76,,山坡地保育區,農牧用地,1030516,土地2建物0車位0,,,其他,,,,0.0,0,0,0,有,無,1300000,1231,,0.0,0,,RPPNMLRLOHJFFCT07CA,0.0,0.0,0.0,,
內埔鄉,土地,佳山段40地號,917.77,,山坡地保育區,農牧用地,1030516,土地1建物0車位0,,,其他,,,,0.0,0,0,0,有,無,1000000,1090,,0.0,0,,RPRNMLRLOHJFFCT27CA,0.0,0.0,0.0,,
新埤鄉,土地,打鐵段748-22地號,155.0,,鄉村區,乙種建築用地,1030525,土地1建物0車位0,,,其他,,,,0.0,0,0,0,有,無,201500,1300,,0.0,0,二等親間買賣,RPSNMLRLOHJFFCT37CA,0.0,0.0,0.0,,
內埔鄉,房地(土地+建物),屏東縣內埔鄉西淇路１３２巷１２號,116.99,,鄉村區,乙種建築用地,1030514,土地2建物1車位0,全,三層,透天厝,住家用,鋼筋混凝土造,0820424,180.02,4,2,3,有,無,3500000,19442,,0.0,0,,RPUOMLPLOHJFFCT47CA,154.0,7.55,18.47,,
東港鎮,房地(土地+建物),屏東縣東港鎮沿海路５９號八樓,11.57,住,,,1030606,土地1建物1車位0,八層,十七層,住宅大樓(11層含以上有電梯),見其他登記事項,鋼筋混凝土造,0860322,79.93,3,2,2,有,無,1900000,23771,,0.0,0,,RPPNMLQLOHJFFDT07CA,69.6,0.0,10.33,,
南州鄉,土地,萬華段1262地號,3272.62,,一般農業區,農牧用地,1030613,土地1建物0車位0,,,其他,,,,0.0,0,0,0,有,無,4254406,1300,,0.0,0,,RPVNMLNLOHJFFDT37CA,0.0,0.0,0.0,,
新園鄉,土地,新堤段866地號,5091.6,,一般農業區,農牧用地,1030612,土地2建物0車位0,,,其他,,,,0.0,0,0,0,有,無,7400000,1453,,0.0,0,及地上未辦保存登記建物加強磚造二層樓一棟,RPWNMLNLOHJFFDT47CA,0.0,0.0,0.0,,
新園鄉,土地,五房段675-1地號,155.75,,鄉村區,乙種建築用地,1030610,土地1建物0車位0,,,其他,,,,0.0,0,0,0,有,無,1884000,12096,,0.0,0,,RPQNMLPLOHJFFDT07CA,0.0,0.0,0.0,,
林邊鄉,房地(土地+建物),屏東縣林邊鄉美華路１３３號,233.13,住,,,1030612,土地3建物1車位0,全,二層,透天厝,住宅,加強磚造,0760107,118.92,4,2,2,有,無,1850000,15557,,0.0,0,,RPVNMLRLOHJFFDT77CA,112.2,6.72,0.0,,
東港鎮,土地,東港段450-260地號,75.0,工,,,1030617,土地1建物0車位0,,,其他,,,,0.0,0,0,0,有,無,1155000,15400,,0.0,0,,RPTNMLKMOHJFFDT96CA,0.0,0.0,0.0,,
東港鎮,土地,東港段450-261地號,75.0,工,,,1030617,土地1建物0車位0,,,其他,,,,0.0,0,0,0,有,無,1155000,15400,,0.0,0,,RPUNMLKMOHJFFDT07CA,0.0,0.0,0.0,,
東港鎮,房地(土地+建物),屏東縣東港鎮明禮路３４６號,157.2,住,,,1030514,土地1建物1車位0,全,四層,透天厝,見其他登記事項,鋼筋混凝土構造,1020910,322.07,5,2,5,有,無,19500000,60546,,0.0,0,,RPWNMLQKPHJFFDT77CA,298.33,0.0,23.74,,
來義鄉,土地,南和段1040地號,915.0,,河川區,農牧用地,1030602,土地1建物0車位0,,,其他,,,,0.0,0,0,0,有,無,240000,262,,0.0,0,,RPUNMLQLOHJFFCT47CA,0.0,0.0,0.0,,
萬巒鄉,土地,五溝水段1442地號,630.0,,一般農業區,農牧用地,1030605,土地1建物0車位0,,,其他,,,,0.0,0,0,0,有,無,390600,620,,0.0,0,祭祀公業土地買賣,RPRNMLPLOHJFFCT07CA,0.0,0.0,0.0,,
屏東市,房地(土地+建物),屏東縣屏東巿自由路75號,185.0,商,,,1030528,土地1建物1車位0,一層，二層，三層，屋頂突出物，騎樓,三層,店面(店鋪),住商用,鋼筋混凝土造,1020108,381.65,4,2,6,有,無,18000000,47164,,0.0,0,,RPWNMLKMOHJFFAT07DA,370.85,0.0,10.8,,
里港鄉,土地,武洛段566地號,2633.0,,一般農業區,農牧用地,1030602,土地1建物0車位0,,,其他,,,,0.0,0,0,0,有,無,3100000,1177,,0.0,0,,RPSNMLQLOHJFFBT27DA,0.0,0.0,0.0,,
恆春鎮,房地(土地+建物),屏東縣恆春鎮?南路１９４巷５３弄７號,139.6,住,,,1030611,土地2建物1車位0,全,三層,透天厝,住家用,鋼筋混凝土造,0951208,177.02,4,2,3,有,無,8800000,49712,,0.0,0,,RPSNMLOJKIJFFET76CA,158.18,0.0,18.84,,
恆春鎮,房地(土地+建物),屏東縣恆春鎮中正路２３２巷１０１弄３６號,134.82,住,,,1030605,土地1建物1車位0,全,四層,透天厝,見其他登記事項,鋼筋混凝土造,1021205,229.53,6,2,6,有,無,11500000,50102,,0.0,0,,RPRNMLKKPHJFFET76CA,218.27,11.26,0.0,,
車城鄉,房地(土地+建物),屏東縣車城鄉保力路６之３１號,32.82,,鄉村區,乙種建築用地,1030609,土地1建物1車位0,一層,四層,套房(1房1廳1衛),住家用,鋼筋混凝土造,0840710,84.91,1,1,1,有,無,1783000,20999,,0.0,0,,RPRNMLQLOHJFFET37CA,46.82,0.0,0.0,,
鹽埔鄉,土地,新高段568地號,4645.02,,一般農業區,農牧用地,1030603,土地6建物0車位0,,,其他,,,,0.0,0,0,0,有,無,9578000,2062,,0.0,0,,RPUNMLPLOHJFFBT27CA,0.0,0.0,0.0,,
里港鄉,土地,鐵店段256地號,1902.0,農,,,1030616,土地1建物0車位0,,,其他,,,,0.0,0,0,0,有,無,3000000,1577,,0.0,0,,RPRNMLPLOHJFFBT96CA,0.0,0.0,0.0,,
屏東市,土地,古松段253地號,4268.32,,一般農業區,農牧用地,1030526,土地2建物0車位0,,,其他,,,,0.0,0,0,0,有,無,8890020,2083,,0.0,0,,RPSNMLSKPHJFFAT27CA,0.0,0.0,0.0,,
萬丹鄉,房地(土地+建物),屏東縣萬丹鄉元泰街１７巷２１號,85.0,住,,,1030605,土地1建物1車位0,全,一層,透天厝,住家用,磚造,,40.68,2,1,1,有,無,730000,17945,,0.0,0,,RPTNMLSKPHJFFAT37CA,40.68,0.0,0.0,,
屏東市,土地,金城段848-1地號,1169.83,,一般農業區,農牧用地,1030617,土地1建物0車位0,,,其他,,,,0.0,0,0,0,有,無,3760588,3215,,0.0,0,,RPPOMLSKPHJFFAT07CA,0.0,0.0,0.0,,
屏東市,土地,洛陽段584-12地號,74.0,住,,,1030613,土地1建物0車位0,,,其他,,,,0.0,0,0,0,有,無,3357750,45375,,0.0,0,,RPPNMLOLPHJFFAT66CA,0.0,0.0,0.0,,
高樹鄉,土地,東振新段462-4地號,3113.0,,一般農業區,農牧用地,1030610,土地2建物0車位0,,,其他,,,,0.0,0,0,0,有,無,800000,257,,0.0,0,,RPRNMLNJPHJFFBT66CA,0.0,0.0,0.0,,
高樹鄉,土地,長榮段790地號,2910.45,農,,,1030613,土地1建物0車位0,,,其他,,,,0.0,0,0,0,有,無,5380000,1849,,0.0,0,,RPSNMLNJPHJFFBT76CA,0.0,0.0,0.0,,
高樹鄉,土地,埔崙段40-10地號,167.04,,鄉村區,乙種建築用地,1030612,土地3建物0車位0,,,其他,,,,0.0,0,0,0,有,無,632000,3784,,0.0,0,,RPPNMLOJPHJFFBT56CA,0.0,0.0,0.0,,
屏東市,房地(土地+建物)+車位,屏東縣屏東巿建興南路２０號十二樓之二,14.6,住,,,1030607,土地1建物1車位1,十二層,十六層,住宅大樓(11層含以上有電梯),見其他登記事項,鋼筋混凝土造,0830701,139.13,3,2,2,有,有,2750000,19766,坡道平面,0.0,0,,RPWNMLRLOHJFFAT57CA,78.55,0.87,10.96,,
屏東市,房地(土地+建物),屏東縣屏東巿華盛街１５號十二樓之一,42.79,住,,,1030611,土地1建物1車位0,十二層,十四層,住宅大樓(11層含以上有電梯),見其他登記事項,鋼筋混凝土造,0930909,169.89,3,2,2,有,有,3100000,18247,,0.0,0,,RPROMLQLOHJFFAT07CA,96.85,0.0,10.43,,
屏東市,房地(土地+建物),屏東縣屏東巿香揚巷４０之１０號,88.59,住,,,1030610,土地2建物1車位0,全,四層,透天厝,住家用,鋼筋混凝土造,0800521,217.55,6,2,3,有,有,5300000,24362,,0.0,0,,RPPOMLQLOHJFFAT86CA,176.4,0.0,8.26,,
屏東市,房地(土地+建物),屏東縣屏東巿廣東路１５８６巷１弄９０號,49.45,住,,,1030612,土地2建物1車位0,全,三層,透天厝,見其他登記事項,鋼筋混凝土造,0891230,142.47,4,2,3,有,無,3750000,26321,,0.0,0,,RPXNMLQLOHJFFAT57CA,94.94,0.0,0.0,,
屏東市,房地(土地+建物),屏東縣屏東巿香揚巷４０之３５號,88.59,住,,,1030606,土地2建物1車位0,全,三層,透天厝,住家用,鋼筋混凝土造,0800521,196.23000000000002,5,2,3,有,有,4250000,21658,,0.0,0,,RPROMLPLOHJFFAT96CA,151.8,3.57,7.97,,
屏東市,土地,信興段154地號,2498.92,,一般農業區,農牧用地,1030613,土地1建物0車位0,,,其他,,,,0.0,0,0,0,有,無,6500000,2601,,0.0,0,,RPSOMLPLOHJFFAT07CA,0.0,0.0,0.0,,
屏東市,房地(土地+建物),屏東縣屏東巿崇德一路３３之１號,81.55,住,,,1030603,土地4建物1車位0,全,四層,透天厝,見其他登記事項,鋼筋混凝土造,1021025,161.3,5,2,3,有,無,6850000,42467,,0.0,0,,RPOPMLOLOHJFFAT66CA,142.15,0.0,19.15,,
長治鄉,房地(土地+建物),屏東縣長治鄉新民街１３６之１５號,179.87,住,,,1030603,土地1建物1車位0,全,三層,透天厝,住家用,鋼筋混凝土造,1020621,234.24,4,2,4,有,無,8380000,35775,,0.0,0,,RPOOMLQKPHJFFAT76CA,208.77,0.0,25.47,,
屏東市,房地(土地+建物)+車位,屏東縣屏東巿華盛街４３號三樓之一,42.79,住,,,1030528,土地1建物1車位1,三層,十四層,住宅大樓(11層含以上有電梯),見其他登記事項,鋼筋混凝土造,0930909,169.89,3,2,2,有,有,2800000,16481,坡道平面,0.0,0,,RPTOMLSJPHJFFAT37CA,96.85,0.0,10.43,,
屏東市,房地(土地+建物)+車位,屏東縣屏東巿豐榮街１４巷３４號二樓之二,30.88,住,,,1030530,土地2建物1車位1,二層,六層,華廈(10層含以下有電梯),住家用,鋼筋混凝土造,0830330,127.98,3,2,2,有,有,2680000,20941,一樓平面,0.0,0,,RPQNMLMJPHJFFAT98CA,82.46,0.0,15.24,,
屏東市,房地(土地+建物)+車位,屏東縣屏東巿瑞光路三段３０５號,77.0,住,,,1030611,土地1建物1車位1,全,三層,透天厝,住商用,鋼筋混凝土造,0941230,155.02,5,1,3,有,無,7800000,50316,一樓平面,0.0,0,,RPPOMLNJPHJFFAT09CA,135.09,19.93,0.0,,
屏東市,房地(土地+建物),屏東縣屏東巿博愛路６０、６２號,243.0,住,,,1030601,土地2建物1車位0,一層，騎樓,一層,店面(店鋪),商業用,見其他登記事項,,160.95,0,2,1,有,無,17000000,105623,,0.0,0,,RPVNMLRJPHJFFAT37CA,160.95,0.0,0.0,,
潮州鎮,房地(土地+建物),屏東縣潮州鎮開平路52號,87.9,住,,,1030609,土地2建物1車位0,全,二層,透天厝,住商用,鋼筋混凝土造,0690122,115.2,2,1,2,有,無,3000000,26042,,0.0,0,,RPVOMLRLOHJFFCT87DA,115.2,0.0,0.0,,
滿州鄉,土地,林段398-3地號,124.0,,國家公園區,,1030606,土地1建物0車位0,,,其他,,,,0.0,0,0,0,有,無,620,5,,0.0,0,向政府機關承購之案件。,RPUNMLPLOHJFFET67DA,0.0,0.0,0.0,,
內埔鄉,房地(土地+建物),屏東縣內埔鄉學人路618巷56號,69.47,住,,,1030609,土地1建物1車位0,全,二層,透天厝,住家用,加強磚造,0710731,93.86,4,2,2,有,無,1380000,14703,,0.0,0,,RPSNMLSLPHJFFCT67DA,93.86,0.0,0.0,,
屏東市,房地(土地+建物),屏東縣屏東巿興豐路６５號,16.06,住,,,1030523,土地2建物1車位0,一層,七層,華廈(10層含以下有電梯),見其他登記事項,鋼筋混凝土造,0820407,84.17999999999999,3,2,2,有,有,2380000,28273,,0.0,0,,RPSNMLMJPHJFFAT56CA,56.64,7.02,0.0,,
長治鄉,房地(土地+建物),屏東縣長治鄉合興路２０８巷２１之９號,79.13,住,,,1030512,土地2建物1車位0,全,三層,透天厝,住家用,鋼筋混凝土造,1030314,157.73,4,2,3,有,無,6200000,39308,,0.0,0,,RPPNMLNJPHJFFAT98CA,145.13,0.0,12.6,,
屏東市,土地,斯文段1014-2地號,346.0,住,,,1030520,土地1建物0車位0,,,其他,,,,0.0,0,0,0,有,無,19920200,57573,,0.0,0,含菱形網圍籬及廢鋼軌新台幣25165元,RPRNMLPKPHJFFAT86CA,0.0,0.0,0.0,,
屏東市,房地(土地+建物)+車位,屏東縣屏東巿自由路７３２之４號九樓之八,5.59,住,,,1030520,土地1建物1車位1,九層,十二層,住宅大樓(11層含以上有電梯),住家用,鋼筋混凝土造,0841109,44.05,2,2,1,有,有,880000,19977,坡道機械,0.0,0,,RPVPMLPLOHJFFAT47CA,22.44,0.0,4.63,,
屏東市,土地,信興段157地號,3561.37,,一般農業區,農牧用地,1030606,土地1建物0車位0,,,其他,,,,0.0,0,0,0,有,無,8628000,2423,,0.0,0,,RPSOMLQLOHJFFAT17CA,0.0,0.0,0.0,,
萬丹鄉,房地(土地+建物),屏東縣萬丹鄉興全路５３號,157.17,,鄉村區,乙種建築用地,1030609,土地2建物1車位0,全,二層,透天厝,住家用,加強磚造,0790824,216.4,5,2,4,有,無,894784,4135,,0.0,0,親友、員工或其他特殊關係間之交易。,RPROMLRLOHJFFAT17CA,204.64,11.76,0.0,,
屏東市,土地,清溪段503地號,130.0,,特定農業區,農牧用地,1030610,土地1建物0車位0,,,其他,,,,0.0,0,0,0,有,無,420000,3231,,0.0,0,,RPQNMLLJPHJFFAT88CA,0.0,0.0,0.0,,
屏東市,房地(土地+建物),屏東縣屏東巿機場北路４７６號十二樓,22.54,住,,,1030611,土地1建物1車位0,十二層,十四層,住宅大樓(11層含以上有電梯),見其他登記事項,鋼筋混凝土造,0881204,157.81,4,2,2,有,有,3000000,19010,,0.0,0,,RPSOMLLJPHJFFAT56CA,105.8,0.0,16.48,,
里港鄉,土地,瀰力肚段732-10地號,1032.0,,一般農業區,農牧用地,1030518,土地1建物0車位0,,,其他,,,,0.0,0,0,0,有,無,1650000,1599,,0.0,0,,RPTNMLOJPHJFFBT96CA,0.0,0.0,0.0,,
屏東市,土地,民生段384地號,358.0,住,,,1030520,土地4建物0車位0,,,其他,,,,0.0,0,0,0,有,無,5521950,15424,,0.0,0,承買人：鄭翠姣買受持分14/84，鄭慧敏買受持分14/84，鄭玲卿買受持分14/84,RPWNMLOLPHJFFAT37CA,0.0,0.0,0.0,,
萬丹鄉,房地(土地+建物),屏東縣萬丹鄉大隆路66巷10號,85.8,,鄉村區,乙種建築用地,1030605,土地1建物1車位0,一層，二層，三層，四層,四層,公寓(5樓含以下無電梯),住家用,鋼筋混凝土造,0820119,189.85,4,2,3,有,無,2500000,13168,,0.0,0,,RPRNMLMLPHJFFAT66CA,0.0,0.0,0.0,,
恆春鎮,土地,榔林段116地號,4205.0,,一般農業區,農牧用地,1030612,土地1建物0車位0,,,其他,,,,0.0,0,0,0,有,無,8830000,2100,,0.0,0,,RPPNMLMKPHJFFET76CA,0.0,0.0,0.0,,
恆春鎮,土地,榔林段115-2地號,975.0,,鄉村區,乙種建築用地,1030612,土地2建物0車位0,,,其他,,,,0.0,0,0,0,有,無,9034000,9266,,0.0,0,,RPQNMLMKPHJFFET86CA,0.0,0.0,0.0,,
恆春鎮,土地,榔林段115-1地號,986.0,,鄉村區,乙種建築用地,1030612,土地1建物0車位0,,,其他,,,,0.0,0,0,0,有,無,9136000,9266,,0.0,0,,RPRNMLMKPHJFFET96CA,0.0,0.0,0.0,,
恆春鎮,土地,大光段544地號,7141.07,,國家公園區,,1030617,土地1建物0車位0,,,其他,,,,0.0,0,0,0,有,無,11425000,1600,,0.0,0,,RPPNMLLJPHJFFET56CA,0.0,0.0,0.0,,
恆春鎮,土地,大光段544-1地號,7141.07,,國家公園區,,1030617,土地1建物0車位0,,,其他,,,,0.0,0,0,0,有,無,12140000,1700,,0.0,0,,RPQNMLLJPHJFFET66CA,0.0,0.0,0.0,,
恆春鎮,土地,榔林段27-26地號,2500.0,,山坡地保育區,農牧用地,1030618,土地1建物0車位0,,,其他,,,,0.0,0,0,0,有,無,5700000,2280,,0.0,0,,RPRNMLLJPHJFFET76CA,0.0,0.0,0.0,,
佳冬鄉,土地,佳和段349-2地號,876.0,住,,,1030528,土地2建物0車位0,,,其他,,,,0.0,0,0,0,有,無,5519740,6301,,0.0,0,,RPPNMLMLPHJFFFT96CA,0.0,0.0,0.0,,
高樹鄉,土地,東振新段1279地號,2855.0,,一般農業區,農牧用地,1030618,土地2建物0車位0,,,其他,,,,0.0,0,0,0,有,無,3900000,1366,,0.0,0,,RPQNMLQLOHJFFBT07DA,0.0,0.0,0.0,,
鹽埔鄉,土地,高華段967-3地號,261.77,,,,1030530,土地1建物0車位0,,,其他,,,,0.0,0,0,0,有,無,200000,764,,0.0,0,,RPRNMLQLOHJFFBT17DA,0.0,0.0,0.0,,
屏東市,房地(土地+建物),屏東縣屏東巿莊敬街二段2號,160.0,住,,,1030610,土地1建物1車位0,全,二層,透天厝,住商用,加強磚造,0760205,172.58,3,2,2,有,無,10660000,61768,,0.0,0,,RPTOMLMJPHJFFAT86DA,157.88,14.7,0.0,,
屏東市,土地,公園段二小段41-22地號,3.0,住,,,1030604,土地1建物0車位0,,,其他,,,,0.0,0,0,0,有,無,78600,26200,,0.0,0,,RPWNMLQLOHJFFAT57DA,0.0,0.0,0.0,,
萬巒鄉,土地,五溝水段520-8地號,1819.0,,河川區,農牧用地,1030606,土地4建物0車位0,,,其他,,,,0.0,0,0,0,有,無,2340000,1286,,0.0,0,,RPTNMLQLOHJFFCT37CA,0.0,0.0,0.0,,
潮州鎮,土地,興美段1885地號,2871.0,,特定農業區,農牧用地,1030505,土地1建物0車位0,,,其他,,,,0.0,0,0,0,有,無,5920000,2062,,0.0,0,,RPPNMLLJPHJFFCT98CA,0.0,0.0,0.0,,
內埔鄉,房地(土地+建物),屏東縣內埔鄉學成街１４弄２０號,78.33,住,,,1030609,土地1建物1車位0,全,四層,透天厝,見其他登記事項,鋼筋混凝土造,0840510,169.04,5,1,2,有,無,1500000,8874,,0.0,0,親友、員工或其他特殊關係間之交易。,RPRNMLRJPHJFFCT17CA,147.72,4.8,16.52,,
潮州鎮,房地(土地+建物),屏東縣潮州鎮振昇路１５７號,121.2,住,,,1030610,土地1建物1車位0,全,二層,透天厝,住家用,加強磚造,0780509,167.48,4,2,3,有,無,5500000,32840,,0.0,0,,RPWNMLOJPHJFFCT37CA,167.48,0.0,0.0,,
內埔鄉,土地,水門風景段131地號,112.4,,山坡地保育區,林業用地,1030529,土地1建物0車位0,,,其他,,,,0.0,0,0,0,有,無,47208,420,,0.0,0,,RPTOMLTJPHJFFCT67CA,0.0,0.0,0.0,,
潮州鎮,土地,崙潮段210-1地號,8856.61,,一般農業區,農牧用地,1030508,土地2建物0車位0,,,其他,,,,0.0,0,0,0,有,無,7250000,819,,0.0,0,,RPQNMLMKPHJFFCT66CA,0.0,0.0,0.0,,
竹田鄉,房地(土地+建物),屏東縣竹田鄉美崙３之２１號,3055.0,,特定農業區,農牧用地,1030429,土地1建物2車位0,一層，二層,二層,農舍,見其他登記事項,見其他登記事項,0970801,723.22,4,2,3,有,無,13800000,,,0.0,0,主要用途:羊舍.倉儲設施,RPWNMLLLPHJFFCT27CA,319.77,0.0,0.0,,
潮州鎮,房地(土地+建物),屏東縣潮州鎮光明路１４１巷３５號,90.97,,鄉村區,乙種建築用地,1030604,土地2建物1車位0,全,四層,透天厝,住家用,鋼筋混凝土造,0830105,191.65,4,1,3,有,無,3000000,15654,,0.0,0,,RPXNMLOLPHJFFCT67CA,179.94,2.25,9.46,,
內埔鄉,房地(土地+建物)+車位,屏東縣內埔鄉永光路２２號九樓,17.58,住,,,1030605,土地1建物1車位1,九層,九層,華廈(10層含以下有電梯),住家用,鋼筋混凝土造,0830207,107.36,3,2,2,有,有,1380000,12854,坡道平面,0.0,0,,RPTNMLPKPHJFFCT27CA,69.06,1.17,9.9,,
崁頂鄉,土地,頂仁段623地號,1169.26,,一般農業區,農牧用地,1030525,土地1建物0車位0,,,其他,,,,0.0,0,0,0,有,無,2500000,2138,,0.0,0,,RPRNMLSKPHJFFDT47CA,0.0,0.0,0.0,,
琉球鄉,土地,大寮段787地號,301.1,住,,,1030504,土地1建物0車位0,,,其他,,,,0.0,0,0,0,有,無,1420000,4716,,0.0,0,,RPSNMLQLOHJFFDT37CA,0.0,0.0,0.0,,
東港鎮,房地(土地+建物),屏東縣東港鎮沿海路２２１號三樓,21.27,住,,,1030614,土地1建物1車位0,三層,七層,住宅大樓(11層含以上有電梯),住宅,鋼筋混凝土造,0830905,71.71,3,2,2,有,無,2180000,30400,,0.0,0,,RPQOMLRLOHJFFDT37CA,69.04,0.0,2.67,,
東港鎮,土地,龍帝段840-5地號,24.43,其他,,,1030524,土地1建物0車位0,,,其他,,,,0.0,0,0,0,有,無,375238,15360,,0.0,0,,RPQNMLKMOHJFFDT66CA,0.0,0.0,0.0,,
東港鎮,土地,龍帝段840-4地號,73.14,其他,,,1030524,土地3建物0車位0,,,其他,,,,0.0,0,0,0,有,無,1123411,15360,,0.0,0,,RPRNMLKMOHJFFDT76CA,0.0,0.0,0.0,,
東港鎮,土地,建安段924地號,1860.59,,鄉村區,乙種建築用地,1030610,土地3建物0車位0,,,其他,,,,0.0,0,0,0,有,無,7571560,4069,,0.0,0,,RPWNMLKMOHJFFDT27CA,0.0,0.0,0.0,,
新園鄉,土地,鹽洲段515-14地號,462.77,住,,,1030527,土地3建物0車位0,,,其他,,,,0.0,0,0,0,有,無,3359800,7260,,0.0,0,,RPSNMLNJPHJFFDT96CA,0.0,0.0,0.0,,
萬巒鄉,土地,四溝水段351-5地號,3245.0,,一般農業區,農牧用地,1030513,土地2建物0車位0,,,其他,,,,0.0,0,0,0,有,無,3000000,924,,0.0,0,,RPRNMLMKPHJFFCT76CA,0.0,0.0,0.0,,
萬巒鄉,土地,赤山段546地號,3620.0,,一般農業區,農牧用地,1030603,土地1建物0車位0,,,其他,,,,0.0,0,0,0,有,無,6904000,1907,,0.0,0,,RPTNMLOKPHJFFCT17CA,0.0,0.0,0.0,,
潮州鎮,房地(土地+建物),屏東縣潮州鎮六合路９號,69.6,商,,,1030530,土地1建物1車位0,全,一層,透天厝,見其他登記事項,磚造,0470410,68.0,0,0,0,無,無,2100000,30882,,0.0,0,,RPQNMLTJPHJFFCT27CA,68.0,0.0,0.0,,
竹田鄉,土地,新田段561地號,5683.0,,特定農業區,農牧用地,1030330,土地2建物0車位0,,,其他,,,,0.0,0,0,0,有,無,11718000,2062,,0.0,0,,RPPNMLKMOHJFFCT09CA,0.0,0.0,0.0,,
潮州鎮,房地(土地+建物)+車位,屏東縣潮州鎮太平路２３２號七樓之四,29.31,住,,,1030616,土地1建物1車位1,七層,七層,華廈(10層含以下有電梯),住家用,鋼筋混凝土造,0830812,161.52,3,2,2,有,有,1500000,9287,坡道平面,0.0,0,,RPRNMLKMOHJFFCT66CA,99.18,0.0,6.41,,
潮州鎮,土地,林後段526地號,6543.53,,一般農業區,農牧用地,1030531,土地2建物0車位0,,,其他,,,,0.0,0,0,0,有,無,8800000,1345,,0.0,0,,RPPOMLLJPHJFFCT09CA,0.0,0.0,0.0,,
內埔鄉,房地(土地+建物),屏東縣潮州鎮永平街３８號,133.45,住,,,1030523,土地1建物1車位0,全,三層,透天厝,住家用,見其他登記事項,1030317,203.57,4,2,4,有,無,7000000,34386,,0.0,0,,RPTNMLRLOHJFFCT47CA,186.51,0.0,17.06,,
內埔鄉,房地(土地+建物),屏東縣潮州鎮永平街５８號,83.69,住,,,1030607,土地1建物1車位0,全,三層,透天厝,見其他登記事項,見其他登記事項,1030317,157.88,4,2,3,有,無,6000000,38004,,0.0,0,,RPUNMLRLOHJFFCT57CA,141.36,0.0,16.52,,
內埔鄉,房地(土地+建物),屏東縣潮州鎮德美路２５３號,132.74,住,,,1030606,土地1建物1車位0,全,三層,透天厝,見其他登記事項,見其他登記事項,1030317,231.88,5,2,4,有,無,8500000,36657,,0.0,0,,RPWNMLRLOHJFFCT77CA,221.49,0.0,10.39,,
內埔鄉,房地(土地+建物),屏東縣潮州鎮永平街１６號,132.24,住,,,1030530,土地1建物1車位0,全,三層,透天厝,住家用,見其他登記事項,1030317,196.72,4,2,4,有,無,7000000,35584,,0.0,0,,RPXNMLRLOHJFFCT87CA,180.85,0.0,15.87,,
內埔鄉,房地(土地+建物),屏東縣潮州鎮永平街６０號,83.75,住,,,1030607,土地1建物1車位0,全,三層,透天厝,見其他登記事項,見其他登記事項,1030317,157.88,4,2,3,有,無,6000000,38004,,0.0,0,,RPOOMLRLOHJFFCT07CA,141.36,0.0,16.52,,
潮州鎮,房地(土地+建物),屏東縣潮州鎮三林路229巷6號,71.07,住,,,1030514,土地3建物1車位0,全,二層,透天厝,住商用,加強磚造,0660504,113.2,3,1,2,有,無,1320000,11661,,0.0,0,,RPSOMLRLOHJFFCT47CA,0.0,0.0,0.0,,
萬巒鄉,土地,官倉段933-1地號,46.72,住,,,1030616,土地1建物0車位0,,,其他,,,,0.0,0,0,0,有,無,1130624,24200,,0.0,0,,RPXNMLQLOHJFFCT77CA,0.0,0.0,0.0,,
萬丹鄉,房地(土地+建物),屏東縣萬丹鄉萬全村萬興街2巷6號,78.0,住,,,1030617,土地1建物1車位0,全,二層,透天厝,住商用,鋼筋混凝土造,0700130,103.2,2,2,2,有,無,2550000,24709,,0.0,0,,RPXNMLRLOHJFFAT77DA,103.2,0.0,0.0,,
屏東市,房地(土地+建物)+車位,屏東縣屏東巿機場北路452號13樓,37.96,住,,,1030625,土地1建物1車位1,十三層，十四層,十四層,住宅大樓(11層含以上有電梯),見其他登記事項,鋼筋混凝土造,0881204,288.55,4,2,3,有,有,4080000,13911,坡道平面,24.01,400000,,RPSPMLQKPHJFFAT37DA,186.91,0.0,19.06,,
高樹鄉,土地,高樹段435-8地號,2504.0,,一般農業區,農牧用地,1030618,土地1建物0車位0,,,其他,,,,0.0,0,0,0,有,無,2500000,998,,0.0,0,,RPUNMLQLOHJFFBT47DA,0.0,0.0,0.0,,
高樹鄉,土地,長榮段441地號,40.79,住,,,1030501,土地3建物0車位0,,,其他,,,,0.0,0,0,0,有,無,244749,6000,,0.0,0,,RPQNMLLJPHJFFBT09DA,0.0,0.0,0.0,,
高樹鄉,土地,東振新段547地號,31.52,,鄉村區,乙種建築用地,1030422,土地1建物0車位0,,,其他,,,,0.0,0,0,0,有,無,50587,1605,,0.0,0,,RPRNMLLJPHJFFBT56DA,0.0,0.0,0.0,,
高樹鄉,土地,加蚋埔段96-64地號,165.0,,一般農業區,甲種建築用地,1030606,土地1建物0車位0,,,其他,,,,0.0,0,0,0,有,無,1500000,9091,,0.0,0,,RPUNMLTLPHJFFBT87DA,0.0,0.0,0.0,,
枋寮鄉,房地(土地+建物),屏東縣枋寮鄉中興路３４號,31.48,商,,,1030613,土地1建物1車位0,全,一層,透天厝,住家用,加強磚造,,30.7,1,1,1,有,無,1450000,47231,,0.0,0,2樓，3樓為增建，未保存登記。,RPTNMLOJPHJFFFT37CA,30.7,0.0,0.0,,
恆春鎮,土地,五里亭段555地號,150.51,,一般農業區,農牧用地,1030604,土地1建物0車位0,,,其他,,,,0.0,0,0,0,有,無,100000,664,,0.0,0,,RPVNMLLJPHJFFET17CA,0.0,0.0,0.0,,
屏東市,房地(土地+建物),屏東縣屏東巿公裕街３８３巷３６弄６號,112.67,住,,,1030617,土地3建物1車位0,全,三層,透天厝,住家用,鋼筋混凝土造,1020313,171.98,5,2,3,有,無,7450000,43319,,0.0,0,,RPROMLSKPHJFFAT27CA,158.46,0.0,13.52,,
九如鄉,房地(土地+建物),屏東縣九如鄉清聖街５９巷３號,130.0,,鄉村區,乙種建築用地,1030618,土地1建物1車位0,全,三層,透天厝,住家用,鋼筋混凝土造,0821009,178.37,2,2,2,有,無,853900,4787,,0.0,0,,RPPOMLMLPHJFFAT56CA,152.58,6.45,19.34,,
里港鄉,土地,大港洋段1156-1地號,14.0,其他,,,1030616,土地1建物0車位0,,,其他,,,,0.0,0,0,0,有,無,100000,7143,,0.0,0,包含公共設施保留地之交易。,RPQNMLKMOHJFFBT09CA,0.0,0.0,0.0,,
高樹鄉,土地,大路關段舊大路關小段291-4地號,3830.0,,一般農業區,農牧用地,1030613,土地1建物0車位0,,,其他,,,,0.0,0,0,0,有,無,6150000,1606,,0.0,0,,RPSNMLLJPHJFFBT56CA,0.0,0.0,0.0,,
高樹鄉,土地,舊寮段101地號,5084.0,,一般農業區,農牧用地,1030618,土地1建物0車位0,,,其他,,,,0.0,0,0,0,有,無,2500000,492,,0.0,0,,RPVNMLKMOHJFFBT96CA,0.0,0.0,0.0,,
三地門鄉,土地,德文段405地號,230.0,,山坡地保育區,丙種建築用地,1030522,土地1建物0車位0,,,其他,,,,0.0,0,0,0,有,無,250000,1087,,0.0,0,含增建或未登記建物。,RPSNMLSJPHJFFBT27CA,0.0,0.0,0.0,,
萬丹鄉,土地,灣內段266-1地號,2506.0,,特定農業區,農牧用地,1030613,土地1建物0車位0,,,其他,,,,0.0,0,0,0,有,無,9700000,3871,,0.0,0,含地上灌溉用電設施全部急買急賣,RPSOMLRLOHJFFAT27CA,0.0,0.0,0.0,,
萬丹鄉,房地(土地+建物),屏東縣萬丹鄉丹榮路８１７號,104.0,住,,,1030607,土地2建物1車位0,全,五層,透天厝,住商用,鋼筋混凝土造,0850105,281.52,6,3,6,有,無,3800000,13498,,0.0,0,含未保存登記.增建建物,RPUOMLRLOHJFFAT47CA,245.11,8.06,28.35,,
屏東市,房地(土地+建物),屏東縣屏東巿民教路１１７巷７之２號,36.6,住,,,1030612,土地1建物1車位0,三層,五層,公寓(5樓含以下無電梯),見其他登記事項,鋼筋混凝土造,0710419,71.22,3,2,2,有,無,1750000,24572,,0.0,0,,RPVOMLRLOHJFFAT57CA,71.22,0.0,0.0,,
屏東市,房地(土地+建物),屏東縣屏東巿仁愛路１２之６號,81.0,住,,,1030612,土地1建物1車位0,全,四層,透天厝,見其他登記事項,鋼筋混凝土造,0921216,217.47,4,2,2,有,無,10000000,45983,,0.0,0,,RPOOMLRLOHJFFAT86CA,208.81,8.66,0.0,,
九如鄉,土地,九智段903地號,33.56,住,,,1030615,土地1建物0車位0,,,其他,,,,0.0,0,0,0,有,無,406000,12098,,0.0,0,親友、員工或其他特殊關係間之交易。,RPVOMLQLOHJFFAT47CA,0.0,0.0,0.0,,
屏東市,土地,瑞光段581-9地號,339.0,住,,,1030601,土地1建物0車位0,,,其他,,,,0.0,0,0,0,有,無,13125888,38719,,0.0,0,,RPPNMLMJPHJFFAT88CA,0.0,0.0,0.0,,
屏東市,土地,水源段二小段237-32地號,125.0,住,,,1030526,土地2建物0車位0,,,其他,,,,0.0,0,0,0,有,無,3520000,28160,,0.0,0,,RPOPMLRJPHJFFAT86CA,0.0,0.0,0.0,,
長治鄉,土地,崑崙段591-3地號,3512.45,,一般農業區,農牧用地,1030426,土地1建物0車位0,,,其他,,,,0.0,0,0,0,有,無,7900000,2249,,0.0,0,,RPXNMLOJPHJFFAT27CA,0.0,0.0,0.0,,
屏東市,土地,前進段556-2地號,188.0,工,,,1030610,土地1建物0車位0,,,其他,,,,0.0,0,0,0,有,無,2530000,13457,,0.0,0,,RPOOMLOJPHJFFAT09CA,0.0,0.0,0.0,,
屏東市,土地,前進段552地號,1650.0,工,,,1030610,土地1建物0車位0,,,其他,,,,0.0,0,0,0,有,無,22211000,13461,,0.0,0,,RPPOMLOJPHJFFAT56CA,0.0,0.0,0.0,,
屏東市,房地(土地+建物),屏東縣屏東巿公裕街３５３巷３８之６號二樓,5.57,住,,,1030610,土地1建物1車位0,二層,四層,套房(1房1廳1衛),見其他登記事項,鋼筋混凝土造,0970305,13.73,0,0,0,無,有,760000,55353,,0.0,0,含裝潢費用,RPRNMLPJPHJFFAT76CA,8.34,0.85,0.0,,
東港鎮,土地,大潭新庄段43地號,2706.15,,一般農業區,農牧用地,1030612,土地1建物0車位0,,,其他,,,,0.0,0,0,0,有,無,3000000,1109,,0.0,0,,RPSNMLKMOHJFFDT96DA,0.0,0.0,0.0,,
東港鎮,土地,嘉南段665-1地號,517.36,住,,,1030526,土地8建物0車位0,,,其他,,,,0.0,0,0,0,有,無,4695000,9075,,0.0,0,包含公共設施保留地之交易。,RPRNMLMJPHJFFDT86DA,0.0,0.0,0.0,,
恆春鎮,房地(土地+建物),屏東縣恆春鎮?南路125巷32號5樓之24,8.2,住,,,1030617,土地4建物1車位0,五層,七層,公寓(5樓含以下無電梯),住家用,鋼筋混凝土造,0830817,42.43,1,1,1,有,無,520000,12255,,0.0,0,,RPSNMLMJPHJFFET07DA,23.77,0.0,3.38,,
東港鎮,房地(土地+建物),屏東縣東港鎮大利路三段85號,211.54,住,,,1030522,土地2建物1車位0,全,四層,透天厝,住家用,鋼筋混凝土造,0850701,363.1,7,3,6,有,無,10000000,27541,,0.0,0,,RPPNMLRJPHJFFDT17DA,358.8,0.0,4.3,,
屏東市,房地(土地+建物),屏東縣屏東巿公裕街３５３巷３８之３０號四樓等兩戶,11.85,住,,,1030604,土地2建物2車位0,四層,四層,套房(1房1廳1衛),見其他登記事項,鋼筋混凝土造,0970305,29.22,1,1,1,有,有,1580000,54073,,0.0,0,含裝潢費用,RPSNMLPJPHJFFAT86CA,12.54,1.7,5.32,,
屏東市,房地(土地+建物)+車位,屏東縣屏東巿機場北路７０２號七樓之一,25.31,住,,,1030530,土地1建物1車位1,七層,十四層,住宅大樓(11層含以上有電梯),見其他登記事項,鋼筋混凝土造,0881204,137.87,4,2,2,有,無,3250000,23573,坡道平面,0.0,0,,RPTNMLOJPHJFFAT86CA,122.71,0.0,15.16,,
屏東市,房地(土地+建物),屏東縣屏東巿勝利路３２２巷２０弄４５號,116.0,住,,,1030605,土地1建物1車位0,全,一層,透天厝,住家用,加強磚造,0670404,61.48,3,2,1,有,無,3060000,49772,,0.0,0,,RPTOMLRJPHJFFAT27CA,61.48,0.0,0.0,,
屏東市,房地(土地+建物)+車位,屏東縣屏東巿田中巷２４號十一樓之二,17.6,住,,,1030523,土地1建物1車位1,十一層,十二層,住宅大樓(11層含以上有電梯),住家用,鋼筋混凝土造,0841125,104.28999999999999,3,2,2,有,有,2050000,19657,坡道機械,0.0,0,,RPWOMLLJPHJFFAT96CA,67.68,0.0,7.31,,
屏東市,房地(土地+建物),屏東縣屏東巿民生東路５６巷６弄１０之５號,22.98,住,,,1030605,土地2建物1車位0,六層,六層,華廈(10層含以下有電梯),住家用,鋼筋混凝土造,0830516,115.25,3,2,2,有,有,1900000,16486,,0.0,0,,RPUNMLMJPHJFFAT76CA,75.8,0.0,8.82,,
屏東市,房地(土地+建物)+車位,屏東縣屏東巿博愛路４１０號七樓之三,18.56,住,,,1030522,土地1建物1車位1,七層,七層,華廈(10層含以下有電梯),住家用,鋼筋混凝土造,0850315,109.96000000000001,3,2,2,有,有,2250000,20462,坡道機械,0.0,0,,RPPOMLMJPHJFFAT98CA,66.87,2.41,10.56,,
長治鄉,土地,永興段1098地號,1146.9,農,,,1030604,土地3建物0車位0,,,其他,,,,0.0,0,0,0,有,無,2889000,2519,,0.0,0,,RPTOMLLJPHJFFAT66CA,0.0,0.0,0.0,,
屏東市,房地(土地+建物),屏東縣屏東巿田中一橫巷１８９號,63.0,住,,,1030610,土地2建物1車位0,全,二層,透天厝,住家用,加強磚造,0700609,79.2,2,0,2,有,無,2500000,31566,,0.0,0,,RPUOMLLJPHJFFAT76CA,79.2,0.0,0.0,,
屏東市,房地(土地+建物),屏東縣屏東巿自立南路１２１號六樓之四,4.63,住,,,1030619,土地1建物1車位0,六層,八層,套房(1房1廳1衛),住家用,鋼筋混凝土造,0850523,28.270000000000003,1,1,1,有,有,450000,15918,,0.0,0,,RPVNMLLJPHJFFAT76CA,16.89,0.42,1.88,,
屏東市,房地(土地+建物),屏東縣屏東巿和平路７４巷９號,73.0,住,,,1030521,土地1建物1車位0,全,二層,透天厝,住家用,鋼筋混凝土加強磚造,0660214,80.0,3,2,2,有,無,2200000,27500,,0.0,0,,RPRNMLLJPHJFFAT98CA,80.0,0.0,0.0,,
屏東市,房地(土地+建物),屏東縣屏東巿迪化街７５之１號六樓之一,20.89,住,,,1030618,土地2建物1車位0,六層,十一層,住宅大樓(11層含以上有電梯),住家用,鋼筋混凝土造,0820302,112.16999999999999,3,2,2,有,有,1800000,16047,,0.0,0,,RPQNMLKMOHJFFAT98CA,69.75,0.0,10.74,,
屏東市,房地(土地+建物),屏東縣屏東巿大連路１１巷３弄７６號三樓之二,15.36,住,,,1030610,土地1建物1車位0,三層,七層,華廈(10層含以下有電梯),見其他登記事項,鋼筋混凝土造,0821231,90.72,3,2,2,有,無,2500000,27557,,0.0,0,,RPRNMLKMOHJFFAT09CA,59.7,2.48,12.86,,
屏東市,房地(土地+建物),屏東縣屏東巿公民街１５４巷２弄４之２號,24.0,住,,,1030614,土地2建物1車位0,三層,五層,公寓(5樓含以下無電梯),住家用,鋼筋混凝土造,0710810,79.14,3,2,2,有,無,1650000,20849,,0.0,0,,RPSNMLKMOHJFFAT56CA,67.09,0.0,0.0,,
萬丹鄉,土地,竹林段8地號,150.47,,鄉村區,乙種建築用地,1030623,土地1建物0車位0,,,其他,,,,0.0,0,0,0,有,無,466457,3100,,0.0,0,親友、員工或其他特殊關係間之交易。親友、員工或其他特殊關係間之交易。,RPOOMLKMOHJFFAT88CA,0.0,0.0,0.0,,
屏東市,房地(土地+建物),屏東縣屏東巿瀋陽街４之２號,68.0,住,,,1030617,土地1建物1車位0,全,三層,透天厝,,鋼筋混凝土加強磚造,0660209,126.3,3,2,2,有,無,2390000,18923,,0.0,0,,RPVNMLRKPHJFFAT47CA,126.3,0.0,0.0,,
屏東市,土地,金城段922地號,3488.4,,一般農業區,農牧用地,1030624,土地1建物0車位0,,,其他,,,,0.0,0,0,0,有,無,30160000,8646,,0.0,0,,RPWNMLRKPHJFFAT57CA,0.0,0.0,0.0,,
鹽埔鄉,土地,永隆段184地號,2636.49,,一般農業區,農牧用地,1030509,土地1建物0車位0,,,其他,,,,0.0,0,0,0,有,無,4750000,1802,,0.0,0,,RPSNMLKMOHJFFBT76DA,0.0,0.0,0.0,,
來義鄉,土地,望嘉段1731地號,895.0,,山坡地保育區,農牧用地,1030603,土地1建物0車位0,,,其他,,,,0.0,0,0,0,有,無,116350,130,,0.0,0,,RPUNMLTJPHJFFCT77DA,0.0,0.0,0.0,,
屏東市,房地(土地+建物),屏東縣屏東巿機場北路576號13樓,37.96,住,,,1030625,土地1建物1車位0,十三層，十四層,十四層,住宅大樓(11層含以上有電梯),見其他登記事項,鋼筋混凝土造,0881204,264.55,4,2,3,有,有,5600000,21168,,0.0,0,,RPRPMLQKPHJFFAT27DA,186.91,0.0,19.06,,
長治鄉,土地,繁華段979-1地號,288.9,,,,1030331,土地1建物0車位0,,,其他,,,,0.0,0,0,0,有,無,481600,1667,,0.0,0,畸零地或有合併使用之交易。,RPOOMLKKPHJFFAT88DA,0.0,0.0,0.0,,
內埔鄉,土地,隘寮段488-165地號,4771.0,,鄉村區,乙種建築用地,1030501,土地5建物0車位0,,,其他,,,,0.0,0,0,0,有,無,18520000,3882,,0.0,0,,RPPPMLRLOHJFFCT27CA,0.0,0.0,0.0,,
潮州鎮,房地(土地+建物),屏東縣潮州鎮永康街６２巷２２號,126.72,住,,,1030518,土地1建物1車位0,全,四層,透天厝,住家用,見其他登記事項,1020703,149.14,5,2,5,有,無,12600000,84484,,0.0,0,,RPXNMLLJPHJFFCT17CA,0.0,0.0,0.0,,
內埔鄉,房地(土地+建物),屏東縣內埔鄉勝光路１２８號,91.48,住,,,1030606,土地1建物1車位0,全,三層,透天厝,見其他登記事項,見其他登記事項,1021224,160.94,4,2,3,有,無,6980000,43370,,0.0,0,,RPVOMLNJPHJFFCT27CA,137.47,7.55,15.92,,
內埔鄉,房地(土地+建物),屏東縣內埔鄉勝光路１３０號,91.6,住,,,1030616,土地1建物1車位0,全,三層,透天厝,見其他登記事項,見其他登記事項,1021224,160.94,4,2,3,有,無,7050000,43805,,0.0,0,,RPWOMLNJPHJFFCT37CA,137.47,7.55,15.92,,
內埔鄉,房地(土地+建物),屏東縣內埔鄉中華一街２８號,120.44,住,,,1030603,土地1建物1車位0,全,三層,透天厝,見其他登記事項,見其他登記事項,1021224,205.02,4,2,3,有,無,8350000,40728,,0.0,0,,RPTOMLNJPHJFFCT07CA,180.25,8.8,15.97,,
內埔鄉,土地,早角段621-5地號,2500.0,,一般農業區,農牧用地,1030612,土地1建物0車位0,,,其他,,,,0.0,0,0,0,有,無,2380000,952,,0.0,0,,RPOOMLSKPHJFFCT17CA,0.0,0.0,0.0,,
潮州鎮,房地(土地+建物),屏東縣潮州鎮光復路一段４０巷２２號,100.48,,鄉村區,乙種建築用地,1030619,土地1建物1車位0,全,二層,透天厝,住家用,加強磚造,0831222,146.2,4,2,3,有,無,2000000,13680,,0.0,0,,RPWNMLMLPHJFFCT37CA,139.42,6.78,0.0,,
新埤鄉,土地,新力段595地號,8194.0,,特定農業區,農牧用地,1030606,土地2建物0車位0,,,其他,,,,0.0,0,0,0,有,無,5000000,610,,0.0,0,,RPROMLMLPHJFFCT96CA,0.0,0.0,0.0,,
新園鄉,土地,五房段693地號,79.57,,鄉村區,乙種建築用地,1030618,土地1建物0車位0,,,其他,,,,0.0,0,0,0,有,無,480000,6032,,0.0,0,,RPTNMLLJPHJFFDT86CA,0.0,0.0,0.0,,
新園鄉,土地,五龍段976地號,1951.9,,一般農業區,農牧用地,1030627,土地1建物0車位0,,,其他,,,,0.0,0,0,0,有,無,2550000,1306,,0.0,0,含未保存建物1/2,RPUNMLSKPHJFFDT77CA,0.0,0.0,0.0,,
東港鎮,房地(土地+建物),屏東縣東港鎮環美二街２５號,225.41,,一般農業區,丁種建築用地,1030401,土地1建物1車位0,一層，二層,二層,其他,廠房,鋼筋混凝土構造,1020314,260.96,5,2,3,有,無,7460000,28587,,0.0,0,,RPPNMLLLPHJFFDT66CA,248.78,12.18,0.0,,
南州鄉,房地(土地+建物),屏東縣南州鄉人和路１巷１９之３３號,93.58,住,,,1030608,土地3建物1車位0,全,三層,透天厝,住宅,鋼筋混凝土造,0820525,138.8,3,2,2,有,無,2650000,19092,,0.0,0,,RPPNMLMJPHJFFDT56CA,123.8,15.0,0.0,,
內埔鄉,房地(土地+建物),屏東縣內埔鄉陽濟路１巷４號,90.48,住,,,1030507,土地1建物1車位0,全,三層,透天厝,住家用,鋼筋混凝土造,0730719,124.37,3,2,2,有,無,3250000,26132,,0.0,0,,RPQNMLKLPHJFFCT56CA,124.37,0.0,0.0,,
潮州鎮,土地,林後段81-1地號,1019.59,,鄉村區,乙種建築用地,1030603,土地1建物0車位0,,,其他,,,,0.0,0,0,0,有,無,3185000,3124,,0.0,0,,RPWNMLRKPHJFFCT77CA,0.0,0.0,0.0,,
內埔鄉,房地(土地+建物),屏東縣內埔鄉西銀巷２６－１號,82.0,,一般農業區,甲種建築用地,1030620,土地1建物1車位0,全,三層,透天厝,住家用,鋼筋混凝土造,0861027,157.32,4,2,4,有,無,2800000,17798,,0.0,0,,RPRNMLRKPHJFFCT27CA,0.0,0.0,0.0,,
內埔鄉,房地(土地+建物),屏東縣內埔鄉中華一街２２號,117.2,住,,,1030606,土地1建物1車位0,全,三層,透天厝,見其他登記事項,見其他登記事項,1021224,205.02,4,2,3,有,無,8500000,41459,,0.0,0,,RPUOMLNJPHJFFCT17CA,180.25,8.8,15.97,,
潮州鎮,房地(土地+建物),屏東縣潮州鎮和順街１０２號,80.02,住,,,1030605,土地1建物1車位0,全,三層,透天厝,住家用,見其他登記事項,1021115,153.17,4,2,3,有,無,6200000,40478,,0.0,0,,RPPPMLNJPHJFFCT76CA,132.84,9.18,11.15,,
內埔鄉,房地(土地+建物),屏東縣內埔鄉昭勝路２２３巷９２號,66.03,住,,,1030612,土地2建物1車位0,全,二層,透天厝,住家用,加強磚造,0760127,76.76,3,2,2,有,無,1780000,23189,,0.0,0,,RPPNMLPJPHJFFCT76CA,76.76,0.0,0.0,,
潮州鎮,土地,興美段1362地號,3340.0,,一般農業區,農牧用地,1030603,土地2建物0車位0,,,其他,,,,0.0,0,0,0,有,無,7918900,2371,,0.0,0,,RPQNMLOKPHJFFCT86CA,0.0,0.0,0.0,,
內埔鄉,土地,圳頭段410地號,3417.66,,一般農業區,農牧用地,1030520,土地1建物0車位0,,,其他,,,,0.0,0,0,0,有,無,6340000,1855,,0.0,0,,RPQNMLMJPHJFFCT56CA,0.0,0.0,0.0,,
枋寮鄉,土地,高田段431地號,466.68,住,,,1030529,土地2建物0車位0,,,其他,,,,0.0,0,0,0,有,無,5800000,12428,,0.0,0,,RPUNMLOJPHJFFFT47CA,0.0,0.0,0.0,,
佳冬鄉,房地(土地+建物),屏東縣佳冬鄉國中巷７之２３號,72.87,住,,,1030606,土地2建物1車位0,全,二層,透天厝,住商用,加強磚造,0710119,91.4,3,2,2,有,無,1200000,13129,,0.0,0,,RPTNMLQKPHJFFFT67CA,88.7,2.7,0.0,,
長治鄉,房地(土地+建物),屏東縣長治鄉進興村進源街８９巷２號,141.5,商,,,1030613,土地1建物1車位0,四層，一層，二層，三層,四層,店面(店鋪),住家用,鋼筋混凝土造,0950111,237.36,5,1,3,有,無,6660000,28059,,0.0,0,,RPUNMLSKPHJFFAT47CA,216.18,0.0,21.18,,
里港鄉,房地(土地+建物),屏東縣里港鄉玉田路６之１５號,141.0,住,,,1030616,土地1建物1車位0,全,三層,透天厝,住家用,見其他登記事項,0961112,226.58,4,2,4,有,無,6000000,26481,,0.0,0,,RPPNMLLJPHJFFBT88CA,208.46,0.0,18.12,,
里港鄉,土地,過江段81地號,92.0,住,,,1030530,土地1建物0車位0,,,其他,,,,0.0,0,0,0,有,無,1224520,13310,,0.0,0,,RPUNMLKMOHJFFBT86CA,0.0,0.0,0.0,,
鹽埔鄉,土地,仕絨段293地號,2500.0,,一般農業區,農牧用地,1030618,土地1建物0車位0,,,其他,,,,0.0,0,0,0,有,無,6579000,2632,,0.0,0,,RPPNMLPJPHJFFBT66CA,0.0,0.0,0.0,,
高樹鄉,土地,阿拔泉段601-3地號,2798.0,,一般農業區,農牧用地,1030619,土地1建物0車位0,,,其他,,,,0.0,0,0,0,有,無,4000000,1430,,0.0,0,,RPQNMLSJPHJFFBT07CA,0.0,0.0,0.0,,
屏東市,房地(土地+建物),屏東縣屏東巿大同北路１９５號五樓之二,15.99,住,,,1030620,土地1建物1車位0,五層,九層,華廈(10層含以下有電梯),見其他登記事項,鋼筋混凝土造,0840613,85.69,3,2,2,有,有,1800000,21006,,0.0,0,,RPUNMLLJPHJFFAT66CA,51.34,1.32,9.49,,
萬丹鄉,房地(土地+建物),屏東縣萬丹鄉社皮路一段422號,138.68,,鄉村區,乙種建築用地,1030603,土地2建物1車位0,全,三層,透天厝,見其他登記事項,鋼筋混凝土造,0970530,227.76,4,1,4,有,無,6200000,27222,,0.0,0,親友、員工或其他特殊關係間之交易。,RPVOMLLJPHJFFAT86CA,200.45,0.0,27.31,,
屏東市,房地(土地+建物),屏東縣屏東巿蘭州街１５２巷１１號,84.0,住,,,1030605,土地2建物1車位0,全,二層,透天厝,住家用,加強磚造,0690429,76.0,3,2,2,有,無,2550000,33553,,0.0,0,,RPQOMLMJPHJFFAT09CA,76.0,0.0,0.0,,
九如鄉,房地(土地+建物),屏東縣九如鄉東都街４５巷３弄９號,67.26,住,,,1030610,土地4建物1車位0,全,四層,透天厝,見其他登記事項,鋼筋混凝土造,0881029,139.78,4,2,3,有,無,2500000,17885,,0.0,0,,RPOOMLMJPHJFFAT88CA,121.64,0.0,18.14,,
屏東市,房地(土地+建物),屏東縣屏東巿大連路１０巷１１弄２２號,53.0,住,,,1030618,土地2建物1車位0,全,二層,透天厝,住家用,加強磚造,0730627,81.91,3,2,2,有,無,2250000,27469,,0.0,0,,RPSOMLMJPHJFFAT66CA,67.06,14.85,0.0,,
萬丹鄉,房地(土地+建物),屏東縣萬丹鄉崙中路８１巷７８號,73.02,,特定農業區,甲種建築用地,1030606,土地2建物1車位0,全,三層,透天厝,住家用,鋼筋混凝土造,0880310,132.9,4,1,1,有,無,2050000,15425,,0.0,0,,RPWNMLNJPHJFFAT07CA,90.48,24.92,17.5,,
屏東市,房地(土地+建物)+車位,屏東縣屏東巿復興南路一段３７６巷９９弄１３號四樓之一,44.58,,鄉村區,乙種建築用地,1030617,土地1建物1車位1,四層，五層,五層,公寓(5樓含以下無電梯),住家用,鋼筋混凝土造,0831230,150.3,4,2,3,有,無,2000000,13307,其他,0.0,0,,RPTNMLSJPHJFFAT27CA,102.35,0.0,12.63,,
屏東市,土地,灰段1922地號,3672.0,住,,,1030617,土地4建物0車位0,,,其他,,,,0.0,0,0,0,有,無,172170000,46887,,0.0,0,,RPWNMLOJPHJFFAT17CA,0.0,0.0,0.0,,
屏東市,房地(土地+建物),屏東縣屏東巿中正路２１９巷４號,78.0,住,,,1030606,土地1建物1車位0,全,二層,透天厝,住家用,鋼筋混凝土加強磚造,0591113,117.68,3,2,2,有,無,3950000,33566,,0.0,0,,RPXNMLPKPHJFFAT47CA,117.68,0.0,0.0,,
屏東市,房地(土地+建物),屏東縣屏東巿廣勝路３９１巷１７號,133.77,住,,,1030531,土地4建物1車位0,全,三層,透天厝,住家用,鋼筋混凝土造,1020723,213.64,5,2,5,有,無,9620000,45029,,0.0,0,,RPSNMLQKPHJFFAT07CA,188.1,0.0,25.54,,
屏東市,土地,新勝興段36地號,258.79,住,,,1030618,土地1建物0車位0,,,其他,,,,0.0,0,0,0,有,無,9000000,34777,,0.0,0,,RPSNMLLKPHJFFAT56CA,0.0,0.0,0.0,,
屏東市,土地,新勝興段37-1地號,74.27,住,,,1030618,土地1建物0車位0,,,其他,,,,0.0,0,0,0,有,無,2584050,34793,,0.0,0,,RPTNMLLKPHJFFAT66CA,0.0,0.0,0.0,,
屏東市,房地(土地+建物),屏東縣屏東巿自立南路１６４巷２４號,50.0,住,,,1030613,土地1建物1車位0,全,二層,透天厝,住家用,鋼筋混凝土加強磚造,,66.96,2,2,1,有,無,1500000,22401,,0.0,0,,RPTOMLKKPHJFFAT66CA,66.96,0.0,0.0,,
恆春鎮,土地,大埔段917地號,3078.28,,一般農業區,農牧用地,1030616,土地1建物0車位0,,,其他,,,,0.0,0,0,0,有,無,2750000,893,,0.0,0,,RPSNMLQKPHJFFET57DA,0.0,0.0,0.0,,
恆春鎮,土地,大埔段892地號,9610.89,,一般農業區,農牧用地,1030619,土地2建物0車位0,,,其他,,,,0.0,0,0,0,有,無,8500000,884,,0.0,0,,RPTNMLQKPHJFFET67DA,0.0,0.0,0.0,,
恆春鎮,土地,大埔段917-1地號,3078.28,,一般農業區,農牧用地,1030616,土地1建物0車位0,,,其他,,,,0.0,0,0,0,有,無,2750000,893,,0.0,0,,RPUNMLQKPHJFFET77DA,0.0,0.0,0.0,,
內埔鄉,土地,新埔段1845地號,2880.0,農,,,1030620,土地1建物0車位0,,,其他,,,,0.0,0,0,0,有,無,7000000,2431,,0.0,0,,RPSNMLRKPHJFFCT47DA,0.0,0.0,0.0,,
恆春鎮,土地,山腳段10-134地號,88.0,,國家公園區,,1030612,土地1建物0車位0,,,其他,,,,0.0,0,0,0,有,無,704,8,,0.0,0,向政府機關承購之案件。,RPRNMLMJPHJFFET96DA,0.0,0.0,0.0,,
枋寮鄉,土地,德興段784-5地號,124.77,商,,,1030611,土地1建物0車位0,,,其他,,,,0.0,0,0,0,有,無,6265326,50215,,0.0,0,向政府機關承購之案件。,RPPNMLMJPHJFFFT96EA,0.0,0.0,0.0,,
萬丹鄉,房地(土地+建物),屏東縣萬丹鄉丹榮路７７５號,90.0,住,,,1030605,土地2建物1車位0,全,五層,透天厝,住商用,鋼筋混凝土造,0831101,226.05,8,2,5,有,無,6000000,26543,,0.0,0,,RPUNMLKKPHJFFAT66CA,195.3,5.55,25.2,,
麟洛鄉,土地,麟孝段482地號,168.78,,鄉村區,乙種建築用地,1030611,土地1建物0車位0,,,其他,,,,0.0,0,0,0,有,無,550000,3259,,0.0,0,親友、員工或其他特殊關係間之交易。,RPVOMLPKPHJFFAT37CA,0.0,0.0,0.0,,
屏東市,土地,大連段372地號,2721.0,工,,,1030610,土地1建物0車位0,,,其他,,,,0.0,0,0,0,有,無,54324600,19965,,0.0,0,,RPPOMLOKPHJFFAT66CA,0.0,0.0,0.0,,
屏東市,土地,公興段1577地號,481.91,,一般農業區,農牧用地,1030609,土地1建物0車位0,,,其他,,,,0.0,0,0,0,有,無,1500000,3113,,0.0,0,,RPQNMLRJPHJFFAT86CA,0.0,0.0,0.0,,
屏東市,土地,公興段1577地號,578.29,,一般農業區,農牧用地,1030609,土地1建物0車位0,,,其他,,,,0.0,0,0,0,有,無,1500000,2594,,0.0,0,,RPRNMLRJPHJFFAT96CA,0.0,0.0,0.0,,
屏東市,房地(土地+建物)+車位,屏東縣屏東巿華盛街２３號四樓之一,51.8,住,,,1030617,土地1建物1車位1,四層,十四層,住宅大樓(11層含以上有電梯),見其他登記事項,鋼筋混凝土造,0930909,205.76999999999998,4,2,2,有,有,3950000,19196,坡道平面,0.0,0,,RPTNMLRJPHJFFAT17CA,117.73,0.0,12.25,,
屏東市,房地(土地+建物),屏東縣屏東巿德豐街１１７號十一樓之一　,15.29,住,,,1030603,土地1建物1車位0,十一層,十二層,住宅大樓(11層含以上有電梯),見其他登記事項,鋼筋混凝土造,0821130,121.63,3,2,2,有,有,2850000,23432,,0.0,0,,RPQOMLRJPHJFFAT96CA,83.48,0.0,10.85,,
屏東市,房地(土地+建物),屏東縣屏東巿廣東路７４４巷１２弄２６號,79.0,住,,,1030618,土地1建物1車位0,全,二層,透天厝,住家用,加強磚造,0700218,91.7,2,2,2,有,無,2200000,23991,,0.0,0,,RPXNMLNJPHJFFAT17CA,91.7,0.0,0.0,,
屏東市,房地(土地+建物),屏東縣屏東巿復興南路一段２３１巷７６號,5.77,,一般農業區,特定目的事業用地,1030624,土地2建物1車位0,一層,五層,公寓(5樓含以下無電梯),國民住宅,鋼筋混凝土造,0730316,26.479999999999997,3,1,2,有,無,360000,13595,,0.0,0,,RPTNMLNJPHJFFAT76CA,15.37,0.0,0.0,,
屏東市,房地(土地+建物),屏東縣屏東巿武林街28號九樓之一,4.99,住,,,1030623,土地1建物1車位0,九層,九層,套房(1房1廳1衛),住家用,鋼筋混凝土造,0840126,43.22,1,1,1,有,無,650000,15039,,0.0,0,,RPVNMLNJPHJFFAT96CA,28.48,0.77,3.58,,
屏東市,房地(土地+建物),屏東縣屏東巿公勤一街６８號,78.0,住,,,1030529,土地1建物1車位0,全,三層,透天厝,住家用,鋼筋混凝土造,0690324,153.36,3,2,2,有,無,5050000,32929,,0.0,0,,RPOPMLMJPHJFFAT98CA,153.36,0.0,0.0,,
屏東市,房地(土地+建物),屏東縣屏東巿武昌街１３號十樓之一,14.49,住,,,1030610,土地1建物1車位0,十層,十三層,住宅大樓(11層含以上有電梯),見其他登記事項,鋼筋混凝土造,0831231,106.30000000000001,3,2,2,有,有,1500000,14111,,0.0,0,急買急賣。,RPQOMLLJPHJFFAT98CA,71.45,0.0,11.67,,
長治鄉,房地(土地+建物),屏東縣長治鄉中興路５６２巷８號,281.24,,鄉村區,乙種建築用地,1030624,土地3建物1車位0,全,三層,透天厝,住家用,鋼筋混凝土造,1010727,275.2,5,2,5,有,無,13750000,49964,,0.0,0,,RPVNMLPKPHJFFAT27CA,248.42,0.55,26.23,,
佳冬鄉,土地,萬建段771-1地號,365.16,住,,,1030520,土地3建物0車位0,,,其他,,,,0.0,0,0,0,有,無,3500000,9585,,0.0,0,,RPPNMLNJPHJFFFT86CA,0.0,0.0,0.0,,
恆春鎮,土地,鼻子頭段241-1地號,572.0,,國家公園區,,1030423,土地1建物0車位0,,,其他,,,,0.0,0,0,0,有,無,4539472,7936,,0.0,0,,RPRNMLNJPHJFFET96CA,0.0,0.0,0.0,,
長治鄉,土地,協華段138地號,2977.82,,一般農業區,農牧用地,1030618,土地1建物0車位0,,,其他,,,,0.0,0,0,0,有,無,4205900,1412,,0.0,0,,RPUOMLLLPHJFFAT07DA,0.0,0.0,0.0,,
高樹鄉,土地,長榮段795-2地號,2349.0,農,,,1030619,土地1建物0車位0,,,其他,,,,0.0,0,0,0,有,無,1210000,515,,0.0,0,,RPQNMLNJPHJFFBT66DA,0.0,0.0,0.0,,
里港鄉,土地,玉田段856地號,65.0,住,,,1030030,土地1建物0車位0,,,其他,,,,0.0,0,0,0,有,無,850000,13077,,0.0,0,,RPQNMLOJPHJFFBT76DA,0.0,0.0,0.0,,
內埔鄉,房地(土地+建物),屏東縣潮州鎮永平街３２號,132.3,住,,,1030612,土地1建物1車位0,全,三層,透天厝,住家用,見其他登記事項,1030317,203.57,4,2,4,有,無,7000000,34386,,0.0,0,,RPPNMLNJPHJFFCT56CA,186.51,0.0,17.06,,
內埔鄉,房地(土地+建物),屏東縣潮州鎮永平街１７號,101.49,住,,,1030606,土地1建物1車位0,全,三層,透天厝,見其他登記事項,見其他登記事項,1030303,164.62,4,2,4,有,無,6500000,39485,,0.0,0,,RPQNMLNJPHJFFCT66CA,161.42,0.0,3.2,,
潮州鎮,土地,富春段413地號,42.79,,鄉村區,乙種建築用地,1030623,土地1建物0車位0,,,其他,,,,0.0,0,0,0,有,無,490000,11451,,0.0,0,總價有包含未保存登記之建物,RPQOMLOKPHJFFCT96CA,0.0,0.0,0.0,,
竹田鄉,土地,頓物段750地號,5625.64,工,,,1030604,土地3建物0車位0,,,其他,,,,0.0,0,0,0,有,無,20421000,3630,,0.0,0,,RPQPMLNJPHJFFCT86CA,0.0,0.0,0.0,,
南州鄉,房地(土地+建物),屏東縣南州鄉仁里路５巷２８號,83.45,住,,,1030613,土地1建物1車位0,全,二層,透天厝,店舖、住宅,加強磚造,0680508,108.26,3,2,2,有,無,1320000,12193,,0.0,0,,RPQNMLMJPHJFFDT66CA,108.26,0.0,0.0,,
琉球鄉,土地,大南段22地號,131.52,住,,,1030515,土地6建物0車位0,,,其他,,,,0.0,0,0,0,有,無,720000,5474,,0.0,0,,RPPNMLNJPHJFFDT66CA,0.0,0.0,0.0,,
東港鎮,土地,新忠段458-3地號,96.8,其他,,,1030527,土地2建物0車位0,,,其他,,,,0.0,0,0,0,有,無,1600000,16529,,0.0,0,含增建或未登記建物。,RPRNMLNJPHJFFDT86CA,0.0,0.0,0.0,,
東港鎮,房地(土地+建物),屏東縣東港鎮嘉漁街１２２號,87.35,住,,,1030620,土地2建物1車位0,全,四層,透天厝,店舖、住宅,鋼筋混凝土造,0841017,145.12,4,2,5,有,無,5500000,37900,,0.0,0,,RPRNMLOJPHJFFDT96CA,131.98,0.0,13.14,,
新園鄉,土地,新吉段879地號,2648.0,,特定農業區,農牧用地,1030623,土地1建物0車位0,,,其他,,,,0.0,0,0,0,有,無,5700000,2153,,0.0,0,,RPQNMLSJPHJFFDT27CA,0.0,0.0,0.0,,
新園鄉,土地,上烏龍段277地號,2191.1,農,,,1030618,土地2建物0車位0,,,其他,,,,0.0,0,0,0,有,無,3600000,1643,,0.0,0,,RPPNMLPKPHJFFDT96CA,0.0,0.0,0.0,,
東港鎮,土地,三隆段1323地號,1836.95,,一般農業區,農牧用地,1030623,土地2建物0車位0,,,其他,,,,0.0,0,0,0,有,無,4100000,2232,,0.0,0,,RPSNMLOJPHJFFDT07CA,0.0,0.0,0.0,,
東港鎮,房地(土地+建物),屏東縣東港鎮明禮路３３６巷２號,261.23,住,,,1030624,土地2建物1車位0,全,四層,透天厝,住宅,鋼筋混凝土構造,1020910,302.84,5,2,5,有,無,18800000,62079,,0.0,0,,RPXNMLQKPHJFFDT87CA,278.53,0.45,23.86,,
內埔鄉,土地,新北勢段311地號,854.0,,鄉村區,乙種建築用地,1030613,土地1建物0車位0,,,其他,,,,0.0,0,0,0,有,無,1000000,1171,,0.0,0,親友、員工或其他特殊關係間之交易。,RPPNMLOJPHJFFCT66CA,0.0,0.0,0.0,,
新埤鄉,土地,南岸段323地號,3157.0,,一般農業區,農牧用地,1030606,土地1建物0車位0,,,其他,,,,0.0,0,0,0,有,無,5000000,1584,,0.0,0,,RPWOMLOJPHJFFCT47CA,0.0,0.0,0.0,,
竹田鄉,土地,竹南段226地號,3426.0,,特定農業區,農牧用地,1030521,土地1建物0車位0,,,其他,,,,0.0,0,0,0,有,無,6357000,1856,,0.0,0,,RPUNMLSJPHJFFCT57CA,0.0,0.0,0.0,,
潮州鎮,土地,蓬萊段890地號,9996.07,,一般農業區,農牧用地,1030623,土地4建物0車位0,,,其他,,,,0.0,0,0,0,有,無,16068000,1607,,0.0,0,,RPQOMLMJPHJFFCT66CA,0.0,0.0,0.0,,
內埔鄉,土地,頭鏢段27-6地號,2242.0,,一般農業區,農牧用地,1030617,土地2建物0車位0,,,其他,,,,0.0,0,0,0,有,無,3200000,1427,,0.0,0,,RPWNMLNJPHJFFCT27CA,0.0,0.0,0.0,,
內埔鄉,房地(土地+建物),屏東縣內埔鄉文明巷７號,89.07,住,,,1030525,土地7建物1車位0,全,三層,透天厝,見其他登記事項,鋼筋混凝土造,0790712,195.98,4,2,3,有,無,3150000,16073,,0.0,0,,RPVNMLPKPHJFFCT47CA,191.26,4.72,0.0,,
萬巒鄉,土地,新厝段37-4地號,29633.0,,一般農業區,農牧用地,1030312,土地3建物0車位0,,,其他,,,,0.0,0,0,0,有,無,19858554,670,,0.0,0,有民情風俗因素之交易。,RPRNMLSLPHJFFCT47CA,0.0,0.0,0.0,,
里港鄉,土地,武洛段376-4地號,4880.0,,一般農業區,農牧用地,1030624,土地1建物0車位0,,,其他,,,,0.0,0,0,0,有,無,4500000,922,,0.0,0,,RPRNMLOJPHJFFBT86DA,0.0,0.0,0.0,,
鹽埔鄉,土地,鹽東段360地號,5452.38,,一般農業區,農牧用地,1030603,土地1建物0車位0,,,其他,,,,0.0,0,0,0,有,無,4497120,825,,0.0,0,,RPUNMLOJPHJFFBT17DA,0.0,0.0,0.0,,
高樹鄉,土地,大路關段新大路關小段195-113地號,4162.0,,山坡地保育區,農牧用地,1030603,土地1建物0車位0,,,其他,,,,0.0,0,0,0,有,無,4300000,1033,,0.0,0,,RPPNMLSLPHJFFBT27DA,0.0,0.0,0.0,,
屏東市,房地(土地+建物),屏東縣屏東巿廣東路172巷4-4號,24.5,住,,,1030605,土地1建物1車位0,五層,五層,公寓(5樓含以下無電梯),住家用,鋼筋混凝土造,0711128,55.129999999999995,3,2,2,有,無,670000,12153,,0.0,0,,RPQOMLNJPHJFFAT66DA,51.04,0.0,0.0,,
恆春鎮,土地,恆東段377地號,119.8,住,,,1030613,土地2建物0車位0,,,其他,,,,0.0,0,0,0,有,無,4185812,34940,,0.0,0,,RPVNMLKKPHJFFET17CA,0.0,0.0,0.0,,
屏東市,房地(土地+建物),屏東縣屏東巿高原街１１３號,112.25,住,,,1030612,土地4建物1車位0,全,四層,透天厝,見其他登記事項,鋼筋混凝土造,1020905,166.23,4,2,3,有,無,6000000,36095,,0.0,0,,RPSOMLSKPHJFFAT37CA,150.05,0.0,16.18,,
屏東市,房地(土地+建物),屏東縣屏東巿棒球路１７４之２號,27.94,住,,,1030519,土地1建物1車位0,四層,五層,公寓(5樓含以下無電梯),國民住宅,鋼筋混凝土造,0711024,81.04,3,2,1,有,無,1350000,16658,,0.0,0,,RPPNMLPLPHJFFAT76CA,81.04,0.0,0.0,,
萬丹鄉,房地(土地+建物),屏東縣萬丹鄉萬榮街１３３號,99.0,住,,,1030618,土地1建物1車位0,全,四層,透天厝,住家用,鋼筋混凝土造,0760220,209.36,5,3,3,有,無,6368000,30417,,0.0,0,,RPROMLLMPHJFFAT76CA,209.36,0.0,0.0,,
高樹鄉,土地,加蚋埔段137-23地號,10000.0,,一般農業區,農牧用地,1030616,土地1建物0車位0,,,其他,,,,0.0,0,0,0,有,無,12372000,1237,,0.0,0,本案件與103年屏里字35930號案件一併申報。,RPSNMLQKPHJFFBT17CA,0.0,0.0,0.0,,
高樹鄉,土地,阿拔泉段594-1468地號,6000.0,,一般農業區,農牧用地,1030617,土地1建物0車位0,,,其他,,,,0.0,0,0,0,有,無,12300000,2050,,0.0,0,,RPVNMLOLPHJFFBT37CA,0.0,0.0,0.0,,
高樹鄉,土地,阿拔泉段594-1469地號,2646.0,,一般農業區,農牧用地,1030617,土地2建物0車位0,,,其他,,,,0.0,0,0,0,有,無,5424300,2050,,0.0,0,,RPWNMLOLPHJFFBT47CA,0.0,0.0,0.0,,
高樹鄉,土地,阿拔泉段594-330地號,6000.0,,一般農業區,農牧用地,1030617,土地1建物0車位0,,,其他,,,,0.0,0,0,0,有,無,12300000,2050,,0.0,0,,RPXNMLOLPHJFFBT57CA,0.0,0.0,0.0,,
高樹鄉,土地,阿拔泉段594-1470地號,2500.0,,一般農業區,農牧用地,1030617,土地1建物0車位0,,,其他,,,,0.0,0,0,0,有,無,5125000,2050,,0.0,0,,RPOOMLOLPHJFFBT76CA,0.0,0.0,0.0,,
里港鄉,土地,武洛段459-4地號,362.0,,鄉村區,乙種建築用地,1030601,土地3建物0車位0,,,其他,,,,0.0,0,0,0,有,無,3700000,10221,,0.0,0,,RPTNMLSLPHJFFBT57CA,0.0,0.0,0.0,,
長治鄉,土地,德榮段668地號,4401.45,,一般農業區,農牧用地,1030623,土地1建物0車位0,,,其他,,,,0.0,0,0,0,有,無,7030000,1597,,0.0,0,,RPRNMLOJPHJFFAT66CA,0.0,0.0,0.0,,
屏東市,房地(土地+建物),屏東縣屏東巿廣東路８４９號,82.0,住,,,1030530,土地1建物1車位0,全,四層,透天厝,住家用,鋼筋混凝土造,0760112,171.5,5,1,3,有,無,8600000,50146,,0.0,0,,RPTOMLNJPHJFFAT86CA,171.5,0.0,0.0,,
屏東市,房地(土地+建物),屏東縣屏東巿廣東路４５６巷９９弄３２號,139.24,住,,,1030617,土地3建物1車位0,全,三層,透天厝,住家用,鋼筋混凝土造,0971119,189.25,4,1,3,有,無,6800000,35931,,0.0,0,,RPUOMLNJPHJFFAT96CA,155.25,18.0,16.0,,
屏東市,房地(土地+建物),屏東縣屏東巿太原路５１巷１號,166.0,住,,,1030616,土地3建物1車位0,全,四層,透天厝,住家用,鋼筋混凝土造,0920704,233.39,6,2,4,有,無,9000000,38562,,0.0,0,,RPPPMLRJPHJFFAT96CA,220.65,4.74,8.0,,
屏東市,土地,廣興段80地號,135.61,,鄉村區,乙種建築用地,1030514,土地1建物0車位0,,,其他,,,,0.0,0,0,0,有,無,2500000,18435,,0.0,0,,RPVOMLRJPHJFFAT47CA,0.0,0.0,0.0,,
屏東市,土地,廣興段79地號,135.73,,鄉村區,乙種建築用地,1030623,土地1建物0車位0,,,其他,,,,0.0,0,0,0,有,無,2500000,18419,,0.0,0,,RPWOMLRJPHJFFAT57CA,0.0,0.0,0.0,,
屏東市,土地,清溪段710地號,1332.0,,特定農業區,農牧用地,1030525,土地1建物0車位0,,,其他,,,,0.0,0,0,0,有,無,3350000,2515,,0.0,0,,RPOOMLRJPHJFFAT76CA,0.0,0.0,0.0,,
萬丹鄉,土地,萬全段597地號,201.0,住,,,1030613,土地2建物0車位0,,,其他,,,,0.0,0,0,0,有,無,4864000,24199,,0.0,0,,RPPOMLRJPHJFFAT86CA,0.0,0.0,0.0,,
屏東市,房地(土地+建物),屏東縣屏東巿機場北路４５６號三樓,8.7,住,,,1030624,土地1建物1車位0,三層,十四層,住宅大樓(11層含以上有電梯),見其他登記事項,鋼筋混凝土造,0881204,61.64,2,2,1,有,有,1150000,18657,,0.0,0,,RPROMLOJPHJFFAT76CA,37.64,0.0,9.6,,
長治鄉,房地(土地+建物),屏東縣長治鄉合興路５巷１號,148.73,住,,,1030620,土地2建物1車位0,全,三層,透天厝,住家用,鋼筋混凝土造,1030120,208.83,6,2,3,有,無,7380000,35340,,0.0,0,,RPPNMLRJPHJFFAT76CA,195.41,0.0,13.42,,
屏東市,房地(土地+建物),屏東縣屏東巿古松西巷２弄４１號,76.0,住,,,1030603,土地1建物1車位0,全,三層,透天厝,住家用,鋼筋混凝土造,0810722,167.48,4,2,3,有,無,5320000,31765,,0.0,0,,RPOOMLPKPHJFFAT66CA,131.46,20.02,16.0,,
麟洛鄉,土地,麟仁段304-3地號,1652.18,農,,,1030626,土地2建物0車位0,,,其他,,,,0.0,0,0,0,有,無,3548650,2148,,0.0,0,,RPXOMLPKPHJFFAT57CA,0.0,0.0,0.0,,
麟洛鄉,土地,麟仁段304-3地號,2910.29,農,,,1030626,土地3建物0車位0,,,其他,,,,0.0,0,0,0,有,無,6251350,2148,,0.0,0,,RPOPMLPKPHJFFAT76CA,0.0,0.0,0.0,,
屏東市,房地(土地+建物)+車位,屏東縣屏東巿大武路４０９號,18.5,住,,,1030610,土地1建物1車位1,一層，二層，騎樓，三層,十四層,住宅大樓(11層含以上有電梯),住商用,鋼筋混凝土造,0870825,175.74,4,2,3,有,有,4050000,23045,坡道機械,0.0,0,,RPSOMLKKPHJFFAT56CA,126.81,0.0,18.0,,
內埔鄉,房地(土地+建物),屏東縣內埔鄉延平路80巷3號,98.55,住,,,1030625,土地2建物1車位0,全,四層,透天厝,住家用,鋼筋混凝土造,0830621,174.28,5,2,3,有,無,2800000,16066,,0.0,0,,RPOOMLOJPHJFFCT76DA,152.19,7.36,14.73,,
潮州鎮,土地,劉厝庄段369地號,769.15,,鄉村區,乙種建築用地,1030508,土地1建物0車位0,,,其他,,,,0.0,0,0,0,有,無,5593600,7272,,0.0,0,,RPPOMLOJPHJFFCT86DA,0.0,0.0,0.0,,
東港鎮,土地,大潭新庄段643地號,89.19,,鄉村區,乙種建築用地,1030619,土地3建物0車位0,,,其他,,,,0.0,0,0,0,有,無,381500,4277,,0.0,0,,RPTNMLNJPHJFFDT17DA,0.0,0.0,0.0,,
潮州鎮,土地,華興段156地號,47.0,住,,,1030619,土地1建物0車位0,,,其他,,,,0.0,0,0,0,有,無,650000,13830,,0.0,0,,RPRNMLLMPHJFFCT96DA,0.0,0.0,0.0,,
恆春鎮,房地(土地+建物),屏東縣恆春鎮?南路125巷36號2樓之1,8.4,住,,,1021106,土地1建物1車位0,二層,六層,套房(1房1廳1衛),住家用,鋼筋混凝土造,0821126,23.18,1,1,1,有,有,600000,25884,,0.0,0,,RPPNMLOJPHJFFET96DA,20.05,0.0,3.13,,
萬丹鄉,土地,頂新段321地號,616.16,,特定農業區,農牧用地,1030624,土地1建物0車位0,,,其他,,,,0.0,0,0,0,有,無,2223410,3608,,0.0,0,,RPSNMLRJPHJFFAT07CA,0.0,0.0,0.0,,
屏東市,房地(土地+建物),屏東縣屏東巿大安街４３巷９號,108.5,住,,,1030610,土地2建物1車位0,全,二層,透天厝,住家用,鋼筋混凝土加強磚造,0610424,87.06,2,1,2,有,無,1170400,13444,,0.0,0,親友、員工或其他特殊關係間之交易。,RPRNMLQJPHJFFAT86CA,87.06,0.0,0.0,,
屏東市,房地(土地+建物)+車位,屏東縣屏東巿機場北路５９０號十二樓,22.54,住,,,1030610,土地1建物1車位1,十二層,十四層,住宅大樓(11層含以上有電梯),見其他登記事項,鋼筋混凝土造,0881204,182.9,3,2,2,有,有,3300000,18043,坡道平面,0.0,0,,RPUNMLOJPHJFFAT96CA,108.2,0.0,15.16,,
屏東市,房地(土地+建物),屏東縣屏東巿機場北路５１８號四樓,18.19,住,,,1030623,土地1建物1車位0,四層,十四層,住宅大樓(11層含以上有電梯),見其他登記事項,鋼筋混凝土造,0881204,126.86,3,2,2,有,有,2100000,16554,,0.0,0,,RPQOMLOJPHJFFAT66CA,85.15,0.0,12.9,,
屏東市,房地(土地+建物),屏東縣屏東巿大連路６０之１６號,107.0,住,,,1030611,土地1建物1車位0,全,三層,透天厝,住商用,鋼筋混凝土造,0680612,208.3,3,2,3,有,無,8200000,39366,,0.0,0,,RPXOMLRJPHJFFAT67CA,208.3,0.0,0.0,,
九如鄉,房地(土地+建物),屏東縣九如鄉榮泉街１５巷５號,84.01,,鄉村區,乙種建築用地,1030605,土地1建物1車位0,全,四層,透天厝,住家用,鋼筋混凝土造,0831222,172.62,4,1,3,有,無,2050000,11876,,0.0,0,,RPVOMLNJPHJFFAT07CA,0.0,0.0,0.0,,
屏東市,房地(土地+建物),屏東縣屏東巿清寧街３２號二樓之一,18.88,住,,,1030623,土地1建物1車位0,二層,十二層,住宅大樓(11層含以上有電梯),住家用,鋼筋混凝土造,0840525,110.03,3,2,2,有,無,1750000,15905,,0.0,0,,RPSNMLOJPHJFFAT76CA,75.36,1.0,9.61,,
里港鄉,土地,武洛段424-7地號,1681.0,,一般農業區,農牧用地,1030624,土地1建物0車位0,,,其他,,,,0.0,0,0,0,有,無,2857700,1700,,0.0,0,,RPPNMLRJPHJFFBT86CA,0.0,0.0,0.0,,
里港鄉,房地(土地+建物),屏東縣里港鄉過江路４１之９號,148.0,住,,,1030604,土地2建物1車位0,全,三層,透天厝,住家用,鋼筋混凝土造,0821224,267.13,3,3,2,有,無,3280000,12279,,0.0,0,,RPSNMLOJPHJFFBT86CA,249.13,6.0,12.0,,
九如鄉,房地(土地+建物),屏東縣九如鄉九明村忠孝街90巷15號,83.1,住,,,1030609,土地2建物1車位0,全,二層,透天厝,住商用,加強磚造,0701123,97.68,4,2,3,有,無,612318,6269,,0.0,0,本買賣案件係屬一等親母子間交易。,RPPNMLMLPHJFFAT09CA,97.68,0.0,0.0,,
佳冬鄉,土地,內館段23地號,2840.14,,一般農業區,農牧用地,1030623,土地4建物0車位0,,,其他,,,,0.0,0,0,0,有,無,2342000,825,,0.0,0,,RPVNMLOJPHJFFFT57CA,0.0,0.0,0.0,,
佳冬鄉,土地,塭豐段197地號,2104.0,,一般農業區,農牧用地,1030603,土地1建物0車位0,,,其他,,,,0.0,0,0,0,有,無,1952300,928,,0.0,0,,RPUNMLPKPHJFFFT67CA,0.0,0.0,0.0,,
萬丹鄉,房地(土地+建物),屏東縣萬丹鄉廣安村6鄰廣安路230巷5號,94.75,,鄉村區,乙種建築用地,1030624,土地1建物1車位0,全,二層,透天厝,住家用,加強磚造,0680801,107.84,3,1,2,有,無,950000,8809,,0.0,0,,RPPNMLOJPHJFFAT56DA,107.84,0.0,0.0,,
屏東市,房地(土地+建物),屏東縣屏東巿崁頂21-1號,727.55,,特定農業區,農牧用地,1030620,土地1建物1車位0,一層,一層,倉庫,見其他登記事項,鋼筋混凝土造,0710610,25.03,0,0,0,無,無,2500000,,,0.0,0,,RPVNMLOJPHJFFAT17DA,0.0,0.0,0.0,,
屏東市,房地(土地+建物)+車位,屏東縣屏東巿機場北路460號13樓,37.96,住,,,1030702,土地1建物1車位1,十三層，十四層,十四層,住宅大樓(11層含以上有電梯),見其他登記事項,鋼筋混凝土造,0881204,288.55,4,2,3,有,有,4400000,15121,坡道平面,24.01,400000,,RPTPMLKMPHJFFAT07DA,186.91,0.0,19.06,,
屏東市,房地(土地+建物)+車位,屏東縣屏東巿機場北路492號13樓,45.08,住,,,1030702,土地1建物1車位1,十三層，十四層,十四層,住宅大樓(11層含以上有電梯),見其他登記事項,鋼筋混凝土造,0881204,339.25,4,2,3,有,有,5240000,15353,坡道平面,24.01,400000,,RPUPMLKMPHJFFAT17DA,229.68,0.0,16.42,,
屏東市,房地(土地+建物)+車位,屏東縣屏東巿機場北路632號13樓,37.96,住,,,1030702,土地1建物1車位1,十三層，十四層,十四層,住宅大樓(11層含以上有電梯),見其他登記事項,鋼筋混凝土造,0881204,288.55,4,2,2,有,有,4890000,16973,坡道平面,24.01,400000,,RPVPMLKMPHJFFAT27DA,186.91,0.0,19.06,,
屏東市,房地(土地+建物)+車位,屏東縣屏東巿機場北路568號13樓,37.96,住,,,1030702,土地1建物1車位1,十三層，十四層,十四層,住宅大樓(11層含以上有電梯),見其他登記事項,鋼筋混凝土造,0881204,288.55,4,2,3,有,有,4400000,15121,坡道平面,24.01,400000,,RPWPMLKMPHJFFAT37DA,186.91,0.0,19.06,,
屏東市,房地(土地+建物)+車位,屏東縣屏東巿機場北路698號二樓,22.54,住,,,1030702,土地1建物1車位1,二層,十四層,住宅大樓(11層含以上有電梯),見其他登記事項,鋼筋混凝土造,0881204,182.4,4,2,2,有,有,2630000,14079,坡道平面,24.01,400000,,RPXPMLKMPHJFFAT47DA,108.2,0.0,14.66,,
里港鄉,土地,玉田段85地號,197.21,住,,,1030608,土地4建物0車位0,,,其他,,,,0.0,0,0,0,有,無,4993800,25322,,0.0,0,,RPQNMLSLPHJFFBT37DA,0.0,0.0,0.0,,
高樹鄉,土地,泰山段867地號,179.87,,鄉村區,乙種建築用地,1030623,土地1建物0車位0,,,其他,,,,0.0,0,0,0,有,無,600000,3336,,0.0,0,,RPTNMLLKPHJFFBT86DA,0.0,0.0,0.0,,
里港鄉,土地,鐵店段193-6地號,1100.0,農,,,1030626,土地1建物0車位0,,,其他,,,,0.0,0,0,0,有,無,2495000,2268,,0.0,0,,RPQNMLTJPHJFFBT27DA,0.0,0.0,0.0,,
內埔鄉,土地,圳頭段472地號,2805.53,,一般農業區,農牧用地,1030603,土地2建物0車位0,,,其他,,,,0.0,0,0,0,有,無,5900000,2103,,0.0,0,,RPSNMLKMPHJFFCT86CA,0.0,0.0,0.0,,
內埔鄉,土地,頭鏢段945-11地號,1367.0,,一般農業區,農牧用地,1021202,土地1建物0車位0,,,其他,,,,0.0,0,0,0,有,無,1500000,1097,,0.0,0,,RPTPMLLMPHJFFCT27CA,0.0,0.0,0.0,,
萬巒鄉,土地,赤山段557-3地號,1940.0,,山坡地保育區,農牧用地,1030618,土地1建物0車位0,,,其他,,,,0.0,0,0,0,有,無,1300000,670,,0.0,0,農地包括地上物親友、員工或其他特殊關係間之交易。,RPUNMLSKPHJFFCT67CA,0.0,0.0,0.0,,
潮州鎮,土地,檨興段1387地號,215.06,,鄉村區,乙種建築用地,1030601,土地1建物0車位0,,,其他,,,,0.0,0,0,0,有,無,1580000,7347,,0.0,0,,RPPOMLRJPHJFFCT07CA,0.0,0.0,0.0,,
竹田鄉,土地,鳳明段1008地號,3101.0,,特定農業區,農牧用地,1030605,土地1建物0車位0,,,其他,,,,0.0,0,0,0,有,無,15000000,4837,,0.0,0,,RPWNMLTJPHJFFCT87CA,0.0,0.0,0.0,,
內埔鄉,土地,新埔段2352地號,3437.0,,特定農業區,農牧用地,1030623,土地1建物0車位0,,,其他,,,,0.0,0,0,0,有,無,6530000,1900,,0.0,0,,RPXOMLTJPHJFFCT08CA,0.0,0.0,0.0,,
竹田鄉,土地,新街段383地號,681.15,,特定農業區,農牧用地,1030612,土地1建物0車位0,,,其他,,,,0.0,0,0,0,有,無,2030000,2980,,0.0,0,含地上作物檳榔全部,RPPNMLKKPHJFFCT98CA,0.0,0.0,0.0,,
內埔鄉,土地,圳頭段274-2地號,2654.36,,一般農業區,農牧用地,1030620,土地1建物0車位0,,,其他,,,,0.0,0,0,0,有,無,6290000,2370,,0.0,0,,RPRNMLKKPHJFFCT56CA,0.0,0.0,0.0,,
內埔鄉,土地,圳頭段274-4地號,2683.62,,一般農業區,農牧用地,1030620,土地1建物0車位0,,,其他,,,,0.0,0,0,0,有,無,6360000,2370,,0.0,0,,RPSNMLKKPHJFFCT66CA,0.0,0.0,0.0,,
內埔鄉,土地,圳頭段274-5地號,2829.31,,一般農業區,農牧用地,1030620,土地1建物0車位0,,,其他,,,,0.0,0,0,0,有,無,6710000,2372,,0.0,0,,RPTNMLKKPHJFFCT76CA,0.0,0.0,0.0,,
潮州鎮,土地,崙新段251地號,7384.33,,一般農業區,農牧用地,1030531,土地2建物0車位0,,,其他,,,,0.0,0,0,0,有,無,14900000,2018,,0.0,0,,RPSNMLMKPHJFFCT86CA,0.0,0.0,0.0,,
新埤鄉,土地,新力段426-2地號,3281.0,,特定農業區,農牧用地,1030603,土地1建物0車位0,,,其他,,,,0.0,0,0,0,有,無,4126000,1258,,0.0,0,,RPSNMLLKPHJFFCT76CA,0.0,0.0,0.0,,
新埤鄉,土地,新力段426地號,3284.0,,特定農業區,農牧用地,1030603,土地1建物0車位0,,,其他,,,,0.0,0,0,0,有,無,4131000,1258,,0.0,0,,RPTNMLLKPHJFFCT86CA,0.0,0.0,0.0,,
內埔鄉,房地(土地+建物),屏東縣內埔鄉學興路２６號,36.88,住,,,1030619,土地1建物1車位0,一層，二層，騎樓,八層,華廈(10層含以下有電梯),商業用,鋼筋混凝土造,0840120,143.61,2,1,2,有,無,1400000,9749,,0.0,0,,RPTNMLOJPHJFFCT07CA,133.03,6.8,3.78,,
竹田鄉,土地,水源段152地號,3133.34,,一般農業區,農牧用地,1030624,土地1建物0車位0,,,其他,,,,0.0,0,0,0,有,無,5850000,1867,,0.0,0,農地包括地上物,RPQNMLRJPHJFFCT07CA,0.0,0.0,0.0,,
內埔鄉,土地,新埔段1342地號,2290.0,,特定農業區,農牧用地,1030625,土地1建物0車位0,,,其他,,,,0.0,0,0,0,有,無,5666000,2474,,0.0,0,農地包括地上物,RPTNMLRJPHJFFCT37CA,0.0,0.0,0.0,,
潮州鎮,土地,蓬萊段548-1地號,6790.43,,一般農業區,農牧用地,1030623,土地2建物0車位0,,,其他,,,,0.0,0,0,0,有,無,7000000,1031,,0.0,0,,RPXNMLOJPHJFFCT47CA,0.0,0.0,0.0,,
東港鎮,房地(土地+建物),屏東縣東港鎮明禮路３２０號,149.99,住,,,1030531,土地1建物1車位0,全,四層,透天厝,住宅,鋼筋混凝土構造,1020910,268.39,5,2,5,有,無,14200000,52908,,0.0,0,,RPUNMLOKPHJFFDT37CA,245.36,4.43,18.6,,
南州鄉,土地,七塊段1344地號,287.6,,一般農業區,農牧用地,1030625,土地1建物0車位0,,,其他,,,,0.0,0,0,0,有,無,800000,2782,,0.0,0,,RPQNMLSKPHJFFDT37CA,0.0,0.0,0.0,,
新園鄉,房地(土地+建物),屏東縣新園鄉仙隆路４９巷１３號,91.1,住,,,1030531,土地1建物1車位0,一層，二層，騎樓,二層,店面(店鋪),住商用,加強磚造,0700304,109.97,5,2,3,有,無,3150000,28644,,0.0,0,,RPPNMLNLPHJFFDT86CA,109.97,0.0,0.0,,
東港鎮,土地,新孝段1296地號,137.9,住,,,1030623,土地1建物0車位0,,,其他,,,,0.0,0,0,0,有,無,3680000,26686,,0.0,0,,RPWNMLPLPHJFFDT77CA,0.0,0.0,0.0,,
崁頂鄉,土地,頂孝段53-1地號,3871.83,,一般農業區,農牧用地,1030620,土地1建物0車位0,,,其他,,,,0.0,0,0,0,有,無,10376600,2680,,0.0,0,,RPQNMLRJPHJFFDT17CA,0.0,0.0,0.0,,
新園鄉,土地,興厝段8-2地號,741.49,,一般農業區,農牧用地,1030625,土地2建物0車位0,,,其他,,,,0.0,0,0,0,有,無,1720000,2320,,0.0,0,,RPQNMLPKPHJFFDT07CA,0.0,0.0,0.0,,
內埔鄉,房地(土地+建物),屏東縣內埔鄉清涼路一段３１６巷２５之２號,85.0,,鄉村區,乙種建築用地,1030515,土地1建物1車位0,全,三層,透天厝,住家用,鋼筋混凝土造,0831008,155.96,3,2,2,有,無,2700000,17312,,0.0,0,親友、員工或其他特殊關係間之交易。,RPXNMLRJPHJFFCT77CA,126.02,8.46,21.48,,
潮州鎮,房地(土地+建物),屏東縣潮州鎮朝陽路１５６號,48.26,住,,,1030626,土地1建物1車位0,全,二層,透天厝,住家用,鋼筋混凝土加強磚造,0571005,86.0,3,2,2,有,無,1900000,22093,,0.0,0,,RPUOMLRJPHJFFCT57CA,86.0,0.0,0.0,,
竹田鄉,土地,南勢段一小段178地號,3120.0,,特定農業區,農牧用地,1030526,土地1建物0車位0,,,其他,,,,0.0,0,0,0,有,無,6420000,2058,,0.0,0,,RPQNMLSJPHJFFCT17CA,0.0,0.0,0.0,,
潮州鎮,土地,檨興段1109地號,117.59,,鄉村區,乙種建築用地,1030620,土地2建物0車位0,,,其他,,,,0.0,0,0,0,有,無,710000,6038,,0.0,0,,RPRNMLSJPHJFFCT27CA,0.0,0.0,0.0,,
內埔鄉,房地(土地+建物),屏東縣潮州鎮德美路２５９號,132.6,住,,,1030608,土地1建物1車位0,全,三層,透天厝,見其他登記事項,見其他登記事項,1030317,231.88,5,2,4,有,無,8500000,36657,,0.0,0,,RPWNMLSJPHJFFCT77CA,221.49,0.0,10.39,,
潮州鎮,房地(土地+建物),屏東縣潮州鎮中洲路１７１巷１９號,112.03,住,,,1030625,土地1建物1車位0,全,四層,透天厝,住家用,見其他登記事項,1010523,252.15,5,2,5,有,無,10180000,40373,,0.0,0,,RPSOMLSKPHJFFCT57CA,223.38,0.0,28.77,,
潮州鎮,土地,榮田段208地號,824.74,住,,,1030502,土地1建物0車位0,,,其他,,,,0.0,0,0,0,有,無,19950000,24189,,0.0,0,,RPQOMLOLPHJFFCT07CA,0.0,0.0,0.0,,
潮州鎮,土地,榮田段1460地號,1090.93,工,,,1030522,土地3建物0車位0,,,其他,,,,0.0,0,0,0,有,無,16980000,15565,,0.0,0,,RPUNMLLJQHJFFCT96CA,0.0,0.0,0.0,,
潮州鎮,房地(土地+建物),屏東縣潮州鎮永昌路４５號六樓之四,12.32,住,,,1030620,土地1建物1車位0,六層,十二層,住宅大樓(11層含以上有電梯),住家用,鋼筋混凝土造,0840718,100.14,3,2,2,有,無,1680000,16777,,0.0,0,,RPVNMLLJQHJFFCT07CA,71.76,3.45,5.57,,
高樹鄉,土地,埔崙段69地號,3880.0,,一般農業區,農牧用地,1030616,土地1建物0車位0,,,其他,,,,0.0,0,0,0,有,無,1400000,361,,0.0,0,375租約特殊關係間之交易。,RPUNMLKMPHJFFBT07DA,0.0,0.0,0.0,,
高樹鄉,土地,埔崙段69-1地號,4136.0,,一般農業區,農牧用地,1030616,土地1建物0車位0,,,其他,,,,0.0,0,0,0,有,無,1403605,339,,0.0,0,375租約特殊關係間之交易。,RPVNMLKMPHJFFBT17DA,0.0,0.0,0.0,,
高樹鄉,土地,埔崙段69-2地號,3536.0,,一般農業區,農牧用地,1030616,土地1建物0車位0,,,其他,,,,0.0,0,0,0,有,無,1365000,386,,0.0,0,375租約特殊關係間之交易。,RPWNMLKMPHJFFBT27DA,0.0,0.0,0.0,,
高樹鄉,土地,埔崙段69-3地號,3879.0,,一般農業區,農牧用地,1030616,土地1建物0車位0,,,其他,,,,0.0,0,0,0,有,無,1400000,361,,0.0,0,375租約特殊關係間之交易。,RPXNMLKMPHJFFBT37DA,0.0,0.0,0.0,,
高樹鄉,土地,埔崙段69-4地號,3880.0,,一般農業區,農牧用地,1030616,土地1建物0車位0,,,其他,,,,0.0,0,0,0,有,無,1400000,361,,0.0,0,375租約特殊關係間之交易。,RPOOMLKMPHJFFBT56DA,0.0,0.0,0.0,,
里港鄉,房地(土地+建物),屏東縣里港鄉仁愛路81巷43弄3號,110.24,住,,,1030623,土地2建物1車位0,全,三層,透天厝,住家用,鋼筋混凝土造,0800124,166.03,3,2,2,有,無,2620000,15780,,0.0,0,,RPQNMLRJPHJFFBT07DA,158.43,0.0,7.6,,
里港鄉,土地,里平段696-1地號,26.0,住,,,1030625,土地1建物0車位0,,,其他,,,,0.0,0,0,0,有,無,350436,13478,,0.0,0,,RPUNMLSJPHJFFBT57DA,0.0,0.0,0.0,,
里港鄉,土地,里平段705地號,9.0,住,,,1030625,土地1建物0車位0,,,其他,,,,0.0,0,0,0,有,無,121304,13478,,0.0,0,,RPVNMLSJPHJFFBT67DA,0.0,0.0,0.0,,
里港鄉,土地,里平段704地號,80.0,住,,,1030625,土地1建物0車位0,,,其他,,,,0.0,0,0,0,有,無,1078260,13478,,0.0,0,,RPWNMLSJPHJFFBT77DA,0.0,0.0,0.0,,
屏東市,房地(土地+建物)+車位,屏東縣屏東巿機場北路490號13樓,38.75,住,,,1030702,土地1建物1車位1,十三層，十四層,十四層,住宅大樓(11層含以上有電梯),見其他登記事項,鋼筋混凝土造,0881204,294.52,4,2,3,有,有,4490000,15120,坡道平面,24.01,400000,,RPSPMLKMPHJFFAT96DA,188.65,0.0,21.98,,
長治鄉,土地,長豐段76-20地號,1483.16,,一般農業區,農牧用地,1030603,土地2建物0車位0,,,其他,,,,0.0,0,0,0,有,無,3500000,2360,,0.0,0,,RPPNMLSKPHJFFAT07DA,0.0,0.0,0.0,,
屏東市,房地(土地+建物),屏東縣屏東巿莊敬街一段84巷15弄18之1號,21.86,住,,,1030624,土地2建物1車位0,二層,五層,公寓(5樓含以下無電梯),見其他登記事項,鋼筋混凝土造,0701230,73.11,3,2,1,有,無,1650000,22569,,0.0,0,,RPUNMLRJPHJFFAT37DA,60.49,0.0,0.0,,
屏東市,土地,明正段1559-1地號,23.0,住,,,1030606,土地1建物0車位0,,,其他,,,,0.0,0,0,0,有,無,656650,28550,,0.0,0,向政府機關承購之案件。,RPPNMLSJPHJFFAT96DA,0.0,0.0,0.0,,
屏東市,房地(土地+建物),屏東縣屏東巿廣興187-5號,36.89,,鄉村區,乙種建築用地,1030613,土地1建物1車位0,五層,五層,住宅大樓(11層含以上有電梯),住家用,鋼筋混凝土造,0821125,121.12,3,2,2,有,無,2050000,16925,,0.0,0,,RPUNMLOKPHJFFAT17DA,79.28,10.89,0.0,,
恆春鎮,土地,龍泉水段636地號,3320.5,,國家公園區,,1030609,土地2建物0車位0,,,其他,,,,0.0,0,0,0,有,無,23060000,6945,,0.0,0,含增建或未登記建物。,RPQNMLLKPHJFFET76CA,0.0,0.0,0.0,,
恆春鎮,土地,水泉段123地號,1418.89,,國家公園區,,1030623,土地11建物0車位0,,,其他,,,,0.0,0,0,0,有,無,1060000,747,,0.0,0,,RPRNMLOJPHJFFET07CA,0.0,0.0,0.0,,
滿州鄉,土地,花海段484地號,39.29,住,,,1030620,土地1建物0車位0,,,其他,,,,0.0,0,0,0,有,無,260000,6617,,0.0,0,,RPPNMLSJPHJFFET27CA,0.0,0.0,0.0,,
屏東市,土地,勝興段544-147地號,26.0,住,,,1030625,土地1建物0車位0,,,其他,,,,0.0,0,0,0,有,無,1101100,42350,,0.0,0,,RPPNMLTKPHJFFAT07CA,0.0,0.0,0.0,,
屏東市,土地,勝興段545-3地號,77.0,住,,,1030625,土地3建物0車位0,,,其他,,,,0.0,0,0,0,有,無,3260950,42350,,0.0,0,,RPQNMLTKPHJFFAT17CA,0.0,0.0,0.0,,
屏東市,房地(土地+建物),屏東縣屏東巿瑞屏街５５號,91.0,住,,,1030616,土地3建物1車位0,全,四層,透天厝,見其他登記事項,鋼筋混凝土造,0960725,204.94,4,2,5,有,無,6200000,30253,,0.0,0,,RPQPMLOLPHJFFAT96CA,181.36,3.86,19.72,,
鹽埔鄉,土地,埔段803-5地號,3255.0,,一般農業區,農牧用地,1030603,土地1建物0車位0,,,其他,,,,0.0,0,0,0,有,無,2970000,912,,0.0,0,,RPTNMLSJPHJFFBT37CA,0.0,0.0,0.0,,
鹽埔鄉,土地,鹽東段188地號,1333.14,,一般農業區,農牧用地,1030625,土地2建物0車位0,,,其他,,,,0.0,0,0,0,有,無,1650000,1238,,0.0,0,,RPQNMLQKPHJFFBT96CA,0.0,0.0,0.0,,
高樹鄉,土地,舊寮段149-700地號,522.0,,一般農業區,農牧用地,1030623,土地1建物0車位0,,,其他,,,,0.0,0,0,0,有,無,1000000,1916,,0.0,0,,RPQNMLPKPHJFFBT86CA,0.0,0.0,0.0,,
高樹鄉,土地,阿拔泉段395-13地號,2045.0,,一般農業區,農牧用地,1030619,土地2建物0車位0,,,其他,,,,0.0,0,0,0,有,無,3400000,1663,,0.0,0,,RPTNMLOLPHJFFBT17CA,0.0,0.0,0.0,,
屏東市,房地(土地+建物)+車位,屏東縣屏東巿清寧街１３０巷２號八樓之二,19.43,住,,,1030621,土地2建物1車位1,八層,八層,華廈(10層含以下有電梯),見其他登記事項,鋼筋混凝土造,0820714,114.6,3,2,2,有,有,2450000,21379,升降機械,0.0,0,,RPWNMLRJPHJFFAT47CA,65.12,0.0,13.04,,
屏東市,房地(土地+建物),屏東縣屏東巿古松西巷２弄６５號,77.0,住,,,1030618,土地1建物1車位0,全,三層,透天厝,住家用,鋼筋混凝土造,0810722,159.53,5,2,2,有,無,4100000,25700,,0.0,0,,RPXNMLRJPHJFFAT57CA,134.41,17.58,7.54,,
萬丹鄉,土地,香社段1264地號,1880.0,,特定農業區,農牧用地,1030630,土地1建物0車位0,,,其他,,,,0.0,0,0,0,有,無,5814840,3093,,0.0,0,,RPQPMLRJPHJFFAT07CA,0.0,0.0,0.0,,
屏東市,土地,龍華段1470地號,97.66,,鄉村區,乙種建築用地,1030613,土地1建物0車位0,,,其他,,,,0.0,0,0,0,有,無,200000,2048,,0.0,0,親友、員工或其他特殊關係間之交易。,RPUNMLSJPHJFFAT37CA,0.0,0.0,0.0,,
屏東市,房地(土地+建物),屏東縣屏東巿建豐路１９２巷９號,137.94,住,,,1030523,土地2建物1車位0,全,三層,透天厝,住家用,鋼筋混凝土造,1030411,279.2,4,2,5,有,無,15880000,56877,,0.0,0,,RPRNMLTJPHJFFAT17CA,258.35,0.0,20.85,,
屏東市,房地(土地+建物),屏東縣屏東巿機場北路４９０號四樓,22.54,住,,,1030606,土地1建物1車位0,四層,十四層,住宅大樓(11層含以上有電梯),見其他登記事項,鋼筋混凝土造,0881204,157.55,4,1,2,有,有,3500000,22215,,0.0,0,,RPSNMLSJPHJFFAT17CA,108.2,0.0,13.82,,
屏東市,房地(土地+建物),屏東縣屏東巿工業二路１６之１號,2818.0,工,,,1030610,土地1建物1車位0,全,一層,透天厝,見其他登記事項,見其他登記事項,0741206,1033.83,5,3,3,有,無,49000000,47397,,0.0,0,,RPTNMLTJPHJFFAT37CA,1030.31,3.52,0.0,,
萬丹鄉,土地,萬安段1057-12地號,162.0,住,,,1030506,土地1建物0車位0,,,其他,,,,0.0,0,0,0,有,無,4600000,28395,,0.0,0,,RPPNMLKKPHJFFAT78CA,0.0,0.0,0.0,,
屏東市,房地(土地+建物),屏東縣屏東巿博愛路３８２號,29.81,住,,,1030620,土地1建物1車位0,一層，二層，騎樓,七層,華廈(10層含以下有電梯),住商用,鋼筋混凝土造,0850315,120.52,3,2,1,有,有,4100000,34019,,0.0,0,,RPQOMLQKPHJFFAT96CA,106.81,1.32,0.0,,
九如鄉,土地,九清段183-4地號,10.0,,鄉村區,乙種建築用地,1030614,土地1建物0車位0,,,其他,,,,0.0,0,0,0,有,無,35000,3500,,0.0,0,親友、員工或其他特殊關係間之交易。,RPQNMLRKPHJFFAT96CA,0.0,0.0,0.0,,
九如鄉,土地,九清段183-10地號,29.0,,鄉村區,乙種建築用地,1030614,土地1建物0車位0,,,其他,,,,0.0,0,0,0,有,無,101500,3500,,0.0,0,親友、員工或其他特殊關係間之交易。,RPRNMLRKPHJFFAT07CA,0.0,0.0,0.0,,
九如鄉,土地,九清段183-11地號,12.19,,鄉村區,乙種建築用地,1030614,土地1建物0車位0,,,其他,,,,0.0,0,0,0,有,無,42656,3499,,0.0,0,親友、員工或其他特殊關係間之交易。,RPSNMLRKPHJFFAT17CA,0.0,0.0,0.0,,
長治鄉,房地(土地+建物),屏東縣長治鄉香楊路１０巷３弄７０號,105.0,住,,,1030615,土地1建物1車位0,全,三層,透天厝,住家用,鋼筋混凝土造,0930526,158.4,5,2,4,有,無,6350000,40088,,0.0,0,,RPPOMLPKPHJFFAT76CA,140.4,18.0,0.0,,
潮州鎮,土地,興美段1325地號,1914.0,,特定農業區,農牧用地,1030625,土地1建物0車位0,,,其他,,,,0.0,0,0,0,有,無,4200000,2194,,0.0,0,,RPPNMLRJPHJFFCT07DA,0.0,0.0,0.0,,
佳冬鄉,房地(土地+建物),屏東縣佳冬鄉公園街78號,59.0,住,,,1030604,土地1建物1車位0,全,三層,透天厝,住商用,鋼筋混凝土造,0840825,133.23,3,2,3,有,無,2600000,19515,,0.0,0,,RPPNMLSJPHJFFFT47DA,121.13,12.1,0.0,,
九如鄉,土地,玉水段1102地號,4654.0,,特定農業區,農牧用地,1030612,土地3建物0車位0,,,其他,,,,0.0,0,0,0,有,無,8160000,1753,,0.0,0,,RPROMLPKPHJFFAT96CA,0.0,0.0,0.0,,
長治鄉,房地(土地+建物),屏東縣長治鄉瑞源路２４０號一樓之六,19.66,住,,,1030613,土地1建物1車位0,一層,十一層,住宅大樓(11層含以上有電梯),見其他登記事項,鋼筋混凝土造,0850607,104.02,3,2,2,有,無,2200000,21150,,0.0,0,,RPTNMLPKPHJFFAT07CA,72.58,0.0,0.95,,
長治鄉,房地(土地+建物),屏東縣長治鄉新興路１０巷８號,269.37,,鄉村區,乙種建築用地,1030611,土地2建物1車位0,全,三層,透天厝,住家用,鋼筋混凝土造,1030205,211.7,5,2,4,有,無,9360000,44214,,0.0,0,含裝潢、傢俱、冷氣三台,RPWOMLKKPHJFFAT96CA,199.81,0.0,11.89,,
長治鄉,房地(土地+建物),屏東縣長治鄉新興路１０巷１０號,264.26,,鄉村區,乙種建築用地,1030611,土地2建物1車位0,全,三層,透天厝,住家用,鋼筋混凝土造,1030205,219.44,5,2,4,有,無,8080000,36821,,0.0,0,,RPXOMLKKPHJFFAT07CA,214.64,0.0,4.8,,
長治鄉,房地(土地+建物),屏東縣長治鄉新興路１０巷１２號,280.63,,鄉村區,乙種建築用地,1030617,土地2建物1車位0,全,三層,透天厝,住家用,鋼筋混凝土造,1030205,218.99,5,2,4,有,無,8880000,40550,,0.0,0,,RPPPMLKKPHJFFAT98CA,214.2,0.0,4.8,,
萬丹鄉,土地,萬後段432-6地號,22.0,住,,,1030624,土地1建物0車位0,,,其他,,,,0.0,0,0,0,有,無,1060000,48182,,0.0,0,親友、員工或其他特殊關係間之交易。,RPQOMLTJPHJFFAT17CA,0.0,0.0,0.0,,
萬丹鄉,土地,萬生段1049地號,393.0,住,,,1030610,土地1建物0車位0,,,其他,,,,0.0,0,0,0,有,無,13314560,33879,,0.0,0,,RPTNMLKKPHJFFAT56CA,0.0,0.0,0.0,,
屏東市,房地(土地+建物),屏東縣屏東巿廣興１１２之４號,129.24,,鄉村區,乙種建築用地,1030704,土地2建物1車位0,全,二層,透天厝,住家用,鋼筋混凝土造,0700307,136.91,3,2,2,有,無,1000000,7304,,0.0,0,親友、員工或其他特殊關係間之交易。,RPWNMLSJPHJFFAT57CA,132.3,4.61,0.0,,
長治鄉,房地(土地+建物),屏東縣長治鄉香楊路３３號八樓之二,5.54,住,,,1030624,土地4建物1車位0,八層,十二層,住宅大樓(11層含以上有電梯),住家用,鋼筋混凝土造,0841006,72.43,2,2,1,有,有,1400000,19329,,0.0,0,,RPPOMLSJPHJFFAT96CA,52.29,0.0,0.0,,
屏東市,房地(土地+建物),屏東縣屏東巿機場北路７６６號二樓,18.98,住,,,1030601,土地1建物1車位0,二層,十四層,住宅大樓(11層含以上有電梯),見其他登記事項,鋼筋混凝土造,0881204,132.16,3,2,2,有,有,2100000,15890,,0.0,0,,RPQOMLSJPHJFFAT07CA,86.28,0.0,14.19,,
屏東市,土地,新海豐段787地號,2923.76,,一般農業區,農牧用地,1030616,土地1建物0車位0,,,其他,,,,0.0,0,0,0,有,無,6000000,2052,,0.0,0,,RPRNMLSJPHJFFAT07CA,0.0,0.0,0.0,,
恆春鎮,土地,五里亭段559-4地號,2646.24,,河川區,農牧用地,1030620,土地1建物0車位0,,,其他,,,,0.0,0,0,0,有,無,3100000,1171,,0.0,0,,RPPNMLTJPHJFFET37CA,0.0,0.0,0.0,,
恆春鎮,房地(土地+建物),屏東縣恆春鎮中正路２３２巷２０５弄７號,78.28,住,,,1030704,土地1建物1車位0,全,三層,透天厝,見其他登記事項,鋼筋混凝土造,0830504,136.74,3,2,2,有,無,3500000,25596,,0.0,0,,RPQNMLRKPHJFFET37CA,124.5,12.24,0.0,,
恆春鎮,土地,大埔段918地號,4284.92,,一般農業區,農牧用地,1030612,土地1建物0車位0,,,其他,,,,0.0,0,0,0,有,無,3000000,700,,0.0,0,,RPSNMLLKPHJFFET96CA,0.0,0.0,0.0,,
恆春鎮,土地,鵝鑾鼻段113-1地號,677.33,,國家公園區,,1030612,土地2建物0車位0,,,其他,,,,0.0,0,0,0,有,無,18000000,26575,,0.0,0,含增建或未登記建物。,RPRNMLOKPHJFFET17CA,0.0,0.0,0.0,,
恆春鎮,房地(土地+建物),屏東縣恆春鎮復興路112巷73弄15號,63.96,商,,,1030619,土地1建物1車位0,全,二層,透天厝,住商用,加強磚造,0670815,97.7,0,0,2,有,無,3500000,35824,,0.0,0,,RPPNMLTLPHJFFET57CA,93.48,4.22,0.0,,
佳冬鄉,土地,塭仔段222地號,319.19,,鄉村區,乙種建築用地,1030625,土地2建物0車位0,,,其他,,,,0.0,0,0,0,有,無,450000,1410,,0.0,0,,RPVNMLPKPHJFFFT77CA,0.0,0.0,0.0,,
長治鄉,土地,番子寮段58-242地號,1932.0,,一般農業區,農牧用地,1030618,土地1建物0車位0,,,其他,,,,0.0,0,0,0,有,無,2600000,1346,,0.0,0,親友、員工或其他特殊關係間之交易。,RPTOMLLLPHJFFAT96DA,0.0,0.0,0.0,,
新埤鄉,土地,餉潭段221-73地號,89.0,,鄉村區,乙種建築用地,1030623,土地1建物0車位0,,,其他,,,,0.0,0,0,0,有,無,97900,1100,,0.0,0,,RPQNMLQJQHJFFCT07CA,0.0,0.0,0.0,,
內埔鄉,土地,早角段621-3地號,2500.0,,一般農業區,農牧用地,1030625,土地1建物0車位0,,,其他,,,,0.0,0,0,0,有,無,2200000,880,,0.0,0,,RPPOMLSKPHJFFCT27CA,0.0,0.0,0.0,,
萬巒鄉,土地,鹿寮段589-5地號,2510.0,,一般農業區,農牧用地,1030524,土地1建物0車位0,,,其他,,,,0.0,0,0,0,有,無,4650000,1853,,0.0,0,,RPXNMLPKPHJFFCT67CA,0.0,0.0,0.0,,
潮州鎮,土地,四春段183地號,4411.81,,一般農業區,農牧用地,1030623,土地1建物0車位0,,,其他,,,,0.0,0,0,0,有,無,5900000,1337,,0.0,0,,RPQNMLKKPHJFFCT09CA,0.0,0.0,0.0,,
萬巒鄉,土地,見月段275地號,3706.42,,工業區,農牧用地,1030527,土地3建物0車位0,,,其他,,,,0.0,0,0,0,有,無,16817880,4537,,0.0,0,,RPRNMLOKPHJFFCT96CA,0.0,0.0,0.0,,
東港鎮,土地,嘉南段916-1地號,612.18,商,,,1030623,土地2建物0車位0,,,其他,,,,0.0,0,0,0,有,無,7036840,11495,,0.0,0,,RPPNMLSJPHJFFDT17CA,0.0,0.0,0.0,,
東港鎮,房地(土地+建物),屏東縣東港鎮大成路２２巷４２號,97.42,住,,,1030416,土地1建物1車位0,全,三層,透天厝,住宅,鋼筋混凝土構造,1021224,203.64,6,2,4,有,無,9200000,45178,,0.0,0,,RPUNMLPLPHJFFDT57CA,156.51,25.0,22.13,,
崁頂鄉,土地,港東段1062地號,2505.86,,一般農業區,農牧用地,1030620,土地1建物0車位0,,,其他,,,,0.0,0,0,0,有,無,3487000,1392,,0.0,0,,RPVNMLOKPHJFFDT47CA,0.0,0.0,0.0,,
東港鎮,房地(土地+建物),屏東縣東港鎮嘉新路一段４３號,75.29,住,,,1030619,土地1建物1車位0,全,二層,透天厝,住家用,鋼筋混凝土造,0770116,110.33,2,1,3,有,無,4000000,36255,,0.0,0,,RPQNMLKKPHJFFDT56CA,103.29,7.04,0.0,,
林邊鄉,土地,下庄段351地號,2011.1,,一般農業區,農牧用地,1030625,土地1建物0車位0,,,其他,,,,0.0,0,0,0,有,無,2650000,1318,,0.0,0,,RPPNMLLKPHJFFDT56CA,0.0,0.0,0.0,,
崁頂鄉,土地,越溪段1065地號,581.34,,一般農業區,農牧用地,1030623,土地2建物0車位0,,,其他,,,,0.0,0,0,0,有,無,269714,464,,0.0,0,,RPRNMLPKPHJFFDT17CA,0.0,0.0,0.0,,
潮州鎮,房地(土地+建物),屏東縣潮州鎮中洲路１５２號,81.84,住,,,1030623,土地1建物1車位0,全,五層,透天厝,住商用,鋼筋混凝土造,0861014,241.43,5,2,4,有,無,5650000,23402,,0.0,0,,RPOOMLKKPHJFFCT98CA,223.64,0.0,17.79,,
來義鄉,土地,丹林段1452地號,1190.0,,山坡地保育區,農牧用地,1030627,土地1建物0車位0,,,其他,,,,0.0,0,0,0,有,無,220000,185,,0.0,0,,RPSNMLTJPHJFFCT47CA,0.0,0.0,0.0,,
萬巒鄉,土地,見月段939-2地號,163.21,農,,,1030430,土地1建物0車位0,,,其他,,,,0.0,0,0,0,有,無,148421,909,,0.0,0,因與臨地合併買賣做農路使用。,RPUOMLTJPHJFFCT77CA,0.0,0.0,0.0,,
萬巒鄉,土地,見月段939-1地號,120.49,農,,,1030430,土地1建物0車位0,,,其他,,,,0.0,0,0,0,有,無,91579,760,,0.0,0,因與鄰地合併買賣做農路使用。,RPVOMLTJPHJFFCT87CA,0.0,0.0,0.0,,
內埔鄉,土地,新埔段2774地號,2290.0,,特定農業區,農牧用地,1030530,土地1建物0車位0,,,其他,,,,0.0,0,0,0,有,無,5750000,2511,,0.0,0,,RPSOMLPKPHJFFCT27CA,0.0,0.0,0.0,,
潮州鎮,土地,五魁段365地號,495.19,農,,,1030623,土地1建物0車位0,,,其他,,,,0.0,0,0,0,有,無,1421195,2870,,0.0,0,,RPXOMLSKPHJFFCT08CA,0.0,0.0,0.0,,
潮州鎮,房地(土地+建物),屏東縣潮州鎮吉星路１０２巷１號四樓之三,22.37,住,,,1030623,土地1建物1車位0,四層,七層,華廈(10層含以下有電梯),住家用,鋼筋混凝土造,0821208,110.28999999999999,3,2,2,有,無,1100000,9974,,0.0,0,,RPSNMLPJQHJFFCT17CA,76.15,0.0,7.34,,
竹田鄉,土地,鳳山厝段577-6地號,461.0,,一般農業區,甲種建築用地,1030610,土地1建物0車位0,,,其他,,,,0.0,0,0,0,有,無,1390000,3015,,0.0,0,,RPSNMLPLPHJFFCT27CA,0.0,0.0,0.0,,
內埔鄉,房地(土地+建物),屏東縣內埔鄉上寧路４８號,74.0,住,,,1030511,土地1建物1車位0,全,四層,透天厝,住家用,鋼筋混凝土造,0840718,191.47,3,2,3,有,無,3100000,16191,,0.0,0,,RPSNMLRLPHJFFCT47CA,172.36,8.65,10.46,,
屏東市,房地(土地+建物),屏東縣屏東巿機場北路526號十樓,8.3,住,,,1030627,土地1建物1車位0,十層,十四層,住宅大樓(11層含以上有電梯),見其他登記事項,鋼筋混凝土造,0881204,59.25,2,1,1,有,無,1600000,27004,,0.0,0,,RPPOMLLLPHJFFAT56DA,37.64,0.0,8.17,,
長治鄉,土地,繁華段1003地號,2271.46,,一般農業區,農牧用地,1030613,土地1建物0車位0,,,其他,,,,0.0,0,0,0,有,無,1000000,440,,0.0,0,親友間買賣,RPTNMLRKPHJFFAT37DA,0.0,0.0,0.0,,
九如鄉,土地,東寧段434-17地號,1240.0,,一般農業區,農牧用地,1030629,土地2建物0車位0,,,其他,,,,0.0,0,0,0,有,無,2400000,1935,,0.0,0,,RPPNMLKMPHJFFAT09DA,0.0,0.0,0.0,,
屏東市,房地(土地+建物),屏東縣屏東巿公園西路142之1號,80.0,住,,,1030612,土地1建物1車位0,全,四層,透天厝,住商用,鋼筋混凝土造,0720701,212.0,5,2,3,有,無,6500000,30660,,0.0,0,親友、員工或其他特殊關係間之交易。,RPSNMLOKPHJFFAT96DA,212.0,0.0,0.0,,
屏東市,房地(土地+建物),屏東縣屏東巿勝利路326巷47弄128號,128.4,住,,,1030612,土地3建物1車位0,全,三層,透天厝,住家用,鋼筋混凝土造,1030116,204.37,5,2,4,有,無,8500000,41591,,0.0,0,,RPRNMLLKPHJFFAT56DA,179.19,0.0,25.18,,
里港鄉,土地,武洛段150地號,2079.0,,一般農業區,農牧用地,1030630,土地1建物0車位0,,,其他,,,,0.0,0,0,0,有,無,3200000,1539,,0.0,0,,RPPNMLTJPHJFFBT17DA,0.0,0.0,0.0,,
來義鄉,土地,望嘉段1743地號,645.0,,山坡地保育區,農牧用地,1030603,土地1建物0車位0,,,其他,,,,0.0,0,0,0,有,無,83850,130,,0.0,0,,RPVNMLTJPHJFFCT87DA,0.0,0.0,0.0,,
恆春鎮,土地,大埔段1138地號,6246.52,,一般農業區,農牧用地,1030616,土地1建物0車位0,,,其他,,,,0.0,0,0,0,有,無,10000000,1601,,0.0,0,,RPXNMLKKPHJFFET37CA,0.0,0.0,0.0,,
屏東市,土地,公園段二小段15-13地號,36.0,住,,,1030619,土地1建物0車位0,,,其他,,,,0.0,0,0,0,有,無,900000,25000,,0.0,0,房屋未保存,RPVNMLSJPHJFFAT47CA,0.0,0.0,0.0,,
長治鄉,房地(土地+建物),屏東縣長治鄉下厝街６１之２號,131.19,,鄉村區,乙種建築用地,1030617,土地1建物1車位0,全,三層,透天厝,住家用,鋼筋混凝土造,0830905,184.57,4,2,3,有,無,3450000,18692,,0.0,0,,RPROMLSJPHJFFAT17CA,169.54,6.23,8.8,,
屏東市,土地,新興段810地號,2746.0,,特定農業區,農牧用地,1030624,土地1建物0車位0,,,其他,,,,0.0,0,0,0,有,無,9730000,3543,,0.0,0,,RPWNMLTJPHJFFAT67CA,0.0,0.0,0.0,,
長治鄉,土地,榮興段180地號,5176.98,,一般農業區,農牧用地,1030630,土地1建物0車位0,,,其他,,,,0.0,0,0,0,有,無,9590000,1852,,0.0,0,,RPXNMLTJPHJFFAT77CA,0.0,0.0,0.0,,
長治鄉,房地(土地+建物),屏東縣長治鄉合興路５巷７號,128.4,住,,,1030617,土地2建物1車位0,全,三層,透天厝,住家用,鋼筋混凝土造,1030120,202.37,5,2,3,有,無,7200000,35578,,0.0,0,,RPOOMLTJPHJFFAT96CA,186.31,0.0,16.06,,
屏東市,土地,信興段129地號,2281.72,,一般農業區,農牧用地,1030626,土地1建物0車位0,,,其他,,,,0.0,0,0,0,有,無,5360000,2349,,0.0,0,,RPUOMLKKPHJFFAT76CA,0.0,0.0,0.0,,
長治鄉,房地(土地+建物),屏東縣長治鄉合興路５巷２號,156.08,住,,,1030627,土地2建物1車位0,全,三層,透天厝,住家用,鋼筋混凝土造,1030120,204.18,6,2,3,有,無,8600000,42120,,0.0,0,,RPVNMLKKPHJFFAT76CA,190.36,0.0,13.82,,
屏東市,房地(土地+建物),屏東縣屏東巿民享路１７３號,69.0,住,,,1030628,土地1建物1車位0,全,二層,透天厝,住商用,加強磚造,0680415,95.4,3,2,2,有,無,4000000,41929,,0.0,0,,RPPNMLLKPHJFFAT88CA,95.4,0.0,0.0,,
長治鄉,房地(土地+建物),屏東縣長治鄉新興路１０巷６號,259.88,,鄉村區,乙種建築用地,1030617,土地2建物1車位0,全,三層,透天厝,住家用,鋼筋混凝土造,1030205,216.52,5,2,4,有,無,8320000,38426,,0.0,0,,RPOPMLKKPHJFFAT88CA,209.09,0.0,7.43,,
萬丹鄉,土地,新鐘段1386-7地號,312.0,,特定農業區,甲種建築用地,1030625,土地1建物0車位0,,,其他,,,,0.0,0,0,0,有,無,1981980,6353,,0.0,0,,RPSOMLQKPHJFFAT17CA,0.0,0.0,0.0,,
里港鄉,房地(土地+建物),屏東縣里港鄉潮厝路４８之１８號,107.0,,鄉村區,乙種建築用地,1030625,土地2建物1車位0,全,三層,透天厝,住家用,鋼筋混凝土造,0830511,155.53,3,2,3,有,無,1800000,11573,,0.0,0,,RPUNMLLKPHJFFBT86CA,141.04,0.0,14.49,,
里港鄉,房地(土地+建物),屏東縣里港鄉信國路１４號,790.62,,鄉村區,乙種建築用地,1030615,土地1建物1車位0,全,一層,透天厝,住家用,磚造,0510120,84.18,2,1,1,有,無,6000000,71276,,0.0,0,,RPTNMLMLPHJFFBT96CA,84.18,0.0,0.0,,
鹽埔鄉,土地,高朗段1111地號,77.37,,鄉村區,乙種建築用地,1030624,土地1建物0車位0,,,其他,,,,0.0,0,0,0,有,無,800000,10340,,0.0,0,,RPPNMLKKPHJFFBT88CA,0.0,0.0,0.0,,
長治鄉,土地,復興段885地號,4020.56,,一般農業區,農牧用地,1030512,土地1建物0車位0,,,其他,,,,0.0,0,0,0,有,無,10000000,2487,,0.0,0,,RPTOMLOLPHJFFAT17CA,0.0,0.0,0.0,,
屏東市,房地(土地+建物),屏東縣屏東巿大武里武順街１０６號,204.0,住,,,1030609,土地1建物1車位0,全,二層,透天厝,住家用,加強磚造,0750122,225.07,6,2,3,有,無,8200000,36433,,0.0,0,,RPVNMLSKPHJFFAT57CA,210.08,14.99,0.0,,
屏東市,房地(土地+建物),屏東縣屏東巿大春路１０１巷４７弄４６號,87.97,,一般農業區,甲種建築用地,1030610,土地2建物1車位0,全,三層,透天厝,住家用,鋼筋混凝土造,0830623,142.49,4,2,4,有,無,2750000,19300,,0.0,0,,RPQOMLRKPHJFFAT07CA,117.72,16.64,8.13,,
屏東市,土地,三山段60-1地號,17.87,,鄉村區,乙種建築用地,1030630,土地1建物0車位0,,,其他,,,,0.0,0,0,0,有,無,250180,14000,,0.0,0,拆屋還地調解成立之買賣,RPSOMLPJQHJFFAT07CA,0.0,0.0,0.0,,
恆春鎮,土地,龍泉水段698地號,2.78,,國家公園區,,1030616,土地1建物0車位0,,,其他,,,,0.0,0,0,0,有,無,39003,14030,,0.0,0,向政府機關承購之案件。,RPPNMLKKPHJFFET66DA,0.0,0.0,0.0,,
車城鄉,土地,興統段144地號,708.13,,一般農業區,農牧用地,1030623,土地1建物0車位0,,,其他,,,,0.0,0,0,0,有,無,283248,400,,0.0,0,,RPWNMLKKPHJFFET37DA,0.0,0.0,0.0,,
車城鄉,房地(土地+建物),屏東縣車城鄉統埔路20-5號,71.93,,鄉村區,乙種建築用地,1030620,土地1建物1車位0,全,一層,透天厝,住家用,加強磚造,06502,36.75,4,2,2,有,無,700000,19048,,0.0,0,親友、員工或其他特殊關係間之交易。,RPPNMLPKPHJFFET17DA,36.75,0.0,0.0,,
屏東市,房地(土地+建物),屏東縣屏東巿民有路３５號,76.0,住,,,1030630,土地2建物1車位0,全,二層,透天厝,住商用,加強磚造,0681206,94.95,3,2,2,有,無,1300000,13691,,0.0,0,,RPQNMLKMPHJFFAT09CA,94.95,0.0,0.0,,
屏東市,土地,明正段1927地號,63.0,住,,,1030627,土地1建物0車位0,,,其他,,,,0.0,0,0,0,有,無,800000,12698,,0.0,0,本案含未辦保存登記建物一棟。,RPRPMLOLPHJFFAT07CA,0.0,0.0,0.0,,
屏東市,房地(土地+建物),屏東縣屏東巿中柳路３７５巷３號,139.34,,鄉村區,乙種建築用地,1030616,土地2建物1車位0,全,三層,透天厝,住家用,鋼筋混凝土造,0820605,156.37,4,2,3,有,無,3000000,19185,,0.0,0,,RPROMLPJQHJFFAT96CA,130.28,18.36,7.73,,
鹽埔鄉,土地,埔段736-16地號,2910.0,,一般農業區,農牧用地,1030708,土地1建物0車位0,,,其他,,,,0.0,0,0,0,有,無,2760000,948,,0.0,0,,RPSNMLKKPHJFFBT56CA,0.0,0.0,0.0,,
鹽埔鄉,土地,上洛陽段372地號,5084.5,,一般農業區,農牧用地,1030626,土地2建物0車位0,,,其他,,,,0.0,0,0,0,有,無,7300000,1436,,0.0,0,,RPPNMLLKPHJFFBT98CA,0.0,0.0,0.0,,
鹽埔鄉,土地,上洛陽段371-1地號,2500.91,,一般農業區,農牧用地,1030626,土地1建物0車位0,,,其他,,,,0.0,0,0,0,有,無,3620000,1447,,0.0,0,,RPQNMLLKPHJFFBT09CA,0.0,0.0,0.0,,
鹽埔鄉,土地,上洛陽段371地號,2730.21,,一般農業區,農牧用地,1030626,土地1建物0車位0,,,其他,,,,0.0,0,0,0,有,無,3950000,1447,,0.0,0,,RPRNMLLKPHJFFBT56CA,0.0,0.0,0.0,,
鹽埔鄉,土地,上洛陽段371-2地號,2509.62,,一般農業區,農牧用地,1030626,土地1建物0車位0,,,其他,,,,0.0,0,0,0,有,無,3630000,1446,,0.0,0,,RPSNMLLKPHJFFBT66CA,0.0,0.0,0.0,,
高樹鄉,土地,田子段16-1地號,2733.0,,一般農業區,農牧用地,1030609,土地1建物0車位0,,,其他,,,,0.0,0,0,0,有,無,2100000,768,,0.0,0,,RPPNMLOKPHJFFBT66CA,0.0,0.0,0.0,,
里港鄉,房地(土地+建物),屏東縣里港鄉北安路３之１５號,94.0,,鄉村區,乙種建築用地,1030625,土地1建物1車位0,全,三層,透天厝,住家用,鋼筋混凝土造,0820506,137.41,0,0,2,無,無,1600000,11644,,0.0,0,本買賣總價款由賣方減價3萬元給買方整修房屋原總價為160萬元，扣除後為157萬元,RPTNMLPKPHJFFBT17CA,133.57,0.0,3.84,,
鹽埔鄉,土地,洛陽段1027地號,2861.2,,一般農業區,農牧用地,1030630,土地1建物0車位0,,,其他,,,,0.0,0,0,0,有,無,1800000,629,,0.0,0,,RPUNMLSLPHJFFBT67CA,0.0,0.0,0.0,,
屏東市,房地(土地+建物),屏東縣屏東巿勝利里忠孝路247巷52弄1號,99.0,住,,,1030625,土地1建物1車位0,全,三層,透天厝,住家用,鋼筋混凝土造,0690314,95.62,4,2,3,有,無,2600000,27191,,0.0,0,,RPWNMLKKPHJFFAT86CA,95.62,0.0,0.0,,
麟洛鄉,土地,麟仁段403-3地號,3.84,農,,,1030701,土地1建物0車位0,,,其他,,,,0.0,0,0,0,有,無,10000,2604,,0.0,0,,RPXNMLKKPHJFFAT96CA,0.0,0.0,0.0,,
屏東市,房地(土地+建物),屏東縣屏東巿公裕街３５３巷３５弄９號,127.0,住,,,1030625,土地1建物1車位0,全,二層,透天厝,住家用,加強磚造,0700526,81.09,5,2,3,有,無,3650000,45012,,0.0,0,,RPVOMLKKPHJFFAT86CA,81.09,0.0,0.0,,
長治鄉,土地,新潭段219-2地號,3173.79,,一般農業區,農牧用地,1030624,土地3建物0車位0,,,其他,,,,0.0,0,0,0,有,無,18799000,5923,,0.0,0,,RPRNMLKKPHJFFAT98CA,0.0,0.0,0.0,,
九如鄉,土地,彭厝段950-40地號,2865.0,,一般農業區,農牧用地,1030217,土地2建物0車位0,,,其他,,,,0.0,0,0,0,有,無,5900000,2059,,0.0,0,,RPSNMLKKPHJFFAT09CA,0.0,0.0,0.0,,
恆春鎮,房地(土地+建物),屏東縣恆春鎮南門路２３號,101.5,商,,,1030609,土地3建物1車位0,全,二層,透天厝,住商用,加強磚造,0490930,104.4,6,2,5,有,無,10000000,95785,,0.0,0,,RPQNMLKKPHJFFET66CA,0.0,0.0,0.0,,
恆春鎮,土地,大樹房段48-8地號,2598.0,,國家公園區,,1030620,土地1建物0車位0,,,其他,,,,0.0,0,0,0,有,無,4850000,1867,,0.0,0,,RPRNMLNKPHJFFET07CA,0.0,0.0,0.0,,
恆春鎮,土地,大光段829地號,234.49,,國家公園區,,1030630,土地2建物0車位0,,,其他,,,,0.0,0,0,0,有,無,1915000,8167,,0.0,0,,RPSNMLMLPHJFFET17CA,0.0,0.0,0.0,,
恆春鎮,土地,大光段827地號,49.02,,國家公園區,,1030630,土地1建物0車位0,,,其他,,,,0.0,0,0,0,有,無,400000,8160,,0.0,0,,RPTNMLMLPHJFFET27CA,0.0,0.0,0.0,,
里港鄉,土地,武洛段890地號,3060.0,,一般農業區,農牧用地,1030701,土地1建物0車位0,,,其他,,,,0.0,0,0,0,有,無,6700000,2190,,0.0,0,,RPQNMLKKPHJFFBT09DA,0.0,0.0,0.0,,
竹田鄉,土地,西勢段231地號,1358.0,,一般農業區,農牧用地,1030629,土地1建物0車位0,,,其他,,,,0.0,0,0,0,有,無,1100000,810,,0.0,0,親友、員工或其他特殊關係間之交易。,RPQNMLQKPHJFFCT07CA,0.0,0.0,0.0,,
林邊鄉,土地,永樂段1066地號,1641.03,農,,,1030613,土地1建物0車位0,,,其他,,,,0.0,0,0,0,有,無,1993394,1215,,0.0,0,,RPSNMLOKPHJFFDT17CA,0.0,0.0,0.0,,
東港鎮,土地,新孝段881地號,230.17,住,,,1030701,土地2建物0車位0,,,其他,,,,0.0,0,0,0,有,無,7032000,30551,,0.0,0,,RPQNMLOKPHJFFDT96CA,0.0,0.0,0.0,,
東港鎮,土地,大鵬段323地號,5608.94,其他,,,1030624,土地3建物0車位0,,,其他,,,,0.0,0,0,0,有,無,18496000,3298,,0.0,0,,RPRNMLKKPHJFFDT66CA,0.0,0.0,0.0,,
新園鄉,土地,五族段507地號,100.96,,鄉村區,乙種建築用地,1030630,土地1建物0車位0,,,其他,,,,0.0,0,0,0,有,無,519170,5142,,0.0,0,,RPQNMLTJPHJFFDT37CA,0.0,0.0,0.0,,
東港鎮,房地(土地+建物),屏東縣東港鎮朝陽街１６之１７號,40.34,商,,,1030619,土地2建物1車位0,全,三層,透天厝,住宅,鋼筋混凝土造,0681123,76.5,2,2,2,有,無,1665000,21765,,0.0,0,,RPWNMLOKPHJFFDT57CA,76.5,0.0,0.0,,
新園鄉,土地,共和段725-1地號,109.11,住,,,1030609,土地1建物0車位0,,,其他,,,,0.0,0,0,0,有,無,1650000,15122,,0.0,0,,RPQNMLPLPHJFFDT17CA,0.0,0.0,0.0,,
新園鄉,房地(土地+建物),屏東縣新園鄉聖心路８７號,88.17,住,,,1030624,土地1建物1車位0,全,三層,透天厝,店舖、住宅,鋼筋混凝土造,0860901,192.1,4,3,3,有,無,3800000,19781,,0.0,0,,RPUNMLLLPHJFFDT17CA,159.74,14.96,17.4,,
南州鄉,土地,七塊段156-1地號,0.05,其他,,,1030626,土地1建物0車位0,,,其他,,,,0.0,0,0,0,有,無,2000,0,,0.0,0,,RPTNMLMLPHJFFDT17CA,0.0,0.0,0.0,,
東港鎮,房地(土地+建物),屏東縣東港鎮鎮海路２３之６號,56.0,住,,,1030626,土地1建物1車位0,全,二層,透天厝,住家用,加強磚造,0660827,103.45,3,2,3,有,無,3300000,31899,,0.0,0,,RPVNMLMLPHJFFDT37CA,0.0,0.0,0.0,,
南州鄉,土地,壽元段1076地號,75.46,,一般農業區,農牧用地,1030626,土地1建物0車位0,,,其他,,,,0.0,0,0,0,有,無,273840,3629,,0.0,0,,RPWNMLMLPHJFFDT47CA,0.0,0.0,0.0,,
南州鄉,土地,七塊段230地號,1142.96,其他,,,1030620,土地1建物0車位0,,,其他,,,,0.0,0,0,0,有,無,1920173,1680,,0.0,0,,RPUNMLMLPHJFFDT27CA,0.0,0.0,0.0,,
新園鄉,房地(土地+建物),屏東縣東港鎮媽祖路４０７巷２７號,216.46,,工業區,丁種建築用地,1030000,土地4建物1車位0,一層，夾層,一層,工廠,廠房,鋼造,0841205,189.0,0,0,0,無,無,4200000,,,0.0,0,,RPPNMLOKPHJFFDT86CA,189.0,0.0,0.0,,
內埔鄉,土地,圳頭段988地號,8141.44,,一般農業區,農牧用地,1030624,土地2建物0車位0,,,其他,,,,0.0,0,0,0,有,無,9670000,1188,,0.0,0,,RPVNMLOKQHJFFCT47CA,0.0,0.0,0.0,,
內埔鄉,土地,中勝段1242地號,57.15,住,,,1030701,土地1建物0車位0,,,其他,,,,0.0,0,0,0,有,無,250000,4374,,0.0,0,未保存登記之建物,RPVOMLPKPHJFFCT57CA,0.0,0.0,0.0,,
潮州鎮,土地,三共段475地號,346.41,農,,,1030709,土地1建物0車位0,,,其他,,,,0.0,0,0,0,有,無,9580000,27655,,0.0,0,,RPOOMLPKPHJFFCT86CA,0.0,0.0,0.0,,
內埔鄉,土地,新東勢段15地號,3395.0,,一般農業區,農牧用地,1030416,土地1建物0車位0,,,其他,,,,0.0,0,0,0,有,無,5270000,1552,,0.0,0,,RPPOMLPKPHJFFCT96CA,0.0,0.0,0.0,,
潮州鎮,房地(土地+建物),屏東縣潮州鎮壽星路６８之１１號,70.12,住,,,1030613,土地1建物1車位0,全,四層,透天厝,住商用,鋼筋混凝土造,0850401,211.52,5,2,4,有,無,4300000,20329,,0.0,0,,RPQOMLPKPHJFFCT07CA,187.44,6.08,18.0,,
潮州鎮,房地(土地+建物),屏東縣潮州鎮光明路１４１巷３９號,90.89,,鄉村區,乙種建築用地,1030612,土地2建物1車位0,全,四層,透天厝,住家用,鋼筋混凝土造,0830105,191.65,5,2,3,有,無,2350000,12262,,0.0,0,,RPROMLPKPHJFFCT17CA,179.94,2.25,9.46,,
內埔鄉,土地,頭鏢段127-6地號,1024.0,,一般農業區,農牧用地,1030610,土地1建物0車位0,,,其他,,,,0.0,0,0,0,有,無,1750000,1709,,0.0,0,,RPPNMLSKPHJFFCT17CA,0.0,0.0,0.0,,
竹田鄉,土地,新田段1602-1地號,2368.0,農,,,1030618,土地2建物0車位0,,,其他,,,,0.0,0,0,0,有,無,2441000,1031,,0.0,0,親友關係間之交易。,RPRNMLSKPHJFFCT37CA,0.0,0.0,0.0,,
潮州鎮,房地(土地+建物),屏東縣潮州鎮榮田路１１７之１６號,70.37,住,,,1030603,土地1建物1車位0,全,四層,透天厝,住家用,鋼筋混凝土造,0830609,180.59,5,2,4,有,無,3200000,17720,,0.0,0,,RPSNMLQKPHJFFCT27CA,170.96,9.63,0.0,,
潮州鎮,房地(土地+建物)+車位,屏東縣潮州鎮朝昇路２０６巷１７號五樓之九,26.46,住,,,1030624,土地1建物1車位1,五層,六層,華廈(10層含以下有電梯),住家用,鋼筋混凝土造,0811024,104.81,3,2,2,有,無,2180000,20800,坡道平面,0.0,0,,RPXNMLSKPHJFFCT97CA,70.24,0.0,8.97,,
內埔鄉,房地(土地+建物),屏東縣內埔鄉新東路３９２號,76.84,住,,,1030624,土地2建物1車位0,全,二層,透天厝,住商用,加強磚造,0660713,92.4,2,2,2,有,無,2380000,25758,,0.0,0,,RPWOMLSKPHJFFCT97CA,92.4,0.0,0.0,,
新埤鄉,房地(土地+建物),屏東縣新埤鄉南和路６３之３號,157.0,,鄉村區,乙種建築用地,1030625,土地1建物1車位0,全,二層,透天厝,住家用,加強磚造,0720317,130.93,3,2,2,有,無,1350000,10311,,0.0,0,,RPXNMLMLPHJFFCT47CA,127.36,3.57,0.0,,
潮州鎮,房地(土地+建物),屏東縣潮州鎮永昌路４５號１２樓之３,12.32,住,,,1030605,土地1建物1車位0,十二層,十二層,住宅大樓(11層含以上有電梯),住家用,鋼筋混凝土造,0840718,100.14,3,1,2,有,無,2300000,22968,,0.0,0,,RPSOMLSLPHJFFCT67CA,71.76,3.26,5.57,,
新埤鄉,土地,新東段317地號,1176.02,住,,,1030530,土地1建物0車位0,,,其他,,,,0.0,0,0,0,有,無,10000000,8503,,0.0,0,,RPRNMLQJQHJFFCT17CA,0.0,0.0,0.0,,
潮州鎮,房地(土地+建物),屏東縣潮州鎮延平路２８２號,48.61,住,,,1030620,土地1建物1車位0,全,四層,透天厝,住商用,鋼筋混凝土造,0710520,127.6,8,2,4,有,無,3900000,30564,,0.0,0,,RPQOMLRJQHJFFCT27CA,127.6,0.0,0.0,,
潮州鎮,房地(土地+建物),屏東縣潮州鎮太平路５１０巷１６號,67.86,,鄉村區,乙種建築用地,1030630,土地1建物1車位0,全,三層,透天厝,住家用,鋼筋混凝土造,0840328,158.26,4,2,3,有,無,3380000,21357,,0.0,0,,RPWNMLLJQHJFFCT17CA,124.2,19.04,15.02,,
潮州鎮,房地(土地+建物),屏東縣潮州鎮中洲路１７１巷２８號,135.32,住,,,1030516,土地1建物1車位0,全,三層,透天厝,見其他登記事項,見其他登記事項,1030129,225.61,5,2,3,有,無,8800000,39005,,0.0,0,,RPOOMLLJQHJFFCT09CA,209.37,0.0,16.24,,
內埔鄉,房地(土地+建物),屏東縣內埔鄉建工路１２之６號,1233.78,,工業區,丁種建築用地,1030529,土地2建物1車位0,一層,一層,工廠,見使用執照,見使用執照,0770511,563.43,0,0,0,無,無,16794450,,,0.0,0,,RPROMLLJQHJFFCT76CA,563.43,0.0,0.0,,
內埔鄉,房地(土地+建物),屏東縣內埔鄉學興路１３０巷１２９號,97.67,住,,,1030320,土地1建物1車位0,全,三層,透天厝,住家用,鋼筋混凝土造,0940506,155.38,4,2,3,有,無,3800000,24456,,0.0,0,親友關係間之交易。,RPQNMLNJQHJFFCT76CA,137.55,4.87,12.96,,
潮州鎮,土地,榮田段150-1地號,383.43,住,,,1030609,土地1建物0車位0,,,其他,,,,0.0,0,0,0,有,無,10774383,28100,,0.0,0,,RPUNMLOKPHJFFCT27CA,0.0,0.0,0.0,,
潮州鎮,房地(土地+建物),屏東縣潮州鎮壽福路４１號,96.01,住,,,1030614,土地1建物1車位0,全,二層,透天厝,住商用,加強磚造,0670126,113.6,3,1,2,有,無,2600000,22887,,0.0,0,,RPTNMLMKPHJFFCT96CA,113.6,0.0,0.0,,
潮州鎮,房地(土地+建物),屏東縣潮州鎮永華街１３７號,85.16,住,,,1030622,土地1建物1車位0,全,四層,透天厝,住商用,鋼筋混凝土造,0811027,207.12,5,1,4,有,無,4300000,20761,,0.0,0,,RPUNMLMKPHJFFCT07CA,204.0,3.12,0.0,,
潮州鎮,房地(土地+建物),屏東縣潮州鎮長春路69-1號,125.62,住,,,1030630,土地1建物1車位0,全,四層,透天厝,住商用,鋼筋混凝土造,0820303,303.37,5,1,4,有,無,4500000,14833,,0.0,0,,RPPNMLLKPHJFFCT56DA,300.0,3.37,0.0,,
內埔鄉,土地,頭鏢段363地號,1735.15,,一般農業區,農牧用地,1030605,土地1建物0車位0,,,其他,,,,0.0,0,0,0,有,無,1200000,692,,0.0,0,親友間之交易。,RPWNMLOKPHJFFCT57DA,0.0,0.0,0.0,,
恆春鎮,房地(土地+建物),屏東縣恆春鎮?公路１１３０號,115.37,住,,,1021101,土地1建物1車位0,全,四層,透天厝,見其他登記事項,鋼筋混凝土造,1021107,261.58,4,1,3,有,無,15000000,57344,,0.0,0,,RPPNMLOJQHJFFET96CA,232.18,29.4,0.0,,
恆春鎮,土地,恆春段71地號,37.0,住,,,1030626,土地1建物0車位0,,,其他,,,,0.0,0,0,0,有,無,3800000,102703,,0.0,0,上有未保存建物,RPRNMLLKPHJFFET86CA,0.0,0.0,0.0,,
恆春鎮,土地,水泉段306-1地號,3028.0,,國家公園區,,1030701,土地1建物0車位0,,,其他,,,,0.0,0,0,0,有,無,7570000,2500,,0.0,0,,RPQNMLNKPHJFFET96CA,0.0,0.0,0.0,,
長治鄉,土地,復興段1038地號,531.92,,一般農業區,農牧用地,1030625,土地1建物0車位0,,,其他,,,,0.0,0,0,0,有,無,710000,1335,,0.0,0,,RPUNMLLKPHJFFAT76CA,0.0,0.0,0.0,,
屏東市,房地(土地+建物),屏東縣屏東巿民學路１６巷３９號,39.99,住,,,1030628,土地1建物1車位0,一層,五層,公寓(5樓含以下無電梯),國民住宅,鋼筋混凝土造,0710717,91.75,3,1,2,有,無,708912,7727,,0.0,0,本筆交易為二等親買賣。,RPVNMLLKPHJFFAT86CA,91.75,0.0,0.0,,
屏東市,房地(土地+建物),屏東縣屏東巿廣興１６０之９號,83.31,,鄉村區,乙種建築用地,1030619,土地1建物1車位0,全,二層,透天厝,住家用,加強磚造,0701118,93.23,3,2,2,有,無,3200000,34324,,0.0,0,,RPXNMLLKPHJFFAT07CA,90.21,3.02,0.0,,
屏東市,房地(土地+建物),屏東縣屏東巿大同北路１１１號六樓之三,22.84,住,,,1030625,土地1建物1車位0,六層,九層,華廈(10層含以下有電梯),見其他登記事項,鋼筋混凝土造,0840613,118.87,3,2,2,有,有,2300000,19349,,0.0,0,,RPOOMLLKPHJFFAT88CA,76.44,0.86,12.43,,
屏東市,房地(土地+建物),屏東縣屏東巿棒球路１６０巷６２號,24.7,住,,,1030629,土地1建物1車位0,一層,六層,華廈(10層含以下有電梯),見其他登記事項,鋼筋混凝土造,0801030,125.04,3,2,2,有,無,2700000,21593,,0.0,0,,RPPOMLLKPHJFFAT98CA,78.1,16.33,0.0,,
麟洛鄉,土地,麟愛段917地號,429.79,農,,,1030709,土地1建物0車位0,,,其他,,,,0.0,0,0,0,有,無,4290000,9982,,0.0,0,,RPWOMLPKPHJFFAT47CA,0.0,0.0,0.0,,
長治鄉,房地(土地+建物),屏東縣長治鄉新民街１３６之３號,151.13,住,,,1030628,土地1建物1車位0,全,三層,透天厝,住家用,鋼筋混凝土造,1020604,249.23,5,2,4,有,無,9580000,38438,,0.0,0,,RPRNMLOKPHJFFAT76CA,224.02,0.0,25.21,,
長治鄉,土地,番子寮段2-21地號,2572.75,,一般農業區,農牧用地,1030701,土地2建物0車位0,,,其他,,,,0.0,0,0,0,有,無,1800925,700,,0.0,0,親友、員工或其他特殊關係間之交易。,RPTNMLOKPHJFFAT96CA,0.0,0.0,0.0,,
鹽埔鄉,房地(土地+建物),屏東縣鹽埔鄉維新路３６之１３號,84.59,,一般農業區,甲種建築用地,1030621,土地1建物1車位0,全,二層,透天厝,住家用,加強磚造,0790518,107.05,4,2,2,有,無,2000000,18683,,0.0,0,,RPRNMLOLPHJFFBT96CA,87.6,14.35,5.1,,
屏東市,房地(土地+建物),屏東縣屏東巿機場北路７８６號十三樓,11.86,住,,,1030617,土地1建物1車位0,十三層,十四層,住宅大樓(11層含以上有電梯),見其他登記事項,鋼筋混凝土造,0881204,82.12,2,1,1,有,有,1650000,20093,,0.0,0,,RPWNMLQKPHJFFAT47CA,53.88,0.0,9.03,,
屏東市,房地(土地+建物),屏東縣屏東巿公治一街１１巷3號,217.0,住,,,1030624,土地4建物2車位0,全,三層,透天厝,住家用,鋼筋混凝土造,0961003,266.25,5,2,3,有,無,6800000,25540,,0.0,0,,RPPNMLQJQHJFFAT76CA,266.25,0.0,0.0,,
恆春鎮,土地,水泉段307-6地號,2216.0,,國家公園區,,1030616,土地1建物0車位0,,,其他,,,,0.0,0,0,0,有,無,4540000,2049,,0.0,0,,RPPNMLLKPHJFFET76DA,0.0,0.0,0.0,,
枋山鄉,房地(土地+建物),屏東縣枋山鄉中山路四段６３號,227.51,,鄉村區,乙種建築用地,1030626,土地2建物1車位0,全,二層,透天厝,農舍,加強磚造,0771220,151.8,4,2,1,有,無,2000000,13175,,0.0,0,,RPRNMLLKPHJFFFT17EA,148.2,3.6,0.0,,
枋山鄉,建物,屏東縣枋山鄉中山路四段６３號,0.0,,,,1030626,土地0建物1車位0,全,一層,透天厝,住家用,加強磚造,0650701,69.3,3,1,1,有,無,90000,1299,,0.0,0,,RPSNMLLKPHJFFFT27EA,69.3,0.0,0.0,,
東港鎮,房地(土地+建物),屏東縣東港鎮明禮路199巷73號,179.53,住,,,1030620,土地1建物1車位0,全,三層,透天厝,住宅,鋼筋混凝土構造,1030128,266.75,5,3,4,有,無,15600000,58482,,0.0,0,,RPTNMLPKPHJFFDT47DA,238.72,4.32,23.71,,
屏東市,房地(土地+建物),屏東縣屏東巿棒球路１０３巷９號,168.0,住,,,1030606,土地1建物1車位0,全,二層,透天厝,住家用,加強磚造,0720510,142.68,7,2,3,有,無,5000000,35043,,0.0,0,,RPXNMLQKPHJFFAT57CA,142.68,0.0,0.0,,
屏東市,房地(土地+建物)+車位,屏東縣屏東巿莊敬街二段１０號四樓,19.3,住,,,1030630,土地1建物1車位0,四層,七層,華廈(10層含以下有電梯),住家用,鋼筋混凝土造,0810916,146.15,3,2,2,有,有,2360000,16148,升降機械,0.0,0,,RPOOMLSKPHJFFAT96CA,84.0,0.0,10.43,,
屏東市,土地,歸義段101地號,412.69,,一般農業區,甲種建築用地,1030630,土地4建物0車位0,,,其他,,,,0.0,0,0,0,有,無,10640670,25784,,0.0,0,,RPPNMLLLPHJFFAT98CA,0.0,0.0,0.0,,
長治鄉,房地(土地+建物),屏東縣長治鄉瑞源路6號,15.52,住,,,1030624,土地4建物1車位0,騎樓，一層，二層,十二層,公寓(5樓含以下無電梯),住商用,鋼筋混凝土造,0841006,194.64999999999998,2,2,2,有,有,3320000,17056,,0.0,0,,RPVNMLLLPHJFFAT96CA,136.82,0.0,6.0,,
九如鄉,土地,玉水段162地號,298.0,,特定農業區,農牧用地,1030703,土地1建物0車位0,,,其他,,,,0.0,0,0,0,有,無,600000,2013,,0.0,0,,RPPNMLSLPHJFFAT07CA,0.0,0.0,0.0,,
屏東市,房地(土地+建物),屏東縣屏東巿公裕街３８３巷３６弄１２號,112.67,住,,,1030702,土地3建物1車位0,全,三層,透天厝,住家用,鋼筋混凝土造,1020313,171.87,5,2,3,有,無,9000000,52365,,0.0,0,,RPQOMLMLPHJFFAT66CA,158.46,0.0,13.41,,
麟洛鄉,房地(土地+建物),屏東縣麟洛鄉中山路３１９之３號,131.91,住,,,1030624,土地2建物1車位0,全,三層,透天厝,見其他登記事項,鋼筋混凝土造,0950414,220.58,5,2,3,有,無,6600000,29921,,0.0,0,,RPROMLMLPHJFFAT76CA,177.38,27.24,15.96,,
屏東市,房地(土地+建物),屏東縣屏東巿建興南路35之12號,214.0,住,,,1030603,土地2建物2車位0,全,二層,透天厝,住商用,見其他登記事項,0911231,255.34,3,2,2,有,無,8000000,31331,,0.0,0,親友、員工或其他特殊關係間之交易。,RPQNMLPJQHJFFAT76CA,255.34,0.0,0.0,,
屏東市,房地(土地+建物),屏東縣屏東巿機場北路560號9樓,23.33,住,,,1030610,土地1建物1車位0,九層,十四層,住宅大樓(11層含以上有電梯),見其他登記事項,鋼筋混凝土造,0881204,186.47,4,2,2,有,有,3000000,16088,坡道平面,0.0,0,,RPRNMLSJQHJFFAT17CA,0.0,0.0,0.0,,
屏東市,房地(土地+建物),屏東縣屏東巿公安街６號,75.0,住,,,1030530,土地1建物1車位0,全,二層,透天厝,住家用,加強磚造,0690912,88.0,3,2,2,有,無,4180000,47500,,0.0,0,,RPXNMLOKPHJFFAT37CA,88.0,0.0,0.0,,
屏東市,房地(土地+建物),屏東縣屏東巿自由路８５號十樓之十三,3.37,住,,,1030702,土地1建物1車位0,十層,十三層,套房(1房1廳1衛),住家用,鋼筋混凝土造,0831104,36.69,1,0,1,有,有,870000,23712,,0.0,0,,RPQOMLOKPHJFFAT76CA,21.34,0.0,2.33,,
屏東市,房地(土地+建物),屏東縣屏東巿崇蘭里42鄰崇德一路30巷7號,46.41,住,,,1030630,土地2建物1車位0,全,四層,透天厝,住家用,鋼筋混凝土造,0920821,96.66,4,2,3,有,無,3600000,37244,,0.0,0,,RPPNMLPKPHJFFAT66CA,82.0,4.38,10.29,,
長治鄉,土地,進興段897地號,807.61,,一般農業區,農牧用地,1030701,土地2建物0車位0,,,其他,,,,0.0,0,0,0,有,無,2600000,3219,,0.0,0,包括未辦保存登記房屋一棟,RPUNMLPKPHJFFAT17CA,0.0,0.0,0.0,,
屏東市,房地(土地+建物),屏東縣屏東巿和生路二段５４２巷１２弄６號,97.0,住,,,1030618,土地1建物1車位0,全,二層,透天厝,住家用,加強磚造,0760120,129.3,4,2,2,有,無,2830000,21887,,0.0,0,,RPUNMLQKPHJFFAT27CA,114.32,14.98,0.0,,
麟洛鄉,土地,麟和段179地號,1160.27,,一般農業區,農牧用地,1030608,土地1建物0車位0,,,其他,,,,0.0,0,0,0,有,無,5000000,4309,,0.0,0,,RPQOMLLKPHJFFAT09CA,0.0,0.0,0.0,,
高樹鄉,土地,大路關段舊大路關小段48-10地號,2942.0,,一般農業區,農牧用地,1030703,土地1建物0車位0,,,其他,,,,0.0,0,0,0,有,無,1403000,477,,0.0,0,,RPPNMLPKPHJFFBT86DA,0.0,0.0,0.0,,
屏東市,房地(土地+建物),屏東縣屏東巿機場北路596號11樓,22.54,住,,,1030619,土地1建物1車位0,十一層,十四層,住宅大樓(11層含以上有電梯),見其他登記事項,鋼筋混凝土造,0881204,158.89,4,2,2,有,無,3000000,18881,,0.0,0,,RPSNMLPKPHJFFAT07DA,108.2,0.0,15.16,,
萬丹鄉,房地(土地+建物),屏東縣萬丹鄉廣志街81號,61.47,,鄉村區,乙種建築用地,1030620,土地3建物1車位0,全,一層,透天厝,住家用,加強磚造,0800204,37.13,0,0,0,無,無,315344,8493,,0.0,0,親友、員工或其他特殊關係間之交易。,RPROMLQKPHJFFAT17DA,0.0,0.0,0.0,,
枋寮鄉,土地,北玄段803地號,26.85,,一般農業區,農牧用地,1030630,土地1建物0車位0,,,其他,,,,0.0,0,0,0,有,無,25130,936,,0.0,0,,RPQNMLPKPHJFFFT27CA,0.0,0.0,0.0,,
潮州鎮,房地(土地+建物),屏東縣潮州鎮環龍４巷１之１３號,74.0,,鄉村區,乙種建築用地,1030609,土地1建物1車位0,全,四層,透天厝,住家用,鋼筋混凝土造,0830311,146.0,4,1,3,有,無,2600000,17808,,0.0,0,,RPOOMLOKPHJFFCT76CA,138.5,2.5,5.0,,
潮州鎮,房地(土地+建物),屏東縣潮州鎮環龍路２４之６號,78.23,,鄉村區,乙種建築用地,1030510,土地1建物1車位0,全,二層,透天厝,住商用,鋼筋混凝土造,0710705,91.2,3,1,2,有,無,2400000,26316,,0.0,0,,RPVNMLLLPHJFFCT17CA,91.2,0.0,0.0,,
萬巒鄉,土地,赤山段546-2地號,2500.0,,一般農業區,農牧用地,1030624,土地1建物0車位0,,,其他,,,,0.0,0,0,0,有,無,4700000,1880,,0.0,0,,RPPNMLOLPHJFFCT86CA,0.0,0.0,0.0,,
萬巒鄉,土地,四溝水段281-5地號,4125.0,,一般農業區,農牧用地,1030624,土地4建物0車位0,,,其他,,,,0.0,0,0,0,有,無,5000000,1212,,0.0,0,,RPWOMLPKPHJFFCT67CA,0.0,0.0,0.0,,
內埔鄉,房地(土地+建物),屏東縣內埔鄉展興路２３號,77.95,,鄉村區,乙種建築用地,1030623,土地2建物1車位0,全,二層,透天厝,住商用,加強磚造,0700608,97.6,3,2,2,有,無,1800000,18443,,0.0,0,,RPXOMLPKPHJFFCT77CA,97.6,0.0,0.0,,
琉球鄉,土地,本漁段213-2地號,91.94,住,,,1030000,土地1建物0車位0,,,其他,,,,0.0,0,0,0,有,無,339850,3696,,0.0,0,,RPTNMLOKPHJFFDT27CA,0.0,0.0,0.0,,
東港鎮,房地(土地+建物),屏東縣東港鎮大成路２２巷３０號,93.65,住,,,1030416,土地1建物1車位0,全,三層,透天厝,住宅,鋼筋混凝土構造,1021224,199.13,6,2,4,有,無,8900000,44694,,0.0,0,,RPVNMLPLPHJFFDT67CA,161.11,24.92,13.1,,
東港鎮,房地(土地+建物),屏東縣東港鎮中山路２之３１號,198.0,住,,,1030702,土地4建物1車位0,全,四層,透天厝,店舖、住宅,見其他登記事項,0700105,310.05,5,2,2,有,無,10800000,34833,,0.0,0,,RPPNMLQKPHJFFDT07CA,310.05,0.0,0.0,,
崁頂鄉,土地,頂忠段73地號,2787.9,,一般農業區,農牧用地,1030703,土地2建物0車位0,,,其他,,,,0.0,0,0,0,有,無,3736000,1340,,0.0,0,,RPPNMLKLPHJFFDT56CA,0.0,0.0,0.0,,
林邊鄉,土地,塭岸段600-3地號,188.03,住,,,1030630,土地2建物0車位0,,,其他,,,,0.0,0,0,0,有,無,900000,4786,,0.0,0,,RPRNMLQKPHJFFDT27CA,0.0,0.0,0.0,,
新園鄉,土地,新吉段1998地號,1715.0,,特定農業區,農牧用地,1030000,土地1建物0車位0,,,其他,,,,0.0,0,0,0,有,無,9078780,5294,,0.0,0,,RPVNMLPKPHJFFDT57CA,0.0,0.0,0.0,,
竹田鄉,房地(土地+建物),屏東縣竹田鄉龍門路２０３號,188.0,,鄉村區,乙種建築用地,1030625,土地1建物1車位0,全,一層,透天厝,住家用,加強磚造,05707,45.32,2,2,2,有,無,3880000,85613,,0.0,0,,RPVNMLQKPHJFFCT57CA,45.32,0.0,0.0,,
潮州鎮,房地(土地+建物),屏東縣潮州鎮杭州街１７５號九樓之五,21.21,住,,,1030612,土地1建物1車位0,九層,十層,華廈(10層含以下有電梯),住家用,鋼筋混凝土造,0850606,89.31,3,2,2,有,無,1600000,17915,,0.0,0,,RPSOMLLJQHJFFCT86CA,65.3,0.0,6.72,,
屏東市,房地(土地+建物),屏東縣屏東巿廣東路409巷92號,60.0,住,,,1030626,土地1建物1車位0,全,三層,透天厝,住家用,鋼筋混凝土造,0691028,98.28,0,0,2,無,無,3300000,33578,,0.0,0,,RPQNMLNJQHJFFAT66DA,98.28,0.0,0.0,,
屏東市,房地(土地+建物),屏東縣屏東巿延平一路29號,82.0,住,,,1030621,土地2建物1車位0,全,三層,透天厝,住商用,鋼筋混凝土造,0751002,152.51,4,1,3,有,無,3990000,26162,,0.0,0,,RPPOMLPJQHJFFAT86DA,149.27,3.24,0.0,,
屏東市,房地(土地+建物),屏東縣屏東巿復興南路一段1巷20弄23號,87.0,住,,,1030630,土地1建物1車位0,全,二層,透天厝,住家用,加強磚造,0680126,86.94,4,2,3,有,無,3980000,45779,,0.0,0,,RPTOMLPKPHJFFAT27DA,86.94,0.0,0.0,,
屏東市,土地,公園段二小段40-50地號,69.0,商,,,1030626,土地2建物0車位0,,,其他,,,,0.0,0,0,0,有,無,5688888,82448,,0.0,0,向政府機關承購之案件。,RPUOMLPKPHJFFAT37DA,0.0,0.0,0.0,,
鹽埔鄉,土地,彭南段336地號,4744.38,,一般農業區,農牧用地,1030620,土地1建物0車位0,,,其他,,,,0.0,0,0,0,有,無,5380000,1134,,0.0,0,,RPPNMLQKPHJFFBT96DA,0.0,0.0,0.0,,
高樹鄉,土地,加蚋埔段152-9地號,1616.0,,一般農業區,農牧用地,1030630,土地1建物0車位0,,,其他,,,,0.0,0,0,0,有,無,550000,340,,0.0,0,,RPPNMLKMPHJFFBT56DA,0.0,0.0,0.0,,
內埔鄉,土地,和興段540地號,8.61,農,,,1030529,土地1建物0車位0,,,其他,,,,0.0,0,0,0,有,無,8350,970,,0.0,0,向政府機關承購之案件。,RPUNMLPKPHJFFCT47DA,0.0,0.0,0.0,,
屏東市,房地(土地+建物),屏東縣屏東巿中山路１８７號八樓之一,5.56,住,,,1030711,土地2建物1車位0,八層,十二層,辦公商業大樓,商業用,鋼筋混凝土造,0830420,55.88,1,1,1,有,無,1100000,19685,,0.0,0,,RPQNMLQKPHJFFAT86CA,37.45,0.0,0.0,,
萬丹鄉,土地,新鐘段1386-8地號,386.0,,特定農業區,甲種建築用地,1030709,土地2建物0車位0,,,其他,,,,0.0,0,0,0,有,無,2451960,6352,,0.0,0,,RPTOMLQKPHJFFAT27CA,0.0,0.0,0.0,,
屏東市,房地(土地+建物),屏東縣屏東巿自由路730之3號十樓之六,7.89,住,,,1030707,土地1建物2車位0,十層,十二層,住宅大樓(11層含以上有電梯),住家用,鋼筋混凝土造,0841109,63.11,2,0,2,有,有,1300000,20599,,0.0,0,,RPVOMLQKPHJFFAT47CA,41.9,0.0,4.84,,
屏東市,房地(土地+建物),屏東縣屏東巿合作街１３５之２號,31.17,住,,,1030630,土地1建物1車位0,四層,五層,公寓(5樓含以下無電梯),國民住宅,鋼筋混凝土造,0711031,80.24,3,2,1,有,無,750000,9347,,0.0,0,,RPSOMLPKPHJFFAT07CA,80.24,0.0,0.0,,
長治鄉,土地,繁華段471地號,4078.26,,一般農業區,農牧用地,1030529,土地1建物0車位0,,,其他,,,,0.0,0,0,0,有,無,12500000,3065,,0.0,0,,RPQOMLPLPHJFFAT96CA,0.0,0.0,0.0,,
長治鄉,土地,協華段116地號,6163.53,,一般農業區,農牧用地,1030619,土地2建物0車位0,,,其他,,,,0.0,0,0,0,有,無,19065000,3093,,0.0,0,含地上物全部,RPTOMLSKPHJFFAT47CA,0.0,0.0,0.0,,
屏東市,房地(土地+建物),屏東縣屏東巿古松西巷５弄８號,96.19,住,,,1030612,土地2建物1車位0,全,三層,透天厝,住家用,鋼筋混凝土造,0971226,151.88,4,2,3,有,無,6500000,42797,,0.0,0,,RPUOMLSKPHJFFAT57CA,120.21,9.43,22.24,,
屏東市,房地(土地+建物),屏東縣屏東巿古松巷２之３號,102.08,,鄉村區,乙種建築用地,1030625,土地3建物1車位0,全,三層,透天厝,住家用,鋼筋混凝土造,1030226,168.12,5,2,3,有,無,8300000,49369,,0.0,0,,RPXNMLSKPHJFFAT77CA,152.54,0.0,15.58,,
鹽埔鄉,土地,民意段403-2地號,2141.45,,一般農業區,農牧用地,1030629,土地1建物0車位0,,,其他,,,,0.0,0,0,0,有,無,1324000,618,,0.0,0,,RPUNMLPKPHJFFBT27CA,0.0,0.0,0.0,,
里港鄉,土地,過江段360地號,57.67,住,,,1030619,土地1建物0車位0,,,其他,,,,0.0,0,0,0,有,無,500000,8670,,0.0,0,親友、員工或其他特殊關係間之交易。,RPRNMLPKPHJFFBT96CA,0.0,0.0,0.0,,
里港鄉,房地(土地+建物),屏東縣里港鄉玉田路７７之１８號,147.5,住,,,1030619,土地2建物1車位0,全,三層,透天厝,住家用,鋼筋混凝土造,1020709,207.1,4,2,3,有,無,6600000,31869,,0.0,0,,RPRNMLMLPHJFFBT76CA,182.45,0.0,24.65,,
崁頂鄉,土地,港東段172地號,3609.19,,一般農業區,農牧用地,1030630,土地2建物0車位0,,,其他,,,,0.0,0,0,0,有,無,3720000,1031,,0.0,0,,RPUNMLQKPHJFFDT67DA,0.0,0.0,0.0,,
新園鄉,房地(土地+建物),屏東縣新園鄉南興路326號,55.29,住,,,1030701,土地1建物1車位0,全,四層,透天厝,店舖、住宅,鋼筋混凝土造,0810610,156.57,5,2,3,有,無,2200000,14051,,0.0,0,,RPQNMLSJQHJFFDT47DA,153.33,3.24,0.0,,
春日鄉,土地,春日段631地號,4870.0,,山坡地保育區,農牧用地,1030708,土地1建物0車位0,,,其他,,,,0.0,0,0,0,有,無,250000,51,,0.0,0,,RPPNMLPKPHJFFFT37EA,0.0,0.0,0.0,,
佳冬鄉,土地,玉光段62地號,2391.33,,一般農業區,農牧用地,1030705,土地2建物0車位0,,,其他,,,,0.0,0,0,0,有,無,1200000,502,,0.0,0,1.親友、員工或其他特殊關係間之交易。2.含地上農作物檳榔。,RPWNMLPKPHJFFFT08EA,0.0,0.0,0.0,,
牡丹鄉,土地,石門段44-2地號,13140.0,,山坡地保育區,農牧用地,1030612,土地4建物0車位0,,,其他,,,,0.0,0,0,0,有,無,1000000,76,,0.0,0,,RPQNMLOLPHJFFET27DA,0.0,0.0,0.0,,
內埔鄉,土地,新埔段1218-2地號,1499.0,農,,,1030701,土地1建物0車位0,,,其他,,,,0.0,0,0,0,有,無,3000000,2001,,0.0,0,親友、員工或其他特殊關係間之交易。,RPROMLSKPHJFFCT57DA,0.0,0.0,0.0,,
內埔鄉,土地,忠心崙段1083-29地號,10.14,,河川區,農牧用地,1030709,土地1建物0車位0,,,其他,,,,0.0,0,0,0,有,無,7201,710,,0.0,0,協議價購,RPXNMLLMPHJFFCT57DA,0.0,0.0,0.0,,
內埔鄉,土地,忠心崙段1083-29地號,5.34,,河川區,農牧用地,1030709,土地1建物0車位0,,,其他,,,,0.0,0,0,0,有,無,3793,710,,0.0,0,協議價購,RPUNMLLMPHJFFCT27DA,0.0,0.0,0.0,,
內埔鄉,土地,忠心崙段1083-29地號,6.29,,河川區,農牧用地,1030709,土地1建物0車位0,,,其他,,,,0.0,0,0,0,有,無,4463,710,,0.0,0,協議價購,RPVNMLLMPHJFFCT37DA,0.0,0.0,0.0,,
鹽埔鄉,土地,埔段783-2地號,5162.0,,一般農業區,農牧用地,1030616,土地1建物0車位0,,,其他,,,,0.0,0,0,0,有,無,6918000,1340,,0.0,0,,RPWNMLPLPHJFFBT57CA,0.0,0.0,0.0,,
鹽埔鄉,土地,民意段160地號,1578.15,,一般農業區,農牧用地,1030707,土地1建物0車位0,,,其他,,,,0.0,0,0,0,有,無,813500,515,,0.0,0,,RPPNMLRKPHJFFBT96CA,0.0,0.0,0.0,,
屏東市,房地(土地+建物),屏東縣屏東巿武順街８８號七樓,22.13,住,,,1030702,土地1建物1車位0,七層,七層,華廈(10層含以下有電梯),見其他登記事項,鋼筋混凝土造,0870917,116.10999999999999,3,2,2,有,無,1460000,12574,,0.0,0,,RPXNMLRKPHJFFAT67CA,72.07,0.0,9.39,,
長治鄉,土地,協華段845地號,2096.77,,一般農業區,農牧用地,1030603,土地1建物0車位0,,,其他,,,,0.0,0,0,0,有,無,2100000,1002,,0.0,0,親友、員工或其他特殊關係間之交易。,RPRNMLTKPHJFFAT27CA,0.0,0.0,0.0,,
萬丹鄉,土地,新鐘段755-10地號,238.35,,鄉村區,乙種建築用地,1030627,土地2建物0車位0,,,其他,,,,0.0,0,0,0,有,無,1217800,5109,,0.0,0,,RPSNMLTKPHJFFAT37CA,0.0,0.0,0.0,,
屏東市,房地(土地+建物),屏東縣屏東巿民享一路１４３號五樓之五,32.12,住,,,1030627,土地1建物1車位0,五層，見其他登記事項,五層,公寓(5樓含以下無電梯),見其他登記事項,鋼筋混凝土造,1020916,123.13999999999999,3,1,2,有,有,6300000,51161,,0.0,0,,RPWNMLLLPHJFFAT07CA,73.6,1.76,12.3,,
屏東市,房地(土地+建物),屏東縣屏東巿公園西路１２號,206.0,住,,,1030625,土地1建物1車位0,一層，二層，三層，四層，屋頂突出物，騎樓,四層,店面(店鋪),住商用,鋼筋混凝土造,1020711,530.4,7,2,4,有,無,32000000,60332,,0.0,0,,RPUNMLSLPHJFFAT57CA,469.82,0.0,60.58,,
屏東市,房地(土地+建物),屏東縣屏東巿迪化一街１９巷４號　,252.6,住,,,1030714,土地2建物1車位0,全,二層,透天厝,住家用,鋼筋混凝土加強磚造,,100.32,3,2,2,有,無,7800000,77751,,0.0,0,,RPVNMLSLPHJFFAT67CA,0.0,0.0,0.0,,
屏東市,房地(土地+建物),屏東縣屏東巿豐年街２２５巷４６號,104.0,住,,,1030621,土地1建物1車位0,全,三層,透天厝,住家用,鋼筋混凝土造,0830225,194.64,4,2,3,有,無,7500000,38533,,0.0,0,,RPUNMLPLPHJFFAT27CA,184.43,10.21,0.0,,
屏東市,土地,瑞光段1189-2地號,1410.0,住,,,1030625,土地1建物0車位0,,,其他,,,,0.0,0,0,0,有,無,20100000,14255,,0.0,0,,RPTOMLLMPHJFFAT96CA,0.0,0.0,0.0,,
屏東市,土地,林內段489-1地號,136.0,住,,,1030624,土地2建物0車位0,,,其他,,,,0.0,0,0,0,有,無,6700000,49265,,0.0,0,本案含未辦保存登記建物一棟。,RPROMLLJQHJFFAT56CA,0.0,0.0,0.0,,
屏東市,房地(土地+建物),屏東縣屏東巿民生路１２巷１０之３號,34.67,住,,,1030622,土地1建物1車位0,四層,七層,華廈(10層含以下有電梯),住家用,鋼筋混凝土造,0801016,179.37,4,2,2,有,有,3400000,18955,,0.0,0,,RPQOMLSLPHJFFAT27CA,120.22,0.0,18.71,,
九如鄉,土地,九如段1933-2地號,119.0,,鄉村區,水利用地,1030627,土地1建物0車位0,,,其他,,,,0.0,0,0,0,有,無,888930,7470,,0.0,0,,RPXOMLKMPHJFFAT27CA,0.0,0.0,0.0,,
屏東市,房地(土地+建物),屏東縣屏東巿西樂街１之３號,96.0,住,,,1030704,土地1建物1車位0,全,三層,透天厝,住家用,鋼筋混凝土造,1020813,189.65,5,2,4,有,無,8600000,45347,,0.0,0,,RPRNMLPJQHJFFAT86CA,178.53,0.0,11.12,,
長治鄉,房地(土地+建物),屏東縣長治鄉復興村復興路276-6號,103.94,,鄉村區,乙種建築用地,1030707,土地3建物1車位0,全,三層,透天厝,見其他登記事項,鋼筋混凝土造,0830712,118.05,4,1,2,有,無,1500000,12706,,0.0,0,親友、員工或其他特殊關係間之交易。,RPQNMLOKQHJFFAT76CA,0.0,0.0,0.0,,
屏東市,房地(土地+建物),屏東縣屏東巿廣東路７４４巷６９號,102.0,住,,,1030620,土地2建物1車位0,全,二層,透天厝,住家用,加強磚造,0691210,99.22,5,2,2,有,無,4800000,48377,,0.0,0,,RPWNMLLKQHJFFAT07CA,99.22,0.0,0.0,,
屏東市,房地(土地+建物),屏東縣屏東巿自由路732之4號九樓之一,3.94,住,,,1030707,土地1建物1車位0,九層,十二層,住宅大樓(11層含以上有電梯),住家用,鋼筋混凝土造,0841109,30.950000000000003,1,0,1,有,有,650000,21002,,0.0,0,,RPWOMLQKPHJFFAT57CA,20.95,0.0,2.42,,
屏東市,房地(土地+建物),屏東縣屏東巿重慶路１３４巷１７號,78.0,住,,,1030706,土地1建物1車位0,全,二層,透天厝,住家用,鋼筋混凝土加強磚造,0660321,78.28,4,2,2,有,無,1100000,14052,,0.0,0,1.親友間買賣移轉。2.賣清（買方負擔全部稅規費）,RPPNMLRKPHJFFAT86CA,78.28,0.0,0.0,,
鹽埔鄉,土地,埔段1625-4地號,120.0,其他,,,1030604,土地1建物0車位0,,,其他,,,,0.0,0,0,0,有,無,54000,450,,0.0,0,,RPQNMLOJQHJFFBT86DA,0.0,0.0,0.0,,
屏東市,房地(土地+建物)+車位,屏東縣屏東巿機場北路506號,20.96,住,,,1030623,土地1建物1車位1,一層,十四層,住宅大樓(11層含以上有電梯),見其他登記事項,鋼筋混凝土造,0881204,169.72,3,2,2,有,有,3300000,19444,坡道平面,0.0,0,,RPTNMLQKPHJFFAT27DA,100.16,0.0,12.9,,
屏東市,房地(土地+建物),屏東縣屏東巿民享路82號6樓之1,25.47,住,,,1030714,土地1建物1車位0,六層,七層,住宅大樓(11層含以上有電梯),見其他登記事項,鋼筋混凝土造,0830729,128.73000000000002,3,2,2,有,有,3780000,29364,,0.0,0,,RPRNMLQJQHJFFAT07DA,77.25,0.0,14.01,,
長治鄉,土地,長治段175-2地號,32.0,住,,,1030529,土地1建物0車位0,,,其他,,,,0.0,0,0,0,有,無,351200,10975,,0.0,0,向政府機關承購之案件。,RPRNMLSKPHJFFAT27DA,0.0,0.0,0.0,,
枋寮鄉,土地,北玄段257地號,6869.68,,一般農業區,農牧用地,1030626,土地3建物0車位0,,,其他,,,,0.0,0,0,0,有,無,6720000,978,,0.0,0,,RPQNMLPJQHJFFFT27CA,0.0,0.0,0.0,,
恆春鎮,土地,山腳段131-18地號,4923.0,農,,,1030623,土地2建物0車位0,,,其他,,,,0.0,0,0,0,有,無,19150000,3890,,0.0,0,包括未保存登記建物鐵皮屋二棟,RPQNMLQKPHJFFET27CA,0.0,0.0,0.0,,
車城鄉,土地,興安段69地號,250.12,住,,,1030707,土地2建物0車位0,,,其他,,,,0.0,0,0,0,有,無,2000000,7996,,0.0,0,親友、員工或其他特殊關係間之交易。,RPPNMLSKPHJFFET37CA,0.0,0.0,0.0,,
恆春鎮,土地,水泉段306-2地號,3028.0,,國家公園區,,1030701,土地1建物0車位0,,,其他,,,,0.0,0,0,0,有,無,7570000,2500,,0.0,0,,RPUNMLNLPHJFFET47CA,0.0,0.0,0.0,,
恆春鎮,土地,水泉段306-3地號,3027.0,,國家公園區,,1030701,土地1建物0車位0,,,其他,,,,0.0,0,0,0,有,無,7570000,2501,,0.0,0,,RPVNMLNLPHJFFET57CA,0.0,0.0,0.0,,
枋寮鄉,土地,新龍段208地號,9713.68,農,,,1030306,土地4建物0車位0,,,其他,,,,0.0,0,0,0,有,無,8000000,824,,0.0,0,現況為漁塭使用,RPQNMLQKPHJFFFT37CA,0.0,0.0,0.0,,
新園鄉,土地,新利段1406地號,973.0,,特定農業區,農牧用地,1030609,土地1建物0車位0,,,其他,,,,0.0,0,0,0,有,無,936000,962,,0.0,0,375承租人買回另總價為已扣除承租人應得部份,RPTNMLPJQHJFFDT37CA,0.0,0.0,0.0,,
新園鄉,土地,新利段1406-1地號,973.0,,特定農業區,農牧用地,1030609,土地1建物0車位0,,,其他,,,,0.0,0,0,0,有,無,936000,962,,0.0,0,375承租人買回另總價為已扣除承租人應得部份,RPUNMLPJQHJFFDT47CA,0.0,0.0,0.0,,
新園鄉,土地,新利段1407地號,1946.5,,特定農業區,農牧用地,1030609,土地1建物0車位0,,,其他,,,,0.0,0,0,0,有,無,1605000,825,,0.0,0,375承租人買回另總價為已扣除承租人應得部份,RPVNMLPJQHJFFDT57CA,0.0,0.0,0.0,,
新園鄉,土地,新利段1407-1地號,1946.5,,特定農業區,農牧用地,1030609,土地1建物0車位0,,,其他,,,,0.0,0,0,0,有,無,1605000,825,,0.0,0,375承租人買回另總價為已扣除承租人應得部份,RPWNMLPJQHJFFDT67CA,0.0,0.0,0.0,,
潮州鎮,房地(土地+建物),屏東縣潮州鎮自由路２３９巷２號,82.59,住,,,1030620,土地1建物1車位0,全,二層,透天厝,住商用,加強磚造,0690508,96.0,3,1,2,有,無,2000000,20833,,0.0,0,,RPRNMLNJQHJFFCT86CA,96.0,0.0,0.0,,
潮州鎮,房地(土地+建物),屏東縣潮州鎮博愛路３５號,64.61,住,,,1030618,土地1建物1車位0,全,二層,透天厝,住家用,加強磚造,0650604,96.8,3,2,2,有,無,3000000,30992,,0.0,0,,RPTNMLPJQHJFFCT27CA,96.8,0.0,0.0,,
內埔鄉,房地(土地+建物),屏東縣內埔鄉學興路６８巷３８號,107.32,住,,,1030614,土地2建物1車位0,全,三層,透天厝,住家用,鋼筋混凝土造,0911212,166.01,4,1,3,有,無,4650000,28010,,0.0,0,,RPUNMLKMPHJFFCT07CA,150.92,0.0,15.09,,
萬巒鄉,土地,四溝水段667地號,459.0,,一般農業區,農牧用地,1030628,土地1建物0車位0,,,其他,,,,0.0,0,0,0,有,無,266220,580,,0.0,0,1.親友間買賣移轉。2.祭祀公業買賣土地移轉,RPXNMLQKPHJFFCT77CA,0.0,0.0,0.0,,
潮州鎮,土地,劉厝庄段1113地號,2080.19,,一般農業區,農牧用地,1030703,土地1建物0車位0,,,其他,,,,0.0,0,0,0,有,無,1286800,619,,0.0,0,,RPUNMLQKPHJFFCT47CA,0.0,0.0,0.0,,
內埔鄉,房地(土地+建物),屏東縣內埔鄉德美路２５０號,105.6,住,,,1030619,土地1建物1車位0,全,三層,透天厝,見其他登記事項,見其他登記事項,1030425,223.83,5,2,5,有,無,7800000,34848,,0.0,0,,RPVNMLRKPHJFFCT67CA,199.08,0.0,24.75,,
潮州鎮,土地,光華段15地號,1404.52,,一般農業區,農牧用地,1030208,土地1建物0車位0,,,其他,,,,0.0,0,0,0,有,無,1806750,1286,,0.0,0,,RPVNMLSKPHJFFCT77CA,0.0,0.0,0.0,,
內埔鄉,土地,頭鏢段76地號,2257.0,,一般農業區,農牧用地,1030528,土地2建物0車位0,,,其他,,,,0.0,0,0,0,有,無,2000000,886,,0.0,0,,RPPNMLQKPHJFFCT96CA,0.0,0.0,0.0,,
萬巒鄉,土地,見月段995地號,5142.29,,一般農業區,農牧用地,1030704,土地1建物0車位0,,,其他,,,,0.0,0,0,0,有,無,8745000,1701,,0.0,0,,RPRNMLQKPHJFFCT17CA,0.0,0.0,0.0,,
潮州鎮,土地,愛國段261地號,228.18,住,,,1030701,土地1建物0車位0,,,其他,,,,0.0,0,0,0,有,無,8461852,37084,,0.0,0,,RPTNMLLLPHJFFCT96CA,0.0,0.0,0.0,,
萬巒鄉,土地,赤山段542-3地號,8183.0,,一般農業區,農牧用地,1030630,土地1建物0車位0,,,其他,,,,0.0,0,0,0,有,無,8430000,1030,,0.0,0,,RPPOMLLLPHJFFCT66CA,0.0,0.0,0.0,,
潮州鎮,房地(土地+建物),屏東縣潮州鎮興隆路６５號,141.78,住,,,1030704,土地1建物1車位0,全,四層,透天厝,見其他登記事項,見其他登記事項,1010523,369.02,6,2,7,有,無,17580000,47640,,0.0,0,,RPUOMLSKPHJFFCT77CA,325.35,11.95,31.72,,
內埔鄉,土地,中林段326地號,1103.97,農,,,1030701,土地1建物0車位0,,,其他,,,,0.0,0,0,0,有,無,1750000,1585,,0.0,0,,RPPNMLLLPHJFFCT56CA,0.0,0.0,0.0,,
東港鎮,房地(土地+建物),屏東縣東港鎮興東路４７之２９號,104.52,住,,,1030626,土地1建物1車位0,全,二層,透天厝,住宅,加強磚造,0771219,125.26,3,2,2,有,無,4500000,35925,,0.0,0,,RPOOMLQKPHJFFDT07CA,120.0,5.26,0.0,,
林邊鄉,土地,竹林段836地號,2417.26,,一般農業區,農牧用地,1030703,土地4建物0車位0,,,其他,,,,0.0,0,0,0,有,無,3250000,1344,,0.0,0,,RPRNMLRKPHJFFDT37CA,0.0,0.0,0.0,,
東港鎮,房地(土地+建物),屏東縣東港鎮水源一街３２巷４７弄１號七樓,19.26,住,,,1030701,土地1建物1車位0,七層,十三層,住宅大樓(11層含以上有電梯),見其他登記事項,鋼筋混凝土造,0850918,82.87,3,2,2,有,無,2150000,25944,,0.0,0,,RPVNMLQKPHJFFDT67CA,73.0,0.0,9.87,,
潮州鎮,房地(土地+建物),屏東縣潮州鎮福星路331號六樓之27,14.47,住,,,1030620,土地1建物1車位0,六層，電梯樓梯間,八層,華廈(10層含以下有電梯),住家用,鋼筋混凝土造,0831109,98.98,3,2,1,有,無,1600000,16165,,0.0,0,,RPUNMLPKQHJFFCT47CA,83.45,0.0,5.14,,
內埔鄉,土地,新東勢段59-13地號,3466.5,,一般農業區,農牧用地,1030528,土地2建物0車位0,,,其他,,,,0.0,0,0,0,有,無,3000000,865,,0.0,0,親友間之交易。,RPWOMLMKQHJFFCT47CA,0.0,0.0,0.0,,
竹田鄉,土地,美崙段13-1地號,1426.0,,特定農業區,農牧用地,1030607,土地1建物0車位0,,,其他,,,,0.0,0,0,0,有,無,5360000,3759,,0.0,0,,RPXOMLMKQHJFFCT57CA,0.0,0.0,0.0,,
內埔鄉,土地,學人段421地號,68.4,住,,,1030616,土地1建物0車位0,,,其他,,,,0.0,0,0,0,有,無,800000,11696,,0.0,0,畸零地或有合併使用之交易。,RPQOMLNKQHJFFCT96CA,0.0,0.0,0.0,,
潮州鎮,土地,光華段101-1地號,10669.36,,一般農業區,農牧用地,1030627,土地1建物0車位0,,,其他,,,,0.0,0,0,0,有,無,22000000,2062,,0.0,0,受債權債務影響或債務抵償之交易。,RPWNMLMKQHJFFCT37CA,0.0,0.0,0.0,,
東港鎮,房地(土地+建物),屏東縣東港鎮環美路８號,242.73,,一般農業區,丁種建築用地,1030609,土地1建物1車位0,一層，二層,二層,其他,廠房,鋼筋混凝土構造,1020313,261.03,5,2,3,有,無,8399000,32176,,0.0,0,,RPQNMLLLPHJFFDT76CA,251.05,9.98,0.0,,
琉球鄉,土地,花矸段832地號,11.6,其他,,,1030708,土地1建物0車位0,,,其他,,,,0.0,0,0,0,有,無,42102,3629,,0.0,0,,RPQNMLKLPHJFFDT66CA,0.0,0.0,0.0,,
東港鎮,房地(土地+建物),屏東縣東港鎮興東路４７之４１號,108.04,住,,,1030617,土地1建物1車位0,全,二層,透天厝,住宅,加強磚造,0771219,125.26,4,2,2,有,無,3900000,31135,,0.0,0,,RPTNMLQKPHJFFDT47CA,120.0,5.26,0.0,,
竹田鄉,土地,南勢段一小段208地號,2257.0,,特定農業區,農牧用地,1030702,土地1建物0車位0,,,其他,,,,0.0,0,0,0,有,無,3606000,1598,,0.0,0,農地[包括地上物],RPSNMLMLPHJFFCT96CA,0.0,0.0,0.0,,
潮州鎮,房地(土地+建物),屏東縣潮州鎮朝昇路１３８號,141.73,商,,,1030702,土地3建物1車位0,全,五層,透天厝,住商用,鋼筋混凝土造,0830523,677.45,5,5,5,有,無,16500000,24356,,0.0,0,,RPTNMLOLPHJFFCT27CA,669.71,7.74,0.0,,
東港鎮,房地(土地+建物),屏東縣東港鎮興東路８０之７８號,81.65,住,,,1030625,土地1建物1車位0,全,三層,透天厝,住宅,鋼筋混凝土造,0960205,173.65,4,1,3,有,無,5500000,31673,,0.0,0,,RPROMLLJQHJFFDT86CA,122.68,9.09,41.88,,
枋寮鄉,房地(土地+建物),屏東縣枋寮鄉復興路１０６巷３９之２號,72.53,住,,,1030627,土地1建物1車位0,全,二層,透天厝,住家用,鋼筋混凝土造,0810124,100.68,4,1,2,有,無,2000000,19865,,0.0,0,,RPPNMLRKPHJFFFT37CA,85.86,14.82,0.0,,
獅子鄉,土地,草埔段329地號,970.0,,山坡地保育區,農牧用地,1030703,土地1建物0車位0,,,其他,,,,0.0,0,0,0,有,無,58200,60,,0.0,0,親友、員工或其他特殊關係間之交易。,RPPNMLSKPHJFFFT47CA,0.0,0.0,0.0,,
佳冬鄉,房地(土地+建物),屏東縣佳冬鄉文化二路１１８之５號,210.51,住,,,1030524,土地2建物1車位0,全,三層,透天厝,住家用,鋼筋混凝土造,1021218,220.82,5,2,4,有,無,6060000,27443,,0.0,0,,RPPNMLPLPHJFFFT27CA,196.29,0.0,24.53,,
恆春鎮,房地(土地+建物),屏東縣恆春鎮北門路３９巷９號,75.0,商,,,1030707,土地1建物1車位0,全,二層,透天厝,住家用,鋼筋混凝土造,,99.82,2,2,2,有,無,3900000,39070,,0.0,0,,RPXNMLTLPHJFFET38CA,0.0,0.0,0.0,,
恆春鎮,土地,大平頂段下大平頂小段46-5地號,509.0,,山坡地保育區,丙種建築用地,1030621,土地1建物0車位0,,,其他,,,,0.0,0,0,0,有,無,4380000,8605,,0.0,0,,RPRNMLLKQHJFFET96CA,0.0,0.0,0.0,,
屏東市,房地(土地+建物)+車位,屏東縣屏東巿華盛街7號10樓之3,51.8,住,,,1030627,土地1建物1車位1,十層,十四層,住宅大樓(11層含以上有電梯),見其他登記事項,鋼筋混凝土造,0930909,205.76999999999998,4,2,2,有,有,3700000,17981,坡道平面,0.0,0,,RPOOMLNKQHJFFAT66DA,117.73,0.0,12.25,,
屏東市,房地(土地+建物),屏東縣屏東巿崇德一路３２之９號,87.31,住,,,1030715,土地4建物1車位0,全,四層,透天厝,見其他登記事項,鋼筋混凝土造,1020905,169.22,3,2,3,有,無,6600000,39002,,0.0,0,,RPUNMLRKPHJFFAT37CA,153.04,0.0,16.18,,
屏東市,房地(土地+建物),屏東縣屏東巿武昌街110號,202.0,住,,,1030625,土地1建物1車位0,全,四層,透天厝,住家用,鋼筋混凝土造,1030311,276.58,5,2,3,有,無,18700000,67612,,0.0,0,,RPTOMLNKQHJFFAT07CA,0.0,0.0,0.0,,
屏東市,房地(土地+建物),屏東縣屏東巿林森路東四段６０巷８號,87.0,住,,,1030623,土地1建物1車位0,全,二層,透天厝,住家用,鋼筋混凝土加強磚造,0641013,84.0,4,2,3,有,無,5300000,63095,,0.0,0,,RPPOMLSLPHJFFAT17CA,84.0,0.0,0.0,,
屏東市,房地(土地+建物),屏東縣屏東巿信義路７３之１號,90.0,商,,,1030517,土地3建物1車位0,一層，二層，三層，騎樓,三層,店面(店鋪),住商用,鋼筋混凝土加強磚造,0650125,206.37,1,1,3,有,無,7000000,33920,,0.0,0,,RPVNMLLJQHJFFAT86CA,206.37,0.0,0.0,,
屏東市,土地,勝興段266地號,219.49,其他,,,1030708,土地1建物0車位0,,,其他,,,,0.0,0,0,0,有,無,292332,1332,,0.0,0,包含公共設施保留地之交易。,RPRNMLLJQHJFFAT09CA,0.0,0.0,0.0,,
屏東市,房地(土地+建物),屏東縣屏東巿廣勝路３９１巷１１號,133.77,住,,,1030618,土地4建物1車位0,全,三層,透天厝,住家用,鋼筋混凝土造,1020723,213.64,5,2,5,有,無,9520000,44561,,0.0,0,,RPTNMLNJQHJFFAT86CA,188.1,0.0,25.54,,
屏東市,房地(土地+建物),屏東縣屏東巿廣勝路３９１巷４０號,135.77,住,,,1030615,土地4建物1車位0,全,三層,透天厝,住家用,鋼筋混凝土造,1020723,221.08,5,2,5,有,無,9600000,43423,,0.0,0,,RPUNMLNJQHJFFAT96CA,194.9,0.0,26.18,,
屏東市,房地(土地+建物),屏東縣屏東巿廣勝路３９１巷２１號,133.77,住,,,1030621,土地4建物1車位0,全,三層,透天厝,住家用,鋼筋混凝土造,1020723,213.64,5,2,5,有,無,9520000,44561,,0.0,0,,RPVNMLNJQHJFFAT07CA,188.1,0.0,25.54,,
屏東市,房地(土地+建物)+車位,屏東縣屏東巿復興南路一段３７６巷９９弄１０號,43.18,,鄉村區,乙種建築用地,1030607,土地1建物1車位1,一層，地下一層,五層,華廈(10層含以下有電梯),住家用,鋼筋混凝土造,0831230,146.55,3,2,2,有,無,2150000,14671,一樓平面,0.0,0,,RPQNMLPLPHJFFAT86CA,102.35,8.88,0.0,,
長治鄉,房地(土地+建物),屏東縣長治鄉香潭路１０１號三樓之三,22.21,住,,,1030619,土地1建物1車位0,三層,七層,華廈(10層含以下有電梯),見其他登記事項,鋼筋混凝土造,0831116,110.18,3,2,2,有,有,2050000,18606,,0.0,0,,RPWNMLSLPHJFFAT77CA,79.81,0.0,8.3,,
屏東市,房地(土地+建物),屏東縣屏東巿復興南路一段２３１巷５弄８號,65.01,,鄉村區,乙種建築用地,1030508,土地1建物1車位0,全,二層,透天厝,住家用,鋼筋混凝土加強磚造,,94.1,4,2,2,有,無,2600000,27630,,0.0,0,,RPVOMLOLPHJFFAT37CA,94.1,0.0,0.0,,
萬丹鄉,房地(土地+建物),屏東縣萬丹鄉惠安路５９巷１５弄９號,111.0,住,,,1030621,土地1建物1車位0,全,二層,透天厝,住家用,加強磚造,0741022,130.62,4,3,3,有,無,2250000,17226,,0.0,0,含增建或未登記建物。,RPOOMLRKPHJFFAT86CA,127.2,3.42,0.0,,
屏東市,房地(土地+建物),屏東縣屏東巿公裕街３０３之１號,146.0,住,,,1030627,土地1建物1車位0,全,三層,透天厝,住家用,見其他登記事項,1020813,246.58,5,2,4,有,無,14700000,59616,,0.0,0,,RPQNMLSKPHJFFAT07CA,232.42,0.0,14.16,,
九如鄉,土地,東寧段418-12地號,7163.0,,一般農業區,農牧用地,1030627,土地1建物0車位0,,,其他,,,,0.0,0,0,0,有,無,8960000,1251,,0.0,0,,RPQOMLSKPHJFFAT17CA,0.0,0.0,0.0,,
內埔鄉,土地,忠心崙段1083-29地號,5.14,,河川區,農牧用地,1030709,土地1建物0車位0,,,其他,,,,0.0,0,0,0,有,無,3647,710,,0.0,0,協議價購,RPWNMLLMPHJFFCT47DA,0.0,0.0,0.0,,
萬巒鄉,土地,新厝段312-5地號,4784.0,,一般農業區,農牧用地,1030704,土地1建物0車位0,,,其他,,,,0.0,0,0,0,有,無,3452400,722,,0.0,0,,RPOOMLMKQHJFFCT76DA,0.0,0.0,0.0,,
內埔鄉,土地,忠心崙段1083-29地號,4.4,,河川區,農牧用地,1030709,土地1建物0車位0,,,其他,,,,0.0,0,0,0,有,無,3121,709,,0.0,0,協議價購,RPOOMLLMPHJFFCT76DA,0.0,0.0,0.0,,
內埔鄉,土地,忠心崙段1083-29地號,4.06,,河川區,農牧用地,1030709,土地1建物0車位0,,,其他,,,,0.0,0,0,0,有,無,2881,710,,0.0,0,協議價購,RPSNMLLMPHJFFCT07DA,0.0,0.0,0.0,,
內埔鄉,土地,忠心崙段1083-29地號,7.93,,河川區,農牧用地,1030709,土地1建物0車位0,,,其他,,,,0.0,0,0,0,有,無,5634,710,,0.0,0,協議價購,RPTNMLLMPHJFFCT17DA,0.0,0.0,0.0,,
內埔鄉,房地(土地+建物),屏東縣內埔鄉展興路3號,87.65,,鄉村區,乙種建築用地,1030704,土地1建物1車位0,全,三層,透天厝,住家用,鋼筋混凝土造,0810328,167.22,4,2,3,有,無,2000000,11960,,0.0,0,朋友殊關係間之交易。,RPWNMLSKPHJFFCT97DA,159.96,7.26,0.0,,
恆春鎮,土地,鵝鑾鼻段353-7地號,1069.0,,國家公園區,,1030716,土地1建物0車位0,,,其他,,,,0.0,0,0,0,有,無,1035000,968,,0.0,0,向政府機關承購之案件。,RPPNMLRKPHJFFET37DA,0.0,0.0,0.0,,
琉球鄉,土地,本漁段602地號,113.77,其他,,,1030701,土地4建物0車位0,,,其他,,,,0.0,0,0,0,有,無,300000,2637,,0.0,0,,RPPNMLRKPHJFFDT27DA,0.0,0.0,0.0,,
南州鄉,土地,同安段1203地號,2734.41,,一般農業區,農牧用地,1030627,土地1建物0車位0,,,其他,,,,0.0,0,0,0,有,無,6000000,2194,,0.0,0,,RPQNMLRKPHJFFDT37DA,0.0,0.0,0.0,,
內埔鄉,土地,忠心崙段1083-57地號,47.34,,河川區,農牧用地,1030709,土地2建物0車位0,,,其他,,,,0.0,0,0,0,有,無,32773,692,,0.0,0,協議價購,RPPOMLLMPHJFFCT86DA,0.0,0.0,0.0,,
內埔鄉,土地,忠心崙段1083-58地號,21.34,,河川區,農牧用地,1030709,土地2建物0車位0,,,其他,,,,0.0,0,0,0,有,無,14833,695,,0.0,0,協議價購,RPQOMLLMPHJFFCT96DA,0.0,0.0,0.0,,
枋寮鄉,房地(土地+建物),屏東縣枋寮鄉金山路１７２號,106.22,住,,,1030629,土地1建物1車位0,全,三層,透天厝,住家用,鋼筋混凝土造,0801227,181.42,3,3,3,有,無,2000000,11024,,0.0,0,,RPPNMLLLPHJFFFT07EA,181.42,0.0,0.0,,
屏東市,房地(土地+建物),屏東縣屏東巿瑞屏街３１巷６弄２８號,106.41,住,,,1030616,土地4建物1車位0,全,四層,透天厝,見其他登記事項,鋼筋混凝土造,0960725,195.16,5,2,4,有,無,5500000,28182,,0.0,0,,RPROMLRKPHJFFAT17CA,169.11,5.14,20.91,,
屏東市,房地(土地+建物),屏東縣屏東巿機場北路５３２號四樓,17.4,住,,,1030630,土地1建物1車位0,四層,十四層,住宅大樓(11層含以上有電梯),見其他登記事項,鋼筋混凝土造,0881204,122.14999999999999,3,1,2,有,有,2300000,18829,,0.0,0,,RPXNMLLLPHJFFAT17CA,79.66,0.0,12.72,,
九如鄉,土地,九清段313地號,990.33,,特定農業區,農牧用地,1030628,土地2建物0車位0,,,其他,,,,0.0,0,0,0,有,無,1800000,1818,,0.0,0,,RPPPMLOLPHJFFAT86CA,0.0,0.0,0.0,,
屏東市,房地(土地+建物),屏東縣屏東巿復興路２２９巷６號十樓之二,15.58,住,,,1030627,土地1建物1車位0,十層,十四層,住宅大樓(11層含以上有電梯),住家用,鋼筋混凝土造,0871214,121.39999999999999,3,2,2,有,有,3000000,24712,,0.0,0,,RPWNMLMLPHJFFAT17CA,82.13,0.0,12.39,,
屏東市,房地(土地+建物),屏東縣屏東巿光復路２１７巷１４號,43.0,住,,,1030620,土地1建物1車位0,全,二層,透天厝,住家用,鋼筋混凝土加強磚造,,66.96,2,2,2,有,無,2200000,32855,,0.0,0,,RPSOMLMLPHJFFAT86CA,66.96,0.0,0.0,,
九如鄉,房地(土地+建物),屏東縣九如鄉東寧路１５之３號,3174.0,,特定農業區,丁種建築用地,1030707,土地1建物1車位0,一層，二層，地下層,二層,廠辦,見其他登記事項,見其他登記事項,0781106,1951.79,0,0,0,無,無,30000000,15371,,0.0,0,,RPOOMLOJQHJFFAT56CA,1924.39,27.4,0.0,,
屏東市,房地(土地+建物),屏東縣屏東巿長春里民榮街２０號,167.0,住,,,1030703,土地1建物1車位0,全,二層,透天厝,住家用,加強磚造,0740209,180.73,5,2,4,有,無,12000000,66397,,0.0,0,,RPTNMLLKQHJFFAT76CA,177.2,3.53,0.0,,
里港鄉,土地,玉田段956地號,1456.0,住,,,1030704,土地3建物0車位0,,,其他,,,,0.0,0,0,0,有,無,11800000,8104,,0.0,0,,RPRNMLSKPHJFFBT27CA,0.0,0.0,0.0,,
高樹鄉,土地,阿拔泉段737-1地號,1741.0,,一般農業區,農牧用地,1030630,土地1建物0車位0,,,其他,,,,0.0,0,0,0,有,無,3150000,1809,,0.0,0,,RPPNMLLLPHJFFBT09CA,0.0,0.0,0.0,,
高樹鄉,土地,田子段391地號,6148.0,,一般農業區,農牧用地,1030716,土地1建物0車位0,,,其他,,,,0.0,0,0,0,有,無,5700000,927,,0.0,0,,RPRNMLLLPHJFFBT66CA,0.0,0.0,0.0,,
鹽埔鄉,土地,鹽東段360-1地號,5573.03,,一般農業區,農牧用地,1030703,土地1建物0車位0,,,其他,,,,0.0,0,0,0,有,無,6320000,1134,,0.0,0,,RPPNMLMLPHJFFBT56CA,0.0,0.0,0.0,,
里港鄉,土地,里平段1069-1地號,415.0,住,,,1030708,土地2建物0車位0,,,其他,,,,0.0,0,0,0,有,無,3900000,9398,,0.0,0,,RPQNMLMLPHJFFBT66CA,0.0,0.0,0.0,,
里港鄉,土地,新土庫段　1253地號,781.8,,一般農業區,農牧用地,1030711,土地1建物0車位0,,,其他,,,,0.0,0,0,0,有,無,900000,1151,,0.0,0,,RPSNMLLJQHJFFBT66CA,0.0,0.0,0.0,,
高樹鄉,土地,源泉段341地號,237.4,,鄉村區,乙種建築用地,1030701,土地4建物0車位0,,,其他,,,,0.0,0,0,0,有,無,1053440,4437,,0.0,0,,RPPNMLTLPHJFFBT27CA,0.0,0.0,0.0,,
鹽埔鄉,房地(土地+建物),屏東縣鹽埔鄉洛寧路98號及88號,239.71,,一般農業區,甲種建築用地,1030621,土地2建物2車位0,全,三層,透天厝,住家用,鋼筋混凝土造,0920424,230.75,5,2,4,有,無,7000000,30336,,0.0,0,,RPVNMLTLPHJFFBT87CA,175.98,0.0,54.08,,
高樹鄉,土地,加蚋埔段547-319地號,3865.0,,一般農業區,農牧用地,1030701,土地1建物0車位0,,,其他,,,,0.0,0,0,0,有,無,2900000,750,,0.0,0,,RPPNMLSKPHJFFBT17DA,0.0,0.0,0.0,,
高樹鄉,土地,長榮段670-9地號,339.0,農,,,1030630,土地1建物0車位0,,,其他,,,,0.0,0,0,0,有,無,918000,2708,,0.0,0,,RPQNMLSKPHJFFBT27DA,0.0,0.0,0.0,,
枋寮鄉,土地,隆山北段154地號,4505.44,,一般農業區,農牧用地,1030704,土地2建物0車位0,,,其他,,,,0.0,0,0,0,有,無,4176000,927,,0.0,0,,RPRNMLRJQHJFFFT57CA,0.0,0.0,0.0,,
車城鄉,土地,射埔段316地號,2595.87,,一般農業區,農牧用地,1030703,土地1建物0車位0,,,其他,,,,0.0,0,0,0,有,無,3000000,1156,,0.0,0,,RPPNMLOLPHJFFET07CA,0.0,0.0,0.0,,
佳冬鄉,土地,石光段1263地號,170.73,住,,,1030601,土地1建物0車位0,,,其他,,,,0.0,0,0,0,有,無,2200000,12886,,0.0,0,,RPSNMLSLPHJFFFT87CA,0.0,0.0,0.0,,
枋寮鄉,土地,東海段632地號,162.0,,工業區,丁種建築用地,1030715,土地1建物0車位0,,,其他,,,,0.0,0,0,0,有,無,900000,5556,,0.0,0,,RPQNMLSKPHJFFFT57CA,0.0,0.0,0.0,,
東港鎮,房地(土地+建物),屏東縣東港鎮興東路８１之２３號,75.0,住,,,1030620,土地1建物1車位0,全,四層,透天厝,住家用,鋼筋混凝土造,0831121,143.95,4,2,3,有,無,2320000,16117,,0.0,0,,RPXNMLPJQHJFFDT77CA,137.03,0.0,6.92,,
林邊鄉,土地,下庄段320地號,8.17,,一般農業區,農牧用地,1030708,土地1建物0車位0,,,其他,,,,0.0,0,0,0,有,無,5890,721,,0.0,0,,RPSNMLSLPHJFFDT67CA,0.0,0.0,0.0,,
東港鎮,房地(土地+建物),屏東縣東港鎮大成路２２巷４０號,88.92,住,,,1030624,土地1建物1車位0,全,三層,透天厝,住宅,鋼筋混凝土構造,1021224,196.78,6,2,5,有,無,8960000,45533,,0.0,0,,RPVNMLSLPHJFFDT97CA,150.54,24.86,21.38,,
東港鎮,房地(土地+建物),屏東縣東港鎮大成路２２巷２０號,93.45,住,,,1030624,土地1建物1車位0,全,三層,透天厝,住宅,鋼筋混凝土構造,1021224,199.13,6,2,5,有,無,10470000,52579,,0.0,0,,RPWNMLSLPHJFFDT08CA,161.11,24.92,13.1,,
東港鎮,房地(土地+建物),屏東縣東港鎮大成路２２巷３８號,88.92,住,,,1030428,土地1建物1車位0,全,三層,透天厝,住宅,鋼筋混凝土構造,1021224,196.78,5,3,5,有,無,9000000,45736,,0.0,0,,RPXNMLSLPHJFFDT18CA,150.54,24.86,21.38,,
內埔鄉,房地(土地+建物),屏東縣內埔鄉永平街６２號,83.57,住,,,1030707,土地1建物1車位0,全,三層,透天厝,見其他登記事項,見其他登記事項,1030317,159.05,4,2,3,有,無,6000000,37724,,0.0,0,,RPXOMLMLPHJFFCT57CA,141.36,0.0,17.69,,
內埔鄉,房地(土地+建物),屏東縣內埔鄉德美路２３９號,257.0,住,,,1030707,土地1建物1車位0,全,三層,透天厝,見其他登記事項,見其他登記事項,1030317,415.02,22,1,23,有,無,12000000,28914,,0.0,0,,RPOPMLMLPHJFFCT76CA,397.29,0.0,17.73,,
內埔鄉,土地,圳頭段575地號,10868.32,,一般農業區,農牧用地,1030630,土地1建物0車位0,,,其他,,,,0.0,0,0,0,有,無,16000000,1472,,0.0,0,,RPRNMLLLPHJFFCT76CA,0.0,0.0,0.0,,
竹田鄉,土地,新勢段1613地號,3278.0,,特定農業區,農牧用地,1030710,土地2建物0車位0,,,其他,,,,0.0,0,0,0,有,無,5408000,1650,,0.0,0,,RPSNMLSKPHJFFCT47CA,0.0,0.0,0.0,,
內埔鄉,建物,屏東縣內埔鄉新中路３１２號,0.0,,,,1030704,土地0建物1車位0,全,一層,透天厝,農舍,加強磚造,0700903,77.4,2,1,1,有,無,1000000,12920,,0.0,0,,RPQNMLSKPHJFFCT27CA,77.4,0.0,0.0,,
萬巒鄉,土地,四溝水段867地號,785.0,,一般農業區,農牧用地,1030702,土地2建物0車位0,,,其他,,,,0.0,0,0,0,有,無,900000,1146,,0.0,0,祭祀公業之買賣,RPQOMLSLPHJFFCT47CA,0.0,0.0,0.0,,
新埤鄉,土地,南岸段443-6地號,275.0,,特定農業區,甲種建築用地,1030703,土地1建物0車位0,,,其他,,,,0.0,0,0,0,有,無,665000,2418,,0.0,0,,RPUNMLPJQHJFFCT37CA,0.0,0.0,0.0,,
竹田鄉,土地,鳳明段992地號,2284.0,,特定農業區,農牧用地,1030520,土地2建物0車位0,,,其他,,,,0.0,0,0,0,有,無,3532000,1546,,0.0,0,,RPXNMLLJQHJFFCT27CA,0.0,0.0,0.0,,
林邊鄉,土地,光林段112地號,33.74,住,,,1030701,土地1建物0車位0,,,其他,,,,0.0,0,0,0,有,無,425142,12601,,0.0,0,,RPRNMLPLPHJFFDT27CA,0.0,0.0,0.0,,
東港鎮,房地(土地+建物),屏東縣東港鎮環美三街３１號,228.62,,一般農業區,丁種建築用地,1030512,土地1建物1車位0,一層，二層,二層,其他,廠房,鋼筋混凝土構造,1020315,260.96,5,2,3,有,無,7500000,28740,,0.0,0,,RPSNMLLLPHJFFDT96CA,248.78,12.18,0.0,,
東港鎮,房地(土地+建物),屏東縣東港鎮環美一街７號,225.4,,一般農業區,丁種建築用地,1030428,土地1建物1車位0,一層，二層,二層,其他,廠房,鋼筋混凝土構造,1020313,260.96,5,2,3,有,無,7450000,28548,,0.0,0,,RPTNMLLLPHJFFDT07CA,248.78,12.18,0.0,,
竹田鄉,土地,頓物段771-3地號,2802.46,農,,,1030608,土地2建物0車位0,,,其他,,,,0.0,0,0,0,有,無,6165000,2200,,0.0,0,,RPQOMLMKQHJFFCT86CA,0.0,0.0,0.0,,
竹田鄉,土地,頓物段92-5地號,1323.02,農,,,1030625,土地2建物0車位0,,,其他,,,,0.0,0,0,0,有,無,6400000,4837,,0.0,0,,RPRNMLOKQHJFFCT07CA,0.0,0.0,0.0,,
內埔鄉,房地(土地+建物),屏東縣內埔鄉學人路267-8號4樓,8.06,,鄉村區,乙種建築用地,1030702,土地1建物1車位0,四層,六層,華廈(10層含以下有電梯),住家用,鋼筋混凝土造,0840710,28.259999999999998,1,1,1,有,有,420000,14862,,0.0,0,,RPXNMLOKQHJFFCT67CA,14.78,0.0,2.31,,
潮州鎮,土地,光華段657地號,153.73,住,,,1030704,土地3建物0車位0,,,其他,,,,0.0,0,0,0,有,無,1366214,8887,,0.0,0,,RPPOMLPKQHJFFCT07CA,0.0,0.0,0.0,,
潮州鎮,土地,光華段657地號,51.24,住,,,1030704,土地3建物0車位0,,,其他,,,,0.0,0,0,0,有,無,455300,8886,,0.0,0,,RPQOMLPKQHJFFCT17CA,0.0,0.0,0.0,,
潮州鎮,土地,光華段657地號,204.98,住,,,1030704,土地3建物0車位0,,,其他,,,,0.0,0,0,0,有,無,1818688,8873,,0.0,0,,RPSOMLPKQHJFFCT37CA,0.0,0.0,0.0,,
內埔鄉,房地(土地+建物),屏東縣內埔鄉學興路２８巷２０號八樓,19.9,住,,,1030708,土地1建物1車位0,八層,八層,華廈(10層含以下有電梯),住家用,鋼筋混凝土造,0840120,133.48,4,2,1,有,有,1300000,9739,,0.0,0,,RPUOMLMKQHJFFCT27CA,73.07,1.0,14.87,,
潮州鎮,房地(土地+建物),屏東縣潮州鎮太平路232號7樓之10,26.12,住,,,1030611,土地1建物1車位0,七層,七層,華廈(10層含以下有電梯),住家用,鋼筋混凝土造,0830812,152.82,3,2,1,有,無,1600000,10470,,0.0,0,,RPSNMLOKQHJFFCT17CA,87.0,0.0,8.3,,
潮州鎮,房地(土地+建物),屏東縣潮州鎮海康街212號1樓之3,23.86,住,,,1030612,土地1建物1車位0,一層，二層，三層,三層,華廈(10層含以下有電梯),住家用,鋼筋混凝土造,0790817,118.5,4,2,1,有,有,3500000,29536,,0.0,0,,RPUNMLOKQHJFFCT37CA,0.0,0.0,0.0,,
南州鄉,土地,同安段1426地號,3096.77,,一般農業區,農牧用地,1030519,土地3建物0車位0,,,其他,,,,0.0,0,0,0,有,無,5000000,1615,,0.0,0,,RPXNMLLLPHJFFDT47CA,0.0,0.0,0.0,,
東港鎮,土地,東港段450-193地號,263.0,工,,,1030710,土地2建物0車位0,,,其他,,,,0.0,0,0,0,有,無,4050200,15400,,0.0,0,,RPPNMLSKPHJFFDT27CA,0.0,0.0,0.0,,
東港鎮,房地(土地+建物),屏東縣東港鎮環美三街２７號,225.4,,一般農業區,丁種建築用地,1030512,土地1建物1車位0,一層，二層,二層,其他,廠房,鋼筋混凝土構造,1020315,260.96,5,2,3,有,無,7450000,28548,,0.0,0,,RPRNMLLLPHJFFDT86CA,248.78,12.18,0.0,,
潮州鎮,房地(土地+建物),屏東縣潮州鎮興隆路３０號,97.82,住,,,1030615,土地1建物1車位0,全,三層,透天厝,見其他登記事項,見其他登記事項,1030324,229.43,4,2,4,有,無,10150000,44240,,0.0,0,,RPUNMLQJQHJFFCT47CA,214.27,0.0,15.16,,
潮州鎮,土地,五魁段30地號,2107.9,,一般農業區,農牧用地,1030706,土地1建物0車位0,,,其他,,,,0.0,0,0,0,有,無,6600000,3131,,0.0,0,,RPQNMLRLPHJFFCT27CA,0.0,0.0,0.0,,
萬巒鄉,土地,五溝水段75-4地號,20521.53,,一般農業區,農牧用地,1030430,土地6建物0車位0,,,其他,,,,0.0,0,0,0,有,無,9943000,485,,0.0,0,,RPQNMLPLPHJFFCT07CA,0.0,0.0,0.0,,
內埔鄉,土地,內田段290地號,422.94,住,,,1030701,土地3建物0車位0,,,其他,,,,0.0,0,0,0,有,無,5600000,13241,,0.0,0,,RPPNMLTKPHJFFCT27CA,0.0,0.0,0.0,,
竹田鄉,土地,美崙段915地號,1202.0,,特定農業區,農牧用地,1030707,土地1建物0車位0,,,其他,,,,0.0,0,0,0,有,無,3900000,3245,,0.0,0,農地[包括地上物],RPTNMLMLPHJFFCT07CA,0.0,0.0,0.0,,
內埔鄉,房地(土地+建物),屏東縣內埔鄉仁和路８２號,98.72,住,,,1030707,土地1建物1車位0,全,四層,透天厝,住商用,見其他登記事項,1010801,229.87,4,2,5,有,無,12000000,52203,,0.0,0,,RPQOMLLLPHJFFCT76CA,206.73,9.54,13.6,,
潮州鎮,房地(土地+建物)+車位,屏東縣潮州鎮吉星路１０２巷１號三樓之二,27.71,住,,,1030523,土地1建物1車位1,三層,七層,華廈(10層含以下有電梯),住家用,鋼筋混凝土造,0821208,129.55,3,2,2,有,無,2480000,19143,坡道平面,0.0,0,,RPQNMLMLPHJFFCT76CA,75.77,0.0,8.57,,
內埔鄉,房地(土地+建物),屏東縣內埔鄉德美路251號,116.28,住,,,1030707,土地1建物1車位0,全,三層,透天厝,見其他登記事項,見其他登記事項,1030317,408.6,22,1,23,有,無,12000000,29369,,0.0,0,,RPWOMLMLPHJFFCT47CA,381.75,0.0,26.85,,
竹田鄉,土地,鳳明段782地號,2735.0,,特定農業區,農牧用地,1030518,土地1建物0車位0,,,其他,,,,0.0,0,0,0,有,無,7049462,2577,,0.0,0,含地上水.電設施及作物檳榔全部,RPVNMLOLPHJFFCT47CA,0.0,0.0,0.0,,
內埔鄉,土地,新豐段342地號,2685.51,,工業區,丁種建築用地,1030623,土地1建物0車位0,,,其他,,,,0.0,0,0,0,有,無,30860000,11491,,0.0,0,含未登記建物。,RPQNMLOLPHJFFCT96CA,0.0,0.0,0.0,,
東港鎮,土地,東港段1543-28地號,102.0,商,,,1030630,土地1建物0車位0,,,其他,,,,0.0,0,0,0,有,無,5553900,54450,,0.0,0,上有未保存登記之建物一棟,RPQNMLSLPHJFFDT47CA,0.0,0.0,0.0,,
崁頂鄉,房地(土地+建物),屏東縣崁頂鄉南州路５巷６之１２號,111.03,,一般農業區,甲種建築用地,1030707,土地1建物1車位0,全,四層,透天厝,住宅,鋼筋混凝土造,0840902,197.32,4,2,3,有,無,2700000,13683,,0.0,0,,RPRNMLSLPHJFFDT57CA,175.24,0.0,22.08,,
林邊鄉,房地(土地+建物),屏東縣林邊鄉仁愛路59之12號,68.12,住,,,1030708,土地1建物1車位0,全,四層,透天厝,店舖、住宅,鋼筋混凝土造,0840425,178.22,6,1,4,有,無,2500000,14028,,0.0,0,,RPTNMLOJQHJFFDT27CA,146.39,9.78,22.05,,
新園鄉,土地,港西段960地號,796.56,,河川區,農牧用地,1030626,土地3建物0車位0,,,其他,,,,0.0,0,0,0,有,無,2392060,3003,,0.0,0,其他特殊關係間之交易。,RPSNMLPKQHJFFDT37CA,0.0,0.0,0.0,,
恆春鎮,房地(土地+建物),屏東縣恆春鎮省北路１５７號,79.34,住,,,1030703,土地1建物1車位0,全,三層,透天厝,住商用,鋼筋混凝土造,0810501,193.88,4,3,3,有,無,7500000,38684,,0.0,0,,RPRNMLMLPHJFFET07CA,186.94,6.94,0.0,,
恆春鎮,土地,水泉段306地號,3028.0,,國家公園區,,1030701,土地1建物0車位0,,,其他,,,,0.0,0,0,0,有,無,7570000,2500,,0.0,0,,RPWNMLNLPHJFFET67CA,0.0,0.0,0.0,,
恆春鎮,土地,鼻子頭段38-4地號,1522.0,,一般農業區,農牧用地,1030630,土地1建物0車位0,,,其他,,,,0.0,0,0,0,有,無,4500000,2957,,0.0,0,,RPROMLNLPHJFFET27CA,0.0,0.0,0.0,,
恆春鎮,土地,五里亭段1004地號,76.1,,一般農業區,農牧用地,1030409,土地1建物0車位0,,,其他,,,,0.0,0,0,0,有,無,345300,4537,,0.0,0,含增建或未登記建物。,RPPNMLKMPHJFFET76CA,0.0,0.0,0.0,,
恆春鎮,房地(土地+建物),屏東縣恆春鎮省北路二段１００號,1414.05,,一般農業區,農牧用地,1030409,土地1建物1車位0,一層，二層,二層,農舍,農舍,加強磚造,0830630,100.82,7,2,2,有,無,6416100,,,0.0,0,,RPQNMLKMPHJFFET86CA,97.5,3.32,0.0,,
車城鄉,土地,四重溪段20-15地號,168.0,,一般農業區,農牧用地,1030625,土地1建物0車位0,,,其他,,,,0.0,0,0,0,有,無,30000,179,,0.0,0,親友、員工或其他特殊關係間之交易。,RPVNMLTLPHJFFET18CA,0.0,0.0,0.0,,
屏東市,土地,長春段293地號,140.0,住,,,1030702,土地3建物0車位0,,,其他,,,,0.0,0,0,0,有,無,3605138,25751,,0.0,0,向政府機關承購之案件。,RPQOMLLLPHJFFAT66DA,0.0,0.0,0.0,,
九如鄉,房地(土地+建物),屏東縣九如鄉德安路67巷1號,89.62,,鄉村區,乙種建築用地,1030709,土地2建物1車位0,全,四層,透天厝,住商用,鋼筋混凝土造,0830526,151.91,4,2,3,有,無,2500000,16457,,0.0,0,,RPQNMLQJQHJFFAT96DA,134.48,4.71,12.72,,
屏東市,房地(土地+建物),屏東縣屏東巿民族路485號,77.0,商,,,1030000,土地1建物1車位0,全,四層,透天厝,住商用,鋼筋混凝土造,0831213,225.51,5,3,6,有,無,7300000,32371,,0.0,0,,RPUNMLOJQHJFFAT17DA,210.77,14.74,0.0,,
長治鄉,土地,香潭段1333地號,1997.47,,一般農業區,農牧用地,1030717,土地1建物0車位0,,,其他,,,,0.0,0,0,0,有,無,1500000,751,,0.0,0,,RPWPMLMKQHJFFAT47DA,0.0,0.0,0.0,,
鹽埔鄉,土地,埔段1814地號,7000.0,,一般農業區,農牧用地,1030710,土地1建物0車位0,,,其他,,,,0.0,0,0,0,有,無,4460000,637,,0.0,0,,RPQNMLLLPHJFFBT56CA,0.0,0.0,0.0,,
屏東市,房地(土地+建物),屏東縣屏東巿豐連街２９號，２９之１號,107.23,住,,,1030701,土地1建物2車位0,一層，二層,七層,華廈(10層含以下有電梯),住家用,鋼筋混凝土造,0800902,642.41,10,5,3,有,無,7500000,11675,,0.0,0,,RPVPMLMKQHJFFAT27CA,450.97,12.33,15.27,,
屏東市,房地(土地+建物)+車位,屏東縣屏東巿華盛街３５號十二樓之三,45.61,住,,,1030707,土地1建物1車位1,十二層,十四層,住宅大樓(11層含以上有電梯),見其他登記事項,鋼筋混凝土造,0930909,181.01,4,2,3,有,有,3170000,17513,坡道平面,0.0,0,,RPOQMLMKQHJFFAT66CA,102.59,0.0,11.69,,
萬丹鄉,土地,萬全段276-3地號,772.2,住,,,1030507,土地5建物0車位0,,,其他,,,,0.0,0,0,0,有,無,7420000,9609,,0.0,0,,RPOOMLLKQHJFFAT98CA,0.0,0.0,0.0,,
長治鄉,房地(土地+建物),屏東縣長治鄉瑞源路２４０號三樓之一,17.55,住,,,1030707,土地1建物1車位0,三層,十一層,住宅大樓(11層含以上有電梯),住家用,鋼筋混凝土造,0850607,111.17,3,2,2,有,無,1900000,17091,,0.0,0,,RPSOMLLMPHJFFAT86CA,64.9,1.4,7.67,,
屏東市,房地(土地+建物)+車位,屏東縣屏東巿田中巷２０號十二樓,20.58,住,,,1030709,土地1建物1車位1,十二層,十二層,住宅大樓(11層含以上有電梯),住家用,鋼筋混凝土造,0841125,125.87,3,2,2,有,有,2600000,20656,升降機械,0.0,0,,RPTPMLOLPHJFFAT27CA,79.3,0.0,12.2,,
屏東市,房地(土地+建物)+車位,屏東縣屏東巿莊敬街二段１１３巷３０之１號九樓之一,19.68,住,,,1030628,土地1建物1車位1,九層,十三層,住宅大樓(11層含以上有電梯),見其他登記事項,鋼筋混凝土造,0860113,120.89999999999999,3,1,2,有,無,2660000,22002,升降機械,0.0,0,,RPPNMLLMPHJFFAT09CA,79.14,0.0,11.1,,
屏東市,房地(土地+建物),屏東縣屏東巿復興南路一段２５５之２號,27.16,,一般農業區,特定目的事業用地,1030429,土地2建物1車位0,四層,五層,公寓(5樓含以下無電梯),國民住宅,鋼筋混凝土造,0730316,95.17999999999999,3,1,2,有,無,1500000,15760,,0.0,0,,RPVNMLMLPHJFFAT07CA,84.07,0.0,0.0,,
屏東市,房地(土地+建物),屏東縣屏東巿公裕街３５３巷３８之１７號二樓等二戶,11.49,住,,,1030620,土地2建物2車位0,四層,四層,套房(1房1廳1衛),見其他登記事項,鋼筋混凝土造,0970305,28.339999999999996,2,2,2,有,有,1510000,53282,,0.0,0,含裝潢費用,RPRNMLNLPHJFFAT76CA,14.61,1.7,2.66,,
屏東市,房地(土地+建物),屏東縣屏東巿機場北路７９２號十三樓,11.86,住,,,1030709,土地1建物1車位0,十三層,十四層,住宅大樓(11層含以上有電梯),見其他登記事項,鋼筋混凝土造,0881204,106.12,2,1,1,有,有,2020000,19035,,0.0,0,,RPOOMLLLPHJFFAT98CA,53.88,0.0,9.03,,
屏東市,房地(土地+建物),屏東縣屏東巿香揚巷５８號,86.0,住,,,1030709,土地1建物1車位0,全,二層,透天厝,住商用,加強磚造,0690719,102.09,4,2,2,有,無,3330000,32618,,0.0,0,增建:一樓屋後及三樓鐵架鐵皮搭蓋隔間,RPVOMLLLPHJFFAT07CA,102.09,0.0,0.0,,
內埔鄉,房地(土地+建物),屏東縣內埔鄉興中二巷2號,172.0,農,,,1030623,土地1建物1車位0,全,一層,透天厝,見其他登記事項,鋼筋混凝土造,0601117,26.72,1,0,0,有,無,1650100,61755,,0.0,0,國產署標售,RPUNMLOLPHJFFCT47DA,26.72,0.0,0.0,,
潮州鎮,房地(土地+建物),屏東縣潮州鎮南華路2號,99.16,住,,,1030630,土地1建物1車位0,全,二層,透天厝,住商用,鋼筋混凝土加強磚造,0630717,142.32,3,2,2,有,無,4000000,28106,,0.0,0,,RPRNMLMLPHJFFCT96DA,142.32,0.0,0.0,,
內埔鄉,土地,豐田段12-1地號,127.07,農,,,1030527,土地1建物0車位0,,,其他,,,,0.0,0,0,0,有,無,9880000,77752,,0.0,0,,RPRNMLOJQHJFFCT07DA,0.0,0.0,0.0,,
東港鎮,土地,關帝段1132地號,56.53,住,,,1030628,土地6建物0車位0,,,其他,,,,0.0,0,0,0,有,無,510000,9022,,0.0,0,畸零地或有合併使用之交易。,RPRNMLOKQHJFFDT27DA,0.0,0.0,0.0,,
東港鎮,房地(土地+建物),屏東縣東港鎮大潭路92號,97.0,,鄉村區,乙種建築用地,1030704,土地1建物1車位0,全,一層,透天厝,住宅,加強磚造,0710803,76.16,2,1,1,有,無,500000,6565,,0.0,0,此乃叔侄間之近親買賣,RPPNMLOLPHJFFDT07DA,76.16,0.0,0.0,,
內埔鄉,房地(土地+建物),屏東縣內埔鄉學興路28巷71號,71.56,住,,,1030704,土地1建物1車位0,全,四層,透天厝,見其他登記事項,鋼筋混凝土造,0840510,167.48,4,1,3,有,無,2900000,17316,,0.0,0,,RPUNMLMLPHJFFCT27DA,148.28,4.8,14.4,,
來義鄉,土地,丹林段1167地號,305.0,,山坡地保育區,農牧用地,1030704,土地1建物0車位0,,,其他,,,,0.0,0,0,0,有,無,33550,110,,0.0,0,,RPVNMLMLPHJFFCT37DA,0.0,0.0,0.0,,
內埔鄉,土地,新埔段1348地號,1807.0,,特定農業區,農牧用地,1030715,土地1建物0車位0,,,其他,,,,0.0,0,0,0,有,無,2800000,1550,,0.0,0,,RPOOMLLLPHJFFCT66DA,0.0,0.0,0.0,,
麟洛鄉,土地,玄聖段603地號,4072.54,,一般農業區,農牧用地,1030721,土地2建物0車位0,,,其他,,,,0.0,0,0,0,有,無,5300000,1301,,0.0,0,,RPTNMLMLPHJFFAT86CA,0.0,0.0,0.0,,
屏東市,土地,檳榔腳段二小段1321-1地號,55.64,其他,,,1030702,土地9建物0車位0,,,其他,,,,0.0,0,0,0,有,無,849125,15261,,0.0,0,親友、員工或其他特殊關係間之交易。,RPWOMLOLPHJFFAT47CA,0.0,0.0,0.0,,
屏東市,房地(土地+建物),屏東縣屏東巿民族路２９３號,52.0,住,,,1030715,土地1建物1車位0,全,二層,透天厝,住商用,鋼筋混凝土造,,99.41,3,2,2,有,無,4000000,40237,,0.0,0,,RPXNMLOLPHJFFAT47CA,99.41,0.0,0.0,,
屏東市,土地,頂柳段452地號,1493.09,,一般農業區,農牧用地,1030526,土地1建物0車位0,,,其他,,,,0.0,0,0,0,有,無,1920000,1286,,0.0,0,,RPVOMLMLPHJFFAT17CA,0.0,0.0,0.0,,
長治鄉,房地(土地+建物),屏東縣長治鄉香潭一街６０巷６號,89.51,住,,,1030630,土地1建物1車位0,全,三層,透天厝,住家用,鋼筋混凝土造,0840624,134.25,4,2,3,有,無,4050000,30168,,0.0,0,,RPQNMLOLPHJFFAT76CA,123.0,7.5,3.75,,
屏東市,房地(土地+建物),屏東縣屏東巿機場北路７８６號十二樓,11.86,住,,,1030707,土地1建物1車位0,十二層,十四層,住宅大樓(11層含以上有電梯),見其他登記事項,鋼筋混凝土造,0881204,82.12,2,1,1,有,有,1775000,21615,,0.0,0,,RPRNMLOLPHJFFAT86CA,53.88,0.0,9.03,,
屏東市,房地(土地+建物),屏東縣屏東巿清進巷２３０號,352.0,,鄉村區,乙種建築用地,1030710,土地1建物2車位0,全,一層,透天厝,見其他登記事項,見其他登記事項,,435.64,1,1,2,有,無,6390000,14668,,0.0,0,,RPSNMLOLPHJFFAT96CA,435.64,0.0,0.0,,
長治鄉,房地(土地+建物)+車位,屏東縣長治鄉中興路６號三樓之一,20.17,住,,,1030707,土地3建物1車位1,三層,七層,華廈(10層含以下有電梯),住家用,鋼筋混凝土造,0850130,118.63,3,2,2,有,有,1500000,12644,坡道平面,0.0,0,,RPSOMLPLPHJFFAT17CA,66.13,0.0,6.68,,
屏東市,房地(土地+建物),屏東縣屏東巿安心四橫巷４６３號,24.79,住,,,1030707,土地1建物1車位0,一層，二層，三層,十二層,住宅大樓(11層含以上有電梯),住商用,鋼筋混凝土造,0841125,126.73,3,2,2,有,有,5100000,40243,,0.0,0,,RPROMLKMPHJFFAT66CA,95.55,4.2,6.0,,
屏東市,房地(土地+建物),屏東縣屏東巿崇陽街１５５巷１號,91.0,住,,,1030625,土地1建物1車位0,全,二層,透天厝,住家用,鋼筋混凝土造,0780320,173.31,4,2,4,有,無,4200000,24234,,0.0,0,,RPROMLSLPHJFFAT37CA,132.36,24.94,16.01,,
屏東市,土地,豐田段一小段1111地號,106.46,其他,,,1030702,土地3建物0車位0,,,其他,,,,0.0,0,0,0,有,無,200000,1879,,0.0,0,,RPTNMLOJQHJFFAT96CA,0.0,0.0,0.0,,
屏東市,土地,大春段742地號,146.5,,鄉村區,乙種建築用地,1030710,土地1建物0車位0,,,其他,,,,0.0,0,0,0,有,無,350000,2389,,0.0,0,親友、員工或其他特殊關係間之交易。,RPROMLMKQHJFFAT76CA,0.0,0.0,0.0,,
麟洛鄉,土地,玄聖段944地號,426.18,,一般農業區,農牧用地,1030710,土地1建物0車位0,,,其他,,,,0.0,0,0,0,有,無,310000,727,,0.0,0,畸零地或有合併使用之交易。,RPPOMLRJQHJFFAT96CA,0.0,0.0,0.0,,
九如鄉,土地,三塊厝段542-2地號,6849.0,,河川區,農牧用地,1030621,土地3建物0車位0,,,其他,,,,0.0,0,0,0,有,無,4794300,700,,0.0,0,,RPPNMLSKQHJFFAT07CA,0.0,0.0,0.0,,
長治鄉,土地,復興段1222地號,679.94,,鄉村區,乙種建築用地,1030709,土地1建物0車位0,,,其他,,,,0.0,0,0,0,有,無,6170000,9074,,0.0,0,,RPVNMLSKQHJFFAT67CA,0.0,0.0,0.0,,
屏東市,房地(土地+建物),屏東縣屏東巿清溪里清寧街106巷8號,129.0,住,,,1030701,土地1建物1車位0,全,三層,透天厝,住家用,鋼筋混凝土造,1030219,231.32,5,2,3,有,無,9500000,41069,,0.0,0,,RPQOMLSKQHJFFAT27CA,216.35,0.0,14.97,,
屏東市,房地(土地+建物),屏東縣屏東巿建國路３３２巷３２號,1337.0,住,,,1030526,土地1建物1車位0,一層，夾層,一層,店面(店鋪),見其他登記事項,鋼筋混凝土加強磚造,0690930,716.78,2,1,1,有,無,19089000,26632,,0.0,0,,RPRNMLTKQHJFFAT37CA,716.78,0.0,0.0,,
里港鄉,土地,大港洋段1510-1地號,1400.0,,特定農業區,農牧用地,1030618,土地2建物0車位0,,,其他,,,,0.0,0,0,0,有,無,7200000,5143,,0.0,0,,RPVNMLSLPHJFFBT77CA,0.0,0.0,0.0,,
三地門鄉,土地,口社段523地號,136.97,,鄉村區,乙種建築用地,1030508,土地1建物0車位0,,,其他,,,,0.0,0,0,0,有,無,86291,630,,0.0,0,,RPUNMLMLPHJFFBT17DA,0.0,0.0,0.0,,
鹽埔鄉,土地,中段1203地號,91.24,住,,,1030710,土地1建物0車位0,,,其他,,,,0.0,0,0,0,有,無,392375,4300,,0.0,0,,RPPNMLOLPHJFFBT86DA,0.0,0.0,0.0,,
鹽埔鄉,土地,新德段7地號,495.56,,一般農業區,農牧用地,1030712,土地1建物0車位0,,,其他,,,,0.0,0,0,0,有,無,1350000,2724,,0.0,0,,RPUNMLOLPHJFFBT37DA,0.0,0.0,0.0,,
高樹鄉,土地,阿拔泉段78-194地號,45.0,,鄉村區,乙種建築用地,1030715,土地1建物0車位0,,,其他,,,,0.0,0,0,0,有,無,190000,4222,,0.0,0,有一間未保存之倉庫，價格為20000,RPWNMLPJQHJFFBT57DA,0.0,0.0,0.0,,
萬丹鄉,土地,田厝段515地號,159.0,,特定農業區,農牧用地,1030701,土地1建物0車位0,,,其他,,,,0.0,0,0,0,有,無,780690,4910,,0.0,0,向政府機關承購之案件。權利人共3人,RPQNMLMLPHJFFAT66DA,0.0,0.0,0.0,,
屏東市,房地(土地+建物),屏東縣屏東巿中正路688巷83號,68.0,住,,,1030715,土地1建物1車位0,全,二層,透天厝,住家用,加強磚造,0691030,82.16,3,2,2,有,無,997400,12140,,0.0,0,親友、員工或其他特殊關係間之交易。,RPOOMLMLPHJFFAT56DA,82.16,0.0,0.0,,
屏東市,房地(土地+建物),屏東縣屏東巿華山街119-3號,14.6,住,,,1030709,土地8建物1車位0,四層,五層,公寓(5樓含以下無電梯),住家用,鋼筋混凝土造,0720808,50.47,2,2,1,有,無,730000,14464,,0.0,0,,RPUNMLOLPHJFFAT27DA,42.49,0.0,0.0,,
恆春鎮,土地,後壁湖段529地號,251.66,,國家公園區,,1030708,土地1建物0車位0,,,其他,,,,0.0,0,0,0,有,無,300000,1192,,0.0,0,親友間之交易。,RPQNMLMLPHJFFET96CA,0.0,0.0,0.0,,
枋寮鄉,房地(土地+建物),屏東縣枋寮鄉中山路三段１１５巷１１４弄６號,94.64,,一般農業區,甲種建築用地,1030707,土地2建物1車位0,全,三層,透天厝,住家用,鋼筋混凝土造,0820811,117.54,3,2,2,有,無,1400000,11911,,0.0,0,,RPQNMLSLPHJFFFT67CA,112.24,0.0,5.3,,
佳冬鄉,房地(土地+建物),屏東縣佳冬鄉?光路２７號,96.0,,鄉村區,乙種建築用地,1030709,土地1建物1車位0,全,四層,透天厝,住家用,鋼筋混凝土造,0830228,159.16,4,2,3,有,無,1092000,6861,,0.0,0,,RPRNMLSLPHJFFFT77CA,159.16,0.0,0.0,,
新園鄉,房地(土地+建物),屏東縣新園鄉新東路２５巷１弄３１號,70.85,,鄉村區,乙種建築用地,1030714,土地2建物1車位0,全,二層,透天厝,店舖、住宅,鋼筋混凝土造,0710712,78.4,0,0,2,無,無,650000,8291,,0.0,0,,RPSNMLTKQHJFFDT77CA,78.4,0.0,0.0,,
新園鄉,土地,鹽洲段518-2地號,83.75,住,,,1030616,土地1建物0車位0,,,其他,,,,0.0,0,0,0,有,無,3000000,35821,,0.0,0,含增建或未登記建物。,RPUNMLLJQHJFFDT07CA,0.0,0.0,0.0,,
東港鎮,房地(土地+建物)+車位,屏東縣東港鎮明禮路４３號七樓,19.22,住,,,1030709,土地3建物1車位1,七層,八層,華廈(10層含以下有電梯),住宅,鋼筋混凝土造,0830415,82.81,3,2,2,有,有,2020000,24393,升降機械,0.0,0,,RPTNMLSLPHJFFDT77CA,74.48,0.0,8.33,,
東港鎮,土地,東新段1184地號,1347.99,住,,,1030613,土地1建物0車位0,,,其他,,,,0.0,0,0,0,有,無,38712000,28718,,0.0,0,,RPVNMLTLPHJFFDT08CA,0.0,0.0,0.0,,
林邊鄉,土地,鎮林段155地號,1356.19,農,,,1030709,土地1建物0車位0,,,其他,,,,0.0,0,0,0,有,無,2000000,1475,,0.0,0,,RPQNMLKMPHJFFDT76CA,0.0,0.0,0.0,,
東港鎮,房地(土地+建物),屏東縣東港鎮福德街１６之３號,85.0,住,,,1030702,土地3建物1車位0,全,三層,透天厝,店舖、住宅,鋼筋混凝土造,0700305,152.19,5,2,3,有,無,3200000,21026,,0.0,0,親友間之交易。,RPTNMLPLPHJFFDT47CA,152.19,0.0,0.0,,
潮州鎮,房地(土地+建物),屏東縣潮州鎮杭州街２０號,120.91,住,,,1030630,土地1建物1車位0,全,三層,透天厝,住家用,鋼筋混凝土造,0990506,193.45,5,1,3,有,無,9500000,49108,,0.0,0,,RPRNMLOLPHJFFCT07CA,164.78,4.67,24.0,,
萬巒鄉,土地,新置段559地號,2559.42,,一般農業區,農牧用地,1030624,土地1建物0車位0,,,其他,,,,0.0,0,0,0,有,無,4274800,1670,,0.0,0,,RPSOMLMLPHJFFCT07CA,0.0,0.0,0.0,,
潮州鎮,房地(土地+建物),屏東縣潮州鎮萬隆街１０６巷５號,82.95,住,,,1030702,土地1建物1車位0,全,三層,透天厝,住家用,鋼筋混凝土造,0950223,162.41,4,1,3,有,無,4100000,25245,,0.0,0,,RPTOMLMLPHJFFCT17CA,146.24,5.02,11.15,,
竹田鄉,土地,新田段212地號,2954.0,,特定農業區,農牧用地,1030620,土地1建物0車位0,,,其他,,,,0.0,0,0,0,有,無,6852000,2320,,0.0,0,,RPPNMLRLPHJFFCT17CA,0.0,0.0,0.0,,
東港鎮,房地(土地+建物),屏東縣東港鎮博愛街３７８號五樓,32.06,住,,,1030623,土地1建物1車位0,五層,七層,華廈(10層含以下有電梯),住家用,鋼筋混凝土造,0820731,106.2,3,2,2,有,無,3500000,32957,,0.0,0,,RPRNMLMLPHJFFDT96CA,97.5,0.0,8.7,,
萬巒鄉,房地(土地+建物),屏東縣萬巒鄉中正路５６之３號,73.32,商,,,1030627,土地3建物1車位0,全,二層,透天厝,住商用,加強磚造,0690513,78.86,4,1,2,有,無,1500000,19021,,0.0,0,,RPTOMLMKQHJFFCT17CA,76.0,2.86,0.0,,
潮州鎮,土地,華興段85地號,241.28,住,,,1030724,土地2建物0車位0,,,其他,,,,0.0,0,0,0,有,無,7510000,31126,,0.0,0,,RPUNMLTKQHJFFCT87CA,0.0,0.0,0.0,,
新園鄉,房地(土地+建物),屏東縣新園鄉仙吉村仙吉路242號,103.85,住,,,1030619,土地2建物1車位0,全,四層,透天厝,店舖、住宅,鋼筋混凝土構造,1001114,204.02,5,2,4,有,無,8880000,43525,,0.0,0,,RPSNMLPLPHJFFDT37CA,171.48,0.0,32.54,,
東港鎮,土地,東新段923-1地號,2776.67,工,,,1030710,土地4建物0車位0,,,其他,,,,0.0,0,0,0,有,無,31968405,11513,,0.0,0,,RPQNMLOLPHJFFDT07CA,0.0,0.0,0.0,,
東港鎮,房地(土地+建物),屏東縣東港鎮明德一路３２３號,29.7,住,,,1030625,土地3建物1車位0,一層，二層，三層，騎樓,八層,店面(店鋪),店舖、住宅,鋼筋混凝土造,0830415,152.01,3,2,2,有,無,5000000,32893,,0.0,0,,RPPNMLPLPHJFFDT07CA,134.01,6.0,12.0,,
潮州鎮,房地(土地+建物),屏東縣潮州鎮永康路２９１巷１號,86.37,住,,,1030710,土地1建物1車位0,全,四層,透天厝,住家用,鋼筋混凝土造,0850923,197.42000000000002,4,2,3,有,無,3800000,19248,,0.0,0,,RPVNMLPJQHJFFCT47CA,154.01,4.27,5.9,,
潮州鎮,房地(土地+建物)+車位,屏東縣潮州鎮三德路２５號二樓之２４,25.08,住,,,1030709,土地1建物1車位0,二層,八層,華廈(10層含以下有電梯),住家用,鋼筋混凝土造,0830120,168.81,3,1,2,有,無,2000000,11848,坡道平面,0.0,0,,RPTNMLOJQHJFFCT17CA,101.39,0.0,9.54,,
內埔鄉,房地(土地+建物)+車位,屏東縣內埔鄉學興路２８巷３２號五樓之一,11.41,住,,,1030705,土地1建物1車位1,五層,八層,華廈(10層含以下有電梯),住家用,鋼筋混凝土造,0840120,53.41,2,1,1,有,有,1150000,21532,一樓平面,10.03,0,,RPUNMLPLPHJFFCT47CA,41.55,0.0,11.86,,
萬巒鄉,土地,新置段517地號,174.78,,鄉村區,乙種建築用地,1030711,土地1建物0車位0,,,其他,,,,0.0,0,0,0,有,無,400000,2289,,0.0,0,係屬親屬間買賣,RPRNMLRLPHJFFCT37CA,0.0,0.0,0.0,,
竹田鄉,土地,過溝段228地號,2015.46,,特定農業區,農牧用地,1030714,土地2建物0車位0,,,其他,,,,0.0,0,0,0,有,無,4779400,2371,,0.0,0,,RPQNMLSLPHJFFCT37CA,0.0,0.0,0.0,,
潮州鎮,土地,建基段973地號,6.76,住,,,1030710,土地1建物0車位0,,,其他,,,,0.0,0,0,0,有,無,224800,33254,,0.0,0,,RPROMLSLPHJFFCT57CA,0.0,0.0,0.0,,
潮州鎮,房地(土地+建物),屏東縣潮州鎮西市路20號,65.68,住,,,1030710,土地2建物1車位0,全,三層,透天厝,住商用,見使用執照,0571110,155.0,3,1,2,有,無,3500000,22581,,0.0,0,,RPOOMLSLPHJFFCT27CA,0.0,0.0,0.0,,
潮州鎮,房地(土地+建物),屏東縣潮州鎮吉祥路３５號,94.0,,鄉村區,乙種建築用地,1030712,土地1建物1車位0,全,三層,透天厝,住家用,鋼筋混凝土造,0820318,165.68,4,1,2,有,無,2070000,12494,,0.0,0,,RPPOMLSLPHJFFCT37CA,149.22,5.81,10.65,,
潮州鎮,土地,建基段976地號,46.96,住,,,1030710,土地1建物0車位0,,,其他,,,,0.0,0,0,0,有,無,1562594,33275,,0.0,0,,RPUNMLSLPHJFFCT77CA,0.0,0.0,0.0,,
潮州鎮,土地,建基段977地號,18.66,住,,,1030710,土地1建物0車位0,,,其他,,,,0.0,0,0,0,有,無,620917,33275,,0.0,0,,RPVNMLSLPHJFFCT87CA,0.0,0.0,0.0,,
內埔鄉,土地,新埔段2325地號,2805.0,,特定農業區,農牧用地,1030109,土地1建物0車位0,,,其他,,,,0.0,0,0,0,有,無,5346500,1906,,0.0,0,,RPVNMLKMPHJFFCT17CA,0.0,0.0,0.0,,
潮州鎮,房地(土地+建物),屏東縣潮州鎮壽星路７０巷６弄８號,67.15,住,,,1030709,土地1建物1車位0,全,四層,透天厝,住家用,鋼筋混凝土造,0841109,175.44,6,2,3,有,無,3980000,22686,,0.0,0,,RPQNMLTLPHJFFCT47CA,138.75,19.8,16.89,,
內埔鄉,房地(土地+建物),屏東縣潮州鎮學人路２６７之１７號,8.06,,鄉村區,乙種建築用地,1030706,土地1建物1車位0,一層,六層,套房(1房1廳1衛),住家用,鋼筋混凝土造,0840710,28.259999999999998,1,1,1,有,有,405000,14331,,0.0,0,,RPSNMLOLPHJFFCT17CA,14.78,0.0,2.31,,
內埔鄉,房地(土地+建物),屏東縣潮州鎮學人路２６７之１８號,8.06,,鄉村區,乙種建築用地,1030706,土地1建物1車位0,一層,六層,套房(1房1廳1衛),住家用,鋼筋混凝土造,0840710,28.259999999999998,1,1,1,有,有,405000,14331,,0.0,0,,SPSNMLOLPHJFFCT27CA,14.78,0.0,2.31,,
東港鎮,土地,新仁段723地號,343.3,其他,,,1030702,土地5建物0車位0,,,其他,,,,0.0,0,0,0,有,無,570000,1660,,0.0,0,,RPQNMLOJQHJFFDT96CA,0.0,0.0,0.0,,
崁頂鄉,土地,頂忠段556地號,2209.97,,一般農業區,農牧用地,1030710,土地1建物0車位0,,,其他,,,,0.0,0,0,0,有,無,2300000,1041,,0.0,0,,RPRNMLOJQHJFFDT07CA,0.0,0.0,0.0,,
佳冬鄉,土地,塭豐段1239地號,9564.0,,一般農業區,農牧用地,1030623,土地4建物0車位0,,,其他,,,,0.0,0,0,0,有,無,9500000,993,,0.0,0,,RPTNMLSLPHJFFFT97CA,0.0,0.0,0.0,,
恆春鎮,土地,山腳段65-3地號,4941.0,,一般農業區,農牧用地,1030715,土地2建物0車位0,,,其他,,,,0.0,0,0,0,有,無,9880000,2000,,0.0,0,,RPSOMLNLPHJFFET37CA,0.0,0.0,0.0,,
恆春鎮,房地(土地+建物),屏東縣恆春鎮南灣路和平巷３３號,80.0,,國家公園區,,1030707,土地1建物1車位0,全,二層,透天厝,見其他登記事項,加強磚造,0830610,92.6,3,2,4,有,無,3800000,41037,,0.0,0,,RPTOMLNLPHJFFET47CA,92.6,0.0,0.0,,
恆春鎮,土地,鵝鑾鼻段143-6地號,2600.0,,國家公園區,,1030523,土地1建物0車位0,,,其他,,,,0.0,0,0,0,有,無,2080000,800,,0.0,0,,RPWNMLTLPHJFFET28CA,0.0,0.0,0.0,,
車城鄉,土地,新海口段699地號,155.31,,鄉村區,乙種建築用地,1030707,土地1建物0車位0,,,其他,,,,0.0,0,0,0,有,無,1000000,6439,,0.0,0,,RPPNMLMLPHJFFET86CA,0.0,0.0,0.0,,
九如鄉,房地(土地+建物),屏東縣九如鄉九如路二段322巷1弄7號,68.6,住,,,1030715,土地1建物1車位0,全,三層,透天厝,住商用,鋼筋混凝土造,0820601,129.57,4,1,3,有,無,2830000,21841,,0.0,0,,RPRNMLSLPHJFFAT37DA,122.67,6.9,0.0,,
里港鄉,房地(土地+建物),屏東縣里港鄉仁愛路81巷24號,81.0,住,,,1030714,土地1建物1車位0,全,二層,透天厝,住商用,加強磚造,0700804,116.56,0,0,0,無,無,1561657,13398,,0.0,0,含土地增值稅102831元及契稅8826元,RPQNMLPLPHJFFBT07DA,116.56,0.0,0.0,,
高樹鄉,土地,田庄段1057地號,245.46,,鄉村區,乙種建築用地,1030705,土地1建物0車位0,,,其他,,,,0.0,0,0,0,有,無,750000,3055,,0.0,0,,RPUNMLPLPHJFFBT47DA,0.0,0.0,0.0,,
高樹鄉,土地,東振新段416-1地號,2090.0,,河川區,農牧用地,1030529,土地1建物0車位0,,,其他,,,,0.0,0,0,0,有,無,1055000,505,,0.0,0,,RPRNMLSLPHJFFBT47DA,0.0,0.0,0.0,,
高樹鄉,土地,阿拔泉段594-152地號,1039.14,,一般農業區,甲種建築用地,1030706,土地2建物0車位0,,,其他,,,,0.0,0,0,0,有,無,3630000,3493,,0.0,0,,RPPNMLPLPHJFFBT86CA,0.0,0.0,0.0,,
里港鄉,土地,瀰力肚段825-11地號,154.0,,鄉村區,乙種建築用地,1030714,土地1建物0車位0,,,其他,,,,0.0,0,0,0,有,無,1280000,8312,,0.0,0,,RPRNMLPLPHJFFBT07CA,0.0,0.0,0.0,,
高樹鄉,土地,大路關段舊大路關小段3地號,2556.0,,一般農業區,農牧用地,1030714,土地1建物0車位0,,,其他,,,,0.0,0,0,0,有,無,2200000,861,,0.0,0,,RPSNMLTLPHJFFBT57CA,0.0,0.0,0.0,,
高樹鄉,土地,加蚋埔段771-2地號,2744.0,,一般農業區,農牧用地,1030708,土地1建物0車位0,,,其他,,,,0.0,0,0,0,有,無,4100000,1494,,0.0,0,,RPPNMLPJQHJFFBT76CA,0.0,0.0,0.0,,
屏東市,房地(土地+建物),屏東縣屏東巿復興路２２９巷８號五樓之二,8.21,住,,,1030708,土地1建物1車位0,五層,十四層,住宅大樓(11層含以上有電梯),住家用,鋼筋混凝土造,0871214,64.08,2,1,1,有,無,1750000,27310,,0.0,0,,RPVSMLKLQHJFFAT47CA,43.07,0.0,3.84,,
屏東市,房地(土地+建物)+車位,屏東縣屏東巿豐華街5之2號,26.04,住,,,1030703,土地1建物1車位1,三層,十二層,住宅大樓(11層含以上有電梯),見其他登記事項,鋼筋混凝土造,0801021,170.05,4,2,2,有,有,3480000,20465,坡道平面,0.0,0,,RPPNMLRKQHJFFAT96CA,110.07,0.0,11.13,,
屏東市,房地(土地+建物)+車位,屏東縣屏東巿公治街８巷４之１號,42.17,住,,,1030612,土地2建物1車位1,二層,五層,公寓(5樓含以下無電梯),見其他登記事項,鋼筋混凝土造,0701230,129.49,3,1,1,有,無,1900000,14673,坡道平面,0.0,0,,RPVNMLOJQHJFFAT17CA,98.93,0.0,0.0,,
屏東市,房地(土地+建物),屏東縣屏東巿自由路４６５號,69.0,住,,,1030519,土地2建物1車位0,全,四層,透天厝,住商用,鋼筋混凝土造,0720630,152.2,0,0,0,無,無,11000000,72273,,0.0,0,,RPPNMLOJQHJFFAT56CA,152.2,0.0,0.0,,
屏東市,房地(土地+建物),屏東縣屏東巿自由路４６７號,42.0,住,,,1030519,土地1建物1車位0,全,四層,透天厝,住商用,鋼筋混凝土造,0720707,155.01,0,0,0,無,無,8500000,54835,,0.0,0,,RPQNMLOJQHJFFAT66CA,152.2,2.81,0.0,,
屏東市,房地(土地+建物),屏東縣屏東巿自由路４６９號,74.0,住,,,1030519,土地2建物1車位0,全,四層,透天厝,住商用,鋼筋混凝土造,1010626,210.53,0,0,0,無,無,14500000,68874,,0.0,0,,RPRNMLOJQHJFFAT76CA,194.15,0.0,16.38,,
屏東市,房地(土地+建物),屏東縣屏東巿清寧街１８２巷２弄９號,141.42,住,,,1030620,土地3建物1車位0,全,三層,透天厝,見其他登記事項,鋼筋混凝土造,0891212,223.9,5,2,3,有,無,6850000,30594,,0.0,0,,RPTOMLLJQHJFFAT76CA,183.87,17.95,22.08,,
屏東市,土地,公興段1577地號,3898.64,,一般農業區,農牧用地,1030627,土地1建物0車位0,,,其他,,,,0.0,0,0,0,有,無,18050000,4630,,0.0,0,,RPQNMLTLPHJFFAT27CA,0.0,0.0,0.0,,
長治鄉,房地(土地+建物),屏東縣長治鄉新民街１１０巷２１號,116.28,住,,,1030628,土地2建物1車位0,全,三層,透天厝,住家用,鋼筋混凝土造,1020621,228.94,5,2,4,有,無,8500000,37128,,0.0,0,,RPRNMLTLPHJFFAT37CA,201.7,0.0,27.24,,
屏東市,房地(土地+建物),屏東縣屏東巿民享一路４３號,84.5,住,,,1030710,土地2建物1車位0,全,三層,透天厝,住商用,加強磚造,,172.53,4,2,2,有,無,4300000,24923,,0.0,0,,RPSNMLTLPHJFFAT47CA,172.53,0.0,0.0,,
九如鄉,土地,九塊段533-1地號,19.0,,,,1030612,土地1建物0車位0,,,其他,,,,0.0,0,0,0,有,無,22800,1200,,0.0,0,購買毗鄰地合併使用,RPSNMLLMPHJFFAT76CA,0.0,0.0,0.0,,
九如鄉,土地,九塊段531-2地號,72.0,,一般農業區,農牧用地,1030612,土地1建物0車位0,,,其他,,,,0.0,0,0,0,有,無,86400,1200,,0.0,0,購買毗鄰地合併使用,RPUNMLLMPHJFFAT96CA,0.0,0.0,0.0,,
九如鄉,土地,九塊段531-3地號,42.0,,,,1030612,土地1建物0車位0,,,其他,,,,0.0,0,0,0,有,無,50400,1200,,0.0,0,購買毗鄰地合併使用,RPVNMLLMPHJFFAT07CA,0.0,0.0,0.0,,
屏東市,房地(土地+建物),屏東縣屏東巿和生路二段２５８之２號,32.78,住,,,1030708,土地1建物1車位0,四層,五層,公寓(5樓含以下無電梯),國民住宅,鋼筋混凝土造,0720315,77.48,3,2,2,有,無,1780000,22974,,0.0,0,,RPOOMLSLPHJFFAT07CA,77.48,0.0,0.0,,
屏東市,房地(土地+建物),屏東縣屏東巿自由路西段７２號,77.0,住,,,1030702,土地1建物1車位0,全,二層,透天厝,住商用,磚造,0580324,119.78,3,2,2,有,無,2200000,18367,,0.0,0,親友、員工或其他特殊關係間之交易。,RPSNMLPLPHJFFAT07CA,119.78,0.0,0.0,,
屏東市,房地(土地+建物),屏東縣屏東巿武成街５巷２４號五樓,28.55,住,,,1030327,土地1建物1車位0,五層,八層,華廈(10層含以下有電梯),見其他登記事項,鋼筋混凝土造,0870917,156.28,3,2,2,有,有,3520000,22524,,0.0,0,,RPSPMLOLPHJFFAT17CA,90.13,0.0,11.02,,
九如鄉,土地,九如段531地號,4277.0,,特定農業區,農牧用地,1030716,土地1建物0車位0,,,其他,,,,0.0,0,0,0,有,無,14969500,3500,,0.0,0,,RPVNMLPLPHJFFAT37CA,0.0,0.0,0.0,,
屏東市,房地(土地+建物),屏東縣屏東巿瑞光路三段２８３號,68.0,住,,,1030709,土地1建物1車位0,全,三層,透天厝,住商用,鋼筋混凝土造,0960615,134.02,5,2,4,有,無,7800000,58200,,0.0,0,,RPTNMLOLPHJFFAT07CA,119.55,14.47,0.0,,
萬丹鄉,土地,萬生段773地號,397.0,住,,,1030702,土地1建物0車位0,,,其他,,,,0.0,0,0,0,有,無,9071300,22850,,0.0,0,,RPPNMLNLPHJFFAT56CA,0.0,0.0,0.0,,
內埔鄉,土地,龍潭段972地號,1912.97,住,,,1030711,土地5建物0車位0,,,其他,,,,0.0,0,0,0,有,無,5786734,3025,,0.0,0,包含公共設施保留地之交易。,RPUOMLMLPHJFFCT37DA,0.0,0.0,0.0,,
崁頂鄉,土地,越溪段669-3地號,801.32,,鄉村區,乙種建築用地,1030709,土地3建物0車位0,,,其他,,,,0.0,0,0,0,有,無,2484579,3101,,0.0,0,,RPRNMLMKQHJFFDT07DA,0.0,0.0,0.0,,
新園鄉,土地,中洲段922地號,44.1,住,,,1030703,土地1建物0車位0,,,其他,,,,0.0,0,0,0,有,無,1000000,22676,,0.0,0,,RPQNMLLMPHJFFDT96DA,0.0,0.0,0.0,,
牡丹鄉,土地,石門段551地號,78.49,,山坡地保育區,農牧用地,1030710,土地1建物0車位0,,,其他,,,,0.0,0,0,0,有,無,21977,280,,0.0,0,親友、員工或其他特殊關係間之交易。,RPPNMLSLPHJFFET57DA,0.0,0.0,0.0,,
內埔鄉,房地(土地+建物),屏東縣內埔鄉福泰路107巷5號5樓,11.45,,鄉村區,乙種建築用地,1030708,土地1建物1車位0,五層,六層,華廈(10層含以下有電梯),住家用,鋼筋混凝土造,0840505,32.73,1,0,1,有,無,480000,14665,,0.0,0,,RPWNMLOLPHJFFCT67DA,19.04,0.6,3.01,,
來義鄉,土地,丹林段2117地號,4021.0,,一般農業區,農牧用地,1030625,土地1建物0車位0,,,其他,,,,0.0,0,0,0,有,無,600000,149,,0.0,0,親友關係間之交易。,RPOOMLOLPHJFFCT96DA,0.0,0.0,0.0,,
內埔鄉,房地(土地+建物),屏東縣內埔鄉統嶺巷256號5樓1,5.71,,一般農業區,甲種建築用地,1030710,土地1建物1車位0,五層,五層,套房(1房1廳1衛),住家用,鋼筋混凝土造,0881130,17.15,1,0,1,有,無,265000,15452,,0.0,0,,RPPNMLPLPHJFFCT07DA,11.92,0.0,0.0,,
屏東市,土地,瑞光段27地號,1530.0,,一般農業區,農牧用地,1030702,土地1建物0車位0,,,其他,,,,0.0,0,0,0,有,無,830000,542,,0.0,0,,RPOOMLPLPHJFFAT76CA,0.0,0.0,0.0,,
長治鄉,房地(土地+建物),屏東縣長治鄉新民街１３６之６號,154.86,住,,,1030706,土地2建物1車位0,全,三層,透天厝,住家用,鋼筋混凝土造,1020604,217.74,5,2,4,有,無,8600000,39497,,0.0,0,,RPPOMLPLPHJFFAT86CA,196.11,0.0,21.63,,
屏東市,房地(土地+建物),屏東縣屏東巿自立南路１６４巷１７號,51.0,住,,,1030618,土地1建物1車位0,全,二層,透天厝,住家用,鋼筋混凝土加強磚造,0590615,67.32,2,2,2,有,無,1700000,25253,,0.0,0,,RPPNMLQLPHJFFAT86CA,67.32,0.0,0.0,,
九如鄉,土地,三塊厝段595地號,4500.0,,一般農業區,農牧用地,1030714,土地1建物0車位0,,,其他,,,,0.0,0,0,0,有,無,3600000,800,,0.0,0,親友、員工或其他特殊關係間之交易。,RPTNMLSLPHJFFAT47CA,0.0,0.0,0.0,,
九如鄉,房地(土地+建物),屏東縣九如鄉三環路１２４巷１３號,81.86,,鄉村區,乙種建築用地,1030707,土地2建物1車位0,全,四層,透天厝,住家用,鋼筋混凝土造,0840314,144.61,4,2,3,有,無,1740000,12032,,0.0,0,,RPUOMLSLPHJFFAT67CA,124.57,5.04,15.0,,
屏東市,房地(土地+建物),屏東縣屏東巿公裕街３５３巷３８之１號四樓,5.92,住,,,1030707,土地1建物1車位0,四層,四層,套房(1房1廳1衛),見其他登記事項,鋼筋混凝土造,0970305,14.61,0,0,0,無,有,800000,54757,,0.0,0,含裝潢費用,RPTNMLTLPHJFFAT57CA,6.27,0.85,2.66,,
屏東市,房地(土地+建物),屏東縣屏東巿復興南路一段３７６巷９７弄２號四樓之二,30.65,,鄉村區,乙種建築用地,1030713,土地1建物1車位0,四層,五層,公寓(5樓含以下無電梯),住家用,鋼筋混凝土造,0831230,113.14999999999999,3,2,2,有,有,1300000,11489,,0.0,0,,RPOOMLLJQHJFFAT88CA,79.01,0.0,10.23,,
屏東市,房地(土地+建物),屏東縣屏東巿大連路１巷３４號,16.5,住,,,1030701,土地1建物1車位0,一層,十一層,住宅大樓(11層含以上有電梯),見其他登記事項,鋼筋混凝土造,0821005,106.13,3,2,2,有,無,2700000,25440,,0.0,0,,RPWOMLSLPHJFFAT87CA,72.7,15.64,0.0,,
屏東市,房地(土地+建物)+車位,屏東縣屏東巿莊敬街二段５３巷５號,106.0,住,,,1030619,土地2建物1車位1,全,二層,透天厝,住家用,加強磚造,0780122,135.5,4,2,3,有,無,4200000,30996,一樓平面,0.0,0,親友、員工或其他特殊關係間之交易。,RPSNMLSJQHJFFAT27CA,121.4,14.1,0.0,,
屏東市,房地(土地+建物),屏東縣屏東巿公園西路８７巷５號,100.6,住,,,1030630,土地4建物1車位0,全,二層,透天厝,住家用,磚造,0630806,77.08,2,2,2,有,無,3600000,46705,,0.0,0,,RPQOMLLKQHJFFAT56CA,77.08,0.0,0.0,,
麟洛鄉,土地,農場段722地號,2718.82,,一般農業區,農牧用地,1030708,土地2建物0車位0,,,其他,,,,0.0,0,0,0,有,無,9250392,3402,,0.0,0,,RPUOMLLKQHJFFAT96CA,0.0,0.0,0.0,,
屏東市,房地(土地+建物),屏東縣屏東巿民富街１４５號,72.0,住,,,1030715,土地1建物1車位0,全,三層,透天厝,住家用,鋼筋混凝土造,0690610,119.55,4,2,2,有,無,4400000,36805,,0.0,0,,RPWOMLLKQHJFFAT17CA,119.55,0.0,0.0,,
萬丹鄉,土地,灣內段855地號,142.09,,特定農業區,農牧用地,1030702,土地2建物0車位0,,,其他,,,,0.0,0,0,0,有,無,355000,2498,,0.0,0,,RPROMLOLPHJFFAT07DA,0.0,0.0,0.0,,
屏東市,房地(土地+建物),屏東縣屏東巿大武路297號5樓之14,3.99,住,,,1030717,土地3建物1車位0,五層,七層,套房(1房1廳1衛),住家用,鋼筋混凝土造,0830827,32.519999999999996,1,1,1,有,無,680000,20910,,0.0,0,,RPRNMLPLPHJFFAT07DA,17.51,0.0,4.65,,
長治鄉,土地,長豐段265地號,82.65,農,,,1030716,土地1建物0車位0,,,其他,,,,0.0,0,0,0,有,無,256215,3100,,0.0,0,,RPXNMLPLPHJFFAT67DA,0.0,0.0,0.0,,
麟洛鄉,土地,徑仔段395地號,5754.5,,一般農業區,農牧用地,1030709,土地1建物0車位0,,,其他,,,,0.0,0,0,0,有,無,7450000,1295,,0.0,0,,RPRNMLNJQHJFFAT76DA,0.0,0.0,0.0,,
枋山鄉,土地,楓港段351-52地號,1353.0,,鄉村區,乙種建築用地,1030709,土地1建物0車位0,,,其他,,,,0.0,0,0,0,有,無,20460000,15122,,0.0,0,,RPSNMLPJQHJFFFT47CA,0.0,0.0,0.0,,
恆春鎮,土地,水泉段386-15地號,60.08,,國家公園區,,1030701,土地1建物0車位0,,,其他,,,,0.0,0,0,0,有,無,300000,4993,,0.0,0,,RPTNMLRJQHJFFET67CA,0.0,0.0,0.0,,
恆春鎮,土地,榔林段64地號,12551.0,,山坡地保育區,農牧用地,1030626,土地1建物0車位0,,,其他,,,,0.0,0,0,0,有,無,13125000,1046,,0.0,0,,RPPNMLPLPHJFFET17CA,0.0,0.0,0.0,,
南州鄉,土地,同安段9地號,2508.7,,一般農業區,農牧用地,1030619,土地1建物0車位0,,,其他,,,,0.0,0,0,0,有,無,4260000,1698,,0.0,0,,RPVNMLKLQHJFFDT27CA,0.0,0.0,0.0,,
琉球鄉,房地(土地+建物),屏東縣琉球鄉杉板路５１巷２０號,138.71,住,,,1030625,土地1建物1車位0,全,二層,透天厝,住宅,加強磚造,0940204,138.86,3,2,2,有,無,5800000,41769,,0.0,0,,RPRNMLLJQHJFFDT76CA,136.29,2.57,0.0,,
內埔鄉,土地,頭鏢段58-3地號,8035.0,,一般農業區,農牧用地,1030711,土地1建物0車位0,,,其他,,,,0.0,0,0,0,有,無,8280000,1030,,0.0,0,,RPROMLOLPHJFFCT17CA,0.0,0.0,0.0,,
內埔鄉,土地,圳頭段1010地號,4144.71,,一般農業區,農牧用地,1030714,土地1建物0車位0,,,其他,,,,0.0,0,0,0,有,無,2800000,676,,0.0,0,,RPXNMLKMPHJFFCT37CA,0.0,0.0,0.0,,
內埔鄉,房地(土地+建物),屏東縣內埔鄉德美路２５７號,132.65,住,,,1030707,土地1建物1車位0,全,三層,透天厝,見其他登記事項,見其他登記事項,1030317,231.88,5,2,4,有,無,8500000,36657,,0.0,0,,RPRNMLPLPHJFFCT17CA,221.49,0.0,10.39,,
萬巒鄉,土地,新厝段一小段355地號,38.0,,鄉村區,乙種建築用地,1030714,土地1建物0車位0,,,其他,,,,0.0,0,0,1,有,無,300000,7895,,0.0,0,含增建或未登記建物。,RPQNMLOJQHJFFCT86CA,0.0,0.0,0.0,,
潮州鎮,土地,五魁寮段一小段282-8地號,62.61,住,,,1030710,土地1建物0車位0,,,其他,,,,0.0,0,0,0,有,無,1533330,24490,,0.0,0,,RPPPMLLMPHJFFCT86CA,0.0,0.0,0.0,,
內埔鄉,土地,龍頸段304地號,2226.09,農,,,1030624,土地1建物0車位0,,,其他,,,,0.0,0,0,0,有,無,2500000,1123,,0.0,0,親友、員工或其他特殊關係間之交易。,RPXNMLPJQHJFFCT67CA,0.0,0.0,0.0,,
東港鎮,房地(土地+建物),屏東縣東港鎮環美路２２號,244.85,,一般農業區,丁種建築用地,1030414,土地1建物1車位0,一層，二層,二層,其他,廠房,鋼筋混凝土構造,1020315,261.03,5,2,3,有,無,8600000,32946,,0.0,0,,RPXNMLPLPHJFFDT87CA,251.05,9.98,0.0,,
潮州鎮,房地(土地+建物),屏東縣潮州鎮振昇路190號,81.33,住,,,1030623,土地1建物1車位0,全,二層,透天厝,住商用,鋼筋混凝土造,0781006,111.34,3,2,2,有,無,1808875,16246,,0.0,0,親友、員工或其他特殊關係間之交易。,RPSOMLSKQHJFFCT67CA,0.0,0.0,0.0,,
潮州鎮,房地(土地+建物),屏東縣潮州鎮興隆路３２號,93.4,住,,,1030615,土地1建物1車位0,全,三層,透天厝,見其他登記事項,見其他登記事項,1030324,204.23,4,2,4,有,無,9800000,47985,,0.0,0,,RPTNMLQJQHJFFCT37CA,189.07,0.0,15.16,,
萬巒鄉,土地,新厝段308-3地號,1739.0,,一般農業區,農牧用地,1030715,土地1建物0車位0,,,其他,,,,0.0,0,0,0,有,無,1600000,920,,0.0,0,,RPPNMLKKQHJFFCT09CA,0.0,0.0,0.0,,
內埔鄉,土地,早角段280地號,1734.8,,一般農業區,農牧用地,1030624,土地2建物0車位0,,,其他,,,,0.0,0,0,0,有,無,700000,404,,0.0,0,地勢低窪遇雨則淹,RPPOMLKLQHJFFCT66CA,0.0,0.0,0.0,,
竹田鄉,土地,鳳新段24地號,1939.74,,特定農業區,農牧用地,1030630,土地2建物0車位0,,,其他,,,,0.0,0,0,0,有,無,4000000,2062,,0.0,0,,RPQOMLOJQHJFFCT96CA,0.0,0.0,0.0,,
內埔鄉,房地(土地+建物),屏東縣內埔鄉褔泰路１０７巷４１號三樓,11.45,,鄉村區,乙種建築用地,1030711,土地1建物1車位0,三層,六層,套房(1房1廳1衛),住家用,鋼筋混凝土造,0840505,33.33,1,0,1,有,有,430000,12901,,0.0,0,,RPROMLOJQHJFFCT07CA,19.64,0.6,3.01,,
潮州鎮,房地(土地+建物),屏東縣潮州鎮新生路９６之１號,78.71,商,,,1030604,土地1建物1車位0,全,二層,透天厝,住商用,鋼筋混凝土加強磚造,,68.68,3,1,2,有,無,5000000,72801,,0.0,0,受債權債務影響或債務抵償之交易。,RPTNMLRJQHJFFCT47CA,68.68,0.0,0.0,,
潮州鎮,房地(土地+建物),屏東縣潮州鎮華安街３７號,85.46,住,,,1030623,土地1建物1車位0,全,四層,透天厝,住家用,鋼筋混凝土造,0821231,168.26,5,1,2,有,無,4500000,26744,,0.0,0,,RPVNMLRJQHJFFCT67CA,148.61,8.97,10.68,,
潮州鎮,房地(土地+建物),屏東縣潮州鎮光明路３６號,68.84,,鄉村區,乙種建築用地,1030627,土地1建物1車位0,全,三層,透天厝,住家用,鋼筋混凝土造,0801118,145.88,3,2,3,有,無,3660000,25089,,0.0,0,,RPRPMLLMPHJFFCT07CA,131.55,14.33,0.0,,
萬巒鄉,土地,赤山段492-1地號,1482.0,,一般農業區,農牧用地,1030706,土地1建物0車位0,,,其他,,,,0.0,0,0,0,有,無,1090000,735,,0.0,0,,RPVNMLPLPHJFFCT57CA,0.0,0.0,0.0,,
內埔鄉,土地,內田段26地號,10.28,商,,,1030715,土地1建物0車位0,,,其他,,,,0.0,0,0,0,有,無,465000,45233,,0.0,0,本申報書資料係由當事人確認提供屬實，畸零地之交易。,RPXNMLSLPHJFFCT08CA,0.0,0.0,0.0,,
新園鄉,房地(土地+建物),屏東縣新園鄉聖心路１０３號,76.25,住,,,1030629,土地1建物1車位0,全,三層,透天厝,店舖、住宅,鋼筋混凝土造,0821106,184.56,4,2,3,有,無,3800000,20590,,0.0,0,,RPPNMLLJQHJFFDT56CA,149.06,23.5,12.0,,
林邊鄉,土地,成功段142地號,880.53,,一般農業區,農牧用地,1030711,土地4建物0車位0,,,其他,,,,0.0,0,0,0,有,無,1200000,1363,,0.0,0,,RPRNMLKMPHJFFDT86CA,0.0,0.0,0.0,,
恆春鎮,房地(土地+建物),屏東縣恆春鎮南灣路鞍山巷５０號二樓之五八,20.31,,國家公園區,,1030713,土地2建物1車位0,二層,三層,套房(1房1廳1衛),住家用,鋼筋混凝土造,0830709,32.01,1,1,1,有,無,1225000,38269,,0.0,0,,RPTNMLTLPHJFFET97CA,28.41,0.0,3.6,,
枋寮鄉,土地,保生段1151地號,46.6,住,,,1030628,土地1建物0車位0,,,其他,,,,0.0,0,0,0,有,無,352400,7562,,0.0,0,,RPTNMLRJQHJFFFT77CA,0.0,0.0,0.0,,
佳冬鄉,房地(土地+建物),屏東縣佳冬鄉民享街３３巷１２號,94.59,住,,,1030707,土地2建物1車位0,全,三層,透天厝,住家用,鋼筋混凝土造,0840401,127.87,3,2,2,有,無,2300000,17987,,0.0,0,,RPRNMLKLQHJFFFT07CA,110.12,5.92,11.83,,
屏東市,土地,新勝興段5地號,352.16,住,,,1030707,土地2建物0車位0,,,其他,,,,0.0,0,0,0,有,無,8603600,24431,,0.0,0,,RPPNMLTLPHJFFAT27DA,0.0,0.0,0.0,,
屏東市,土地,民和段105地號,50.0,其他,,,1030716,土地1建物0車位0,,,其他,,,,0.0,0,0,0,有,無,650000,13000,,0.0,0,,RPXNMLTLPHJFFAT08DA,0.0,0.0,0.0,,
高樹鄉,土地,阿拔泉段175-2地號,1653.0,,一般農業區,農牧用地,1030715,土地1建物0車位0,,,其他,,,,0.0,0,0,0,有,無,502000,304,,0.0,0,,RPSNMLSLPHJFFBT57DA,0.0,0.0,0.0,,
九如鄉,房地(土地+建物),屏東縣九如鄉三多路１９９巷２６號,86.0,,鄉村區,乙種建築用地,1030709,土地1建物1車位0,全,三層,透天厝,住家用,鋼筋混凝土造,0830528,158.96,3,2,2,有,無,1900000,11953,,0.0,0,,RPROMLLKQHJFFAT66CA,145.2,6.41,7.35,,
屏東市,房地(土地+建物)+車位,屏東縣屏東巿機場北路４４８號十一樓,8.7,住,,,1030716,土地1建物1車位1,十一層,十四層,住宅大樓(11層含以上有電梯),見其他登記事項,鋼筋混凝土造,0881204,85.55,2,1,1,有,有,1550000,18118,坡道平面,24.0,0,,RPSOMLMKQHJFFAT86CA,37.64,0.0,9.5,,
屏東市,房地(土地+建物),屏東縣屏東巿公忠二街２３巷１１號,57.0,住,,,1030701,土地1建物1車位0,全,二層,透天厝,住家用,磚造,0630607,73.68,2,1,1,有,無,1100000,14929,,0.0,0,,RPWOMLRJQHJFFAT67CA,73.68,0.0,0.0,,
麟洛鄉,房地(土地+建物),屏東縣麟洛鄉中華路站前巷２號,3344.48,,一般農業區,農牧用地,1030710,土地1建物1車位0,一層，二層,二層,農舍,農舍,鋼造,0860425,305.93,3,3,2,有,無,8500000,,,0.0,0,,RPTNMLRJQHJFFAT27CA,305.93,0.0,0.0,,
麟洛鄉,房地(土地+建物),屏東縣麟洛鄉大同街１０巷７號,114.77,住,,,1030710,土地2建物1車位0,全,二層,透天厝,住家用,加強磚造,0770330,115.25,4,2,2,有,無,2000000,17354,,0.0,0,親友、員工或其他特殊關係間之交易。,RPVNMLRJQHJFFAT47CA,112.0,3.25,0.0,,
九如鄉,土地,東寧段371-3地號,2526.0,,一般農業區,農牧用地,1030628,土地1建物0車位0,,,其他,,,,0.0,0,0,0,有,無,2942500,1165,,0.0,0,含增建或未登記建物。,RPXNMLRJQHJFFAT67CA,0.0,0.0,0.0,,
九如鄉,房地(土地+建物),屏東縣九如鄉九如路二段１１９號,94.53,商,,,1030703,土地1建物1車位0,全,四層,透天厝,住商用,鋼筋混凝土造,0820522,290.91,5,3,3,有,無,8500000,29219,,0.0,0,,RPSOMLTKQHJFFAT57CA,283.71,7.2,0.0,,
屏東市,土地,建國段1258地號,60.0,住,,,1030701,土地1建物0車位0,,,其他,,,,0.0,0,0,0,有,無,720000,12000,,0.0,0,,RPQNMLSKQHJFFAT17CA,0.0,0.0,0.0,,
麟洛鄉,土地,徑仔段751地號,17276.32,,一般農業區,農牧用地,1030724,土地5建物0車位0,,,其他,,,,0.0,0,0,0,有,無,28500000,1650,,0.0,0,,RPSOMLSLPHJFFAT47CA,0.0,0.0,0.0,,
屏東市,土地,清溪段743地號,3038.0,,特定農業區,農牧用地,1030617,土地3建物0車位0,,,其他,,,,0.0,0,0,0,有,無,8764000,2885,,0.0,0,,RPVOMLSLPHJFFAT77CA,0.0,0.0,0.0,,
屏東市,房地(土地+建物),屏東縣屏東巿龍華路２９巷５４弄４號,166.74,,鄉村區,乙種建築用地,1030528,土地3建物2車位0,全,二層,透天厝,住家用,加強磚造,0741220,196.37,3,1,2,有,無,3000000,15277,,0.0,0,,RPSOMLKMPHJFFAT76CA,184.47,11.9,0.0,,
屏東市,房地(土地+建物),屏東縣屏東巿海豐３２之８號,123.0,,鄉村區,乙種建築用地,1030707,土地1建物1車位0,全,三層,透天厝,住家用,見其他登記事項,0980717,176.56,4,2,3,有,無,5150000,29169,,0.0,0,,RPTOMLKMPHJFFAT86CA,157.33,0.0,19.23,,
屏東市,房地(土地+建物)+車位,屏東縣屏東巿公教街41號,145.0,住,,,1030716,土地2建物1車位2,全,四層,透天厝,住家用,見其他登記事項,1020923,283.43,4,2,3,有,無,14800000,52217,一樓平面,0.0,0,車位不另計價,RPVOMLKMPHJFFAT07CA,252.67,0.0,30.76,,
鹽埔鄉,土地,民意段639地號,3622.65,,一般農業區,農牧用地,1030707,土地2建物0車位0,,,其他,,,,0.0,0,0,0,有,無,3468900,958,,0.0,0,,RPRNMLLKQHJFFBT66CA,0.0,0.0,0.0,,
里港鄉,房地(土地+建物),屏東縣里港鄉玉田路４３之１８號,84.0,住,,,1030619,土地1建物1車位0,全,二層,透天厝,住商用,加強磚造,0710512,100.21,0,0,0,無,無,1650000,16465,,0.0,0,,RPWNMLSLPHJFFBT87CA,97.24,2.97,0.0,,
高樹鄉,土地,源泉段532地號,108.38,,鄉村區,乙種建築用地,1030711,土地1建物0車位0,,,其他,,,,0.0,0,0,0,有,無,900000,8304,,0.0,0,,RPQNMLKMPHJFFBT56CA,0.0,0.0,0.0,,
枋山鄉,土地,楓港段130-5地號,2426.0,,一般農業區,農牧用地,1030701,土地2建物0車位0,,,其他,,,,0.0,0,0,0,有,無,1213000,500,,0.0,0,親友、員工或其他特殊關係間之交易。,RPUNMLSLPHJFFFT28EA,0.0,0.0,0.0,,
竹田鄉,土地,水源段14-1地號,21.19,,河川區,農牧用地,1030709,土地1建物0車位0,,,其他,,,,0.0,0,0,0,有,無,17800,840,,0.0,0,協議價購,RPROMLLMPHJFFCT07DA,0.0,0.0,0.0,,
竹田鄉,土地,水源段14-1地號,21.19,,河川區,農牧用地,1030709,土地1建物0車位0,,,其他,,,,0.0,0,0,0,有,無,17800,840,,0.0,0,協議價購,RPSOMLLMPHJFFCT17DA,0.0,0.0,0.0,,
竹田鄉,土地,水源段35-1地號,20.64,,河川區,農牧用地,1030709,土地1建物0車位0,,,其他,,,,0.0,0,0,0,有,無,17546,850,,0.0,0,協議價購,RPTOMLLMPHJFFCT27DA,0.0,0.0,0.0,,
竹田鄉,土地,水源段35-1地號,20.64,,河川區,農牧用地,1030709,土地1建物0車位0,,,其他,,,,0.0,0,0,0,有,無,17546,850,,0.0,0,協議價購,RPUOMLLMPHJFFCT37DA,0.0,0.0,0.0,,
竹田鄉,土地,水源段35-1地號,20.64,,河川區,農牧用地,1030709,土地1建物0車位0,,,其他,,,,0.0,0,0,0,有,無,17546,850,,0.0,0,協議價購,RPVOMLLMPHJFFCT47DA,0.0,0.0,0.0,,
竹田鄉,土地,鳳山厝段606地號,27.0,,河川區,農牧用地,1030724,土地1建物0車位0,,,其他,,,,0.0,0,0,0,有,無,32400,1200,,0.0,0,協議價購,RPWOMLLMPHJFFCT57DA,0.0,0.0,0.0,,
車城鄉,土地,田中段145-1地號,23.99,住,,,1030601,土地1建物0車位0,,,其他,,,,0.0,0,0,0,有,無,130000,5419,,0.0,0,占用別人土地買回,RPQNMLLMPHJFFET07DA,0.0,0.0,0.0,,
東港鎮,房地(土地+建物),屏東縣東港鎮沿海路280號2樓,31.8,住,,,1030709,土地1建物1車位0,二層,五層,公寓(5樓含以下無電梯),住宅,鋼筋混凝土造,0810117,121.71,3,2,2,有,無,2680000,22020,,0.0,0,,RPSNMLOKQHJFFDT37DA,110.68,0.0,11.03,,
東港鎮,房地(土地+建物),屏東縣東港鎮中山路2-187號,68.0,住,,,1030618,土地2建物1車位0,全,三層,透天厝,住宅,鋼筋混凝土造,0650224,139.0,3,2,2,有,無,5520000,39712,,0.0,0,,RPUNMLLLQHJFFDT37DA,139.0,0.0,0.0,,
鹽埔鄉,土地,新圍段112-1141地號,3883.0,,一般農業區,農牧用地,1030718,土地1建物0車位0,,,其他,,,,0.0,0,0,0,有,無,2800000,721,,0.0,0,,RPRNMLKMPHJFFBT66CA,0.0,0.0,0.0,,
高樹鄉,土地,豐源段285地號,5703.0,,一般農業區,農牧用地,1030716,土地2建物0車位0,,,其他,,,,0.0,0,0,0,有,無,10000000,1753,,0.0,0,,RPSNMLKMPHJFFBT76CA,0.0,0.0,0.0,,
鹽埔鄉,土地,大仁段38地號,4147.12,,一般農業區,農牧用地,1030716,土地1建物0車位0,,,其他,,,,0.0,0,0,0,有,無,4560000,1100,,0.0,0,,RPTNMLKMPHJFFBT86CA,0.0,0.0,0.0,,
鹽埔鄉,房地(土地+建物),屏東縣鹽埔鄉四維路９４之２號,84.75,,鄉村區,乙種建築用地,1030629,土地1建物1車位0,全,三層,透天厝,見其他登記事項,鋼筋混凝土造,0791227,145.98,4,2,2,有,無,2000000,13701,,0.0,0,,RPTNMLTLPHJFFBT67CA,138.66,7.32,0.0,,
長治鄉,房地(土地+建物),屏東縣長治鄉單座二巷５５號,122.78,,一般農業區,甲種建築用地,1030704,土地2建物1車位0,全,四層,透天厝,住家用,鋼筋混凝土造,0810516,177.12,4,2,3,有,無,3500000,19761,,0.0,0,,RPTNMLKMPHJFFAT76CA,177.12,0.0,0.0,,
屏東市,房地(土地+建物)+車位,屏東縣屏東巿博愛路３９０號五樓之一,14.48,住,,,1030630,土地1建物1車位1,五層,七層,華廈(10層含以下有電梯),住家用,鋼筋混凝土造,0850315,95.12,3,2,1,有,有,1750000,18398,坡道平面,0.0,0,,RPVNMLKMPHJFFAT96CA,51.83,2.38,7.45,,
屏東市,房地(土地+建物),屏東縣屏東巿機場北路４５０號十二樓,17.4,住,,,1030716,土地1建物1車位0,十二層,十四層,住宅大樓(11層含以上有電梯),見其他登記事項,鋼筋混凝土造,0881204,120.94,3,2,2,有,無,1900000,15710,,0.0,0,,RPWNMLKMPHJFFAT07CA,85.15,0.0,8.9,,
長治鄉,房地(土地+建物),屏東縣長治鄉瑞源路２４０號六樓之一,22.11,住,,,1030709,土地1建物1車位0,六層,十一層,住宅大樓(11層含以上有電梯),住家用,鋼筋混凝土造,0850607,128.01,4,2,2,有,有,2200000,17186,,0.0,0,,RPSOMLLJQHJFFAT66CA,81.77,0.85,14.39,,
萬丹鄉,房地(土地+建物),屏東縣萬丹鄉竹林路９０巷７７號,67.97,,鄉村區,乙種建築用地,1030725,土地1建物1車位0,全,三層,透天厝,住家用,鋼筋混凝土造,0830324,125.36,3,2,2,有,無,1800000,14359,,0.0,0,,RPPNMLMJQHJFFAT98CA,117.49,6.02,1.85,,
屏東市,房地(土地+建物),屏東縣屏東巿自由路８５號六樓之二,3.23,住,,,1030715,土地1建物1車位0,六層,十三層,住宅大樓(11層含以上有電梯),住家用,鋼筋混凝土造,0831104,34.18,0,0,0,無,有,600000,17554,,0.0,0,,RPUOMLLMPHJFFAT07CA,20.3,0.0,2.33,,
屏東市,房地(土地+建物),屏東縣屏東巿古松西巷３１７弄２號,123.44,住,,,1030709,土地2建物1車位0,全,四層,透天厝,見其他登記事項,鋼筋混凝土造,0910322,196.17,5,2,5,有,無,6170000,31452,,0.0,0,,RPTNMLPJQHJFFAT07CA,187.95,0.0,8.22,,
屏東市,房地(土地+建物),屏東縣屏東巿廣勝路３９１巷９號,135.77,住,,,1030627,土地4建物1車位0,全,三層,透天厝,住家用,鋼筋混凝土造,1020723,213.64,5,2,5,有,無,9570000,44795,,0.0,0,,RPROMLRJQHJFFAT17CA,188.1,0.0,25.54,,
屏東市,房地(土地+建物),屏東縣屏東巿廣勝路３９１巷２５號,133.77,住,,,1030527,土地4建物1車位0,全,三層,透天厝,住家用,鋼筋混凝土造,1020723,213.64,5,2,5,有,無,9500000,44467,,0.0,0,,RPTOMLRJQHJFFAT37CA,188.1,0.0,25.54,,
里港鄉,土地,武洛段469-18地號,88.33,,鄉村區,乙種建築用地,1010708,土地1建物0車位0,,,其他,,,,0.0,0,0,0,有,無,282688,3200,,0.0,0,親友、員工或其他特殊關係間之交易。,RPPOMLKMPHJFFBT66DA,0.0,0.0,0.0,,
鹽埔鄉,土地,彭新段1106地號,2431.74,,一般農業區,農牧用地,1030715,土地1建物0車位0,,,其他,,,,0.0,0,0,0,有,無,3250000,1336,,0.0,0,,RPPNMLMLQHJFFBT76DA,0.0,0.0,0.0,,
恆春鎮,房地(土地+建物),屏東縣恆春鎮南灣路鞍山巷５０號二樓之五九,20.31,,國家公園區,,1030713,土地2建物1車位0,二層,三層,套房(1房1廳1衛),住家用,鋼筋混凝土造,0830709,32.01,1,1,1,有,無,1225000,38269,,0.0,0,,RPSNMLTLPHJFFET87CA,28.41,0.0,3.6,,
恆春鎮,土地,水泉段277-4地號,3184.0,,國家公園區,,1030625,土地5建物0車位0,,,其他,,,,0.0,0,0,0,有,無,17230000,5411,,0.0,0,,RPUNMLRJQHJFFET77CA,0.0,0.0,0.0,,
東港鎮,房地(土地+建物),屏東縣東港鎮福德街1號,201.25,住,,,1030608,土地1建物1車位0,全,三層,透天厝,住商用,磚造,0240313,272.79,3,2,2,有,無,4900000,17963,,0.0,0,,RPPNMLLMPHJFFDT76CA,272.79,0.0,0.0,,
東港鎮,土地,新仁段224-2地號,135.19,住,,,1030728,土地1建物0車位0,,,其他,,,,0.0,0,0,0,有,無,3394000,25105,,0.0,0,,RPQNMLLLQHJFFDT86CA,0.0,0.0,0.0,,
琉球鄉,土地,本漁段799地號,209.6,住,,,1021231,土地33建物0車位0,,,其他,,,,0.0,0,0,0,有,無,944849,4508,,0.0,0,三等親買賣,RPSNMLOJQHJFFDT17CA,0.0,0.0,0.0,,
內埔鄉,土地,隘寮段150-3地號,2880.0,,一般農業區,農牧用地,1030623,土地1建物0車位0,,,其他,,,,0.0,0,0,0,有,無,6300000,2188,,0.0,0,,RPOOMLKMPHJFFCT56CA,0.0,0.0,0.0,,
內埔鄉,土地,隘寮段150-6地號,2593.0,,一般農業區,農牧用地,1030623,土地1建物0車位0,,,其他,,,,0.0,0,0,0,有,無,5200000,2005,,0.0,0,,RPPNMLLMPHJFFCT66CA,0.0,0.0,0.0,,
新埤鄉,土地,萬隆段1189地號,3951.69,,一般農業區,農牧用地,1030714,土地1建物0車位0,,,其他,,,,0.0,0,0,0,有,無,4560000,1154,,0.0,0,,RPSNMLTLPHJFFCT67CA,0.0,0.0,0.0,,
竹田鄉,房地(土地+建物),屏東縣竹田鄉大平路６０號,318.25,,鄉村區,乙種建築用地,1030710,土地1建物1車位0,全,一層,透天厝,住家用,磚造,0600401,21.0,3,2,1,有,無,1100000,52381,,0.0,0,親友、員工或其他特殊關係間之交易。,RPPNMLTLPHJFFCT37CA,21.0,0.0,0.0,,
潮州鎮,土地,三星段495-19地號,2015.14,住,,,1030714,土地1建物0車位0,,,其他,,,,0.0,0,0,0,有,無,36574200,18150,,0.0,0,,RPTOMLRJQHJFFCT57CA,0.0,0.0,0.0,,
內埔鄉,房地(土地+建物),屏東縣內埔鄉德美路３１０號,30.1,住,,,1030711,土地1建物1車位0,一層，二層，三層，騎樓,八層,華廈(10層含以下有電梯),住家用,鋼筋混凝土造,0850109,149.97,0,0,2,無,無,3650000,24338,,0.0,0,,RPVNMLOJQHJFFCT37CA,116.22,2.72,4.97,,
內埔鄉,房地(土地+建物),屏東縣內埔鄉勝利路２６２號,83.77,住,,,1030709,土地1建物1車位0,全,四層,透天厝,住商用,鋼筋混凝土造,0841009,206.44,7,1,3,有,無,3750000,18165,,0.0,0,,RPRNMLMLQHJFFCT96CA,194.44,4.0,8.0,,
潮州鎮,房地(土地+建物),屏東縣潮州鎮壽星路8號三樓之一,15.07,住,,,1030706,土地1建物1車位0,三層,十一層,住宅大樓(11層含以上有電梯),住家用,鋼筋混凝土造,0840104,97.81,3,1,2,有,有,1250000,12780,,0.0,0,,RPTNMLKLQHJFFCT96CA,68.4,0.0,10.04,,
內埔鄉,房地(土地+建物),屏東縣內埔鄉德美路２１８號,116.02,住,,,1030630,土地1建物1車位0,全,三層,透天厝,見其他登記事項,見其他登記事項,1030425,224.1,5,2,5,有,無,7500000,33467,,0.0,0,,RPQNMLKKQHJFFCT56CA,199.35,0.0,24.75,,
內埔鄉,房地(土地+建物),屏東縣內埔鄉德美路２２０號,105.6,住,,,1030630,土地1建物1車位0,全,三層,透天厝,見其他登記事項,見其他登記事項,1030425,223.83,5,2,5,有,無,7500000,33508,,0.0,0,,SPQNMLKKQHJFFCT66CA,199.08,0.0,24.75,,
內埔鄉,房地(土地+建物),屏東縣內埔鄉德美路２２８號,105.6,住,,,1030630,土地1建物1車位0,全,三層,透天厝,見其他登記事項,見其他登記事項,1030425,223.83,5,2,5,有,無,7500000,33508,,0.0,0,,RPRNMLKKQHJFFCT66CA,199.08,0.0,24.75,,
內埔鄉,房地(土地+建物),屏東縣內埔鄉德美路２３６號,105.6,住,,,1030708,土地1建物1車位0,全,三層,透天厝,見其他登記事項,見其他登記事項,1030425,222.39,5,2,5,有,無,8000000,35973,,0.0,0,,RPSNMLKKQHJFFCT76CA,199.08,0.0,23.31,,
內埔鄉,土地,圳頭段1128-1地號,1317.3,,一般農業區,農牧用地,1030603,土地2建物0車位0,,,其他,,,,0.0,0,0,0,有,無,1360000,1032,,0.0,0,,RPPNMLMKQHJFFCT66CA,0.0,0.0,0.0,,
內埔鄉,房地(土地+建物),屏東縣內埔鄉學人路267之33號五樓,8.06,,鄉村區,乙種建築用地,1030711,土地1建物1車位0,五層,六層,華廈(10層含以下有電梯),住家用,鋼筋混凝土造,0840710,14.78,0,0,0,無,無,380000,25710,,0.0,0,,RPOOMLPKQHJFFCT96CA,0.0,0.0,0.0,,
潮州鎮,房地(土地+建物),屏東縣潮州鎮三星路20號2樓之4,21.16,住,,,1030628,土地1建物1車位0,二層,七層,華廈(10層含以下有電梯),住家用,鋼筋混凝土造,0831108,116.61,3,1,2,有,有,1600000,13721,,0.0,0,,RPQNMLPKQHJFFCT07CA,74.87,0.64,13.1,,
萬巒鄉,房地(土地+建物),屏東縣萬巒鄉東山路８７之５號,122.0,,鄉村區,乙種建築用地,1030607,土地1建物1車位0,全,三層,透天厝,住商用,鋼筋混凝土造,0831121,191.25,4,2,2,有,無,1850000,9673,,0.0,0,,RPVOMLMKQHJFFCT37CA,0.0,0.0,0.0,,
潮州鎮,土地,劉厝庄段624地號,704.26,,鄉村區,乙種建築用地,1030404,土地4建物0車位0,,,其他,,,,0.0,0,0,0,有,無,12300000,17465,,0.0,0,,RPQNMLRKQHJFFCT27CA,0.0,0.0,0.0,,
潮州鎮,土地,榮田段1460地號,1987.41,工,,,1030707,土地4建物0車位0,,,其他,,,,0.0,0,0,0,有,無,24000000,12076,,0.0,0,,RPRNMLRKQHJFFCT37CA,0.0,0.0,0.0,,
潮州鎮,土地,華興段83-2地號,40.52,住,,,1030624,土地2建物0車位0,,,其他,,,,0.0,0,0,0,有,無,490292,12100,,0.0,0,,RPSOMLMKQHJFFCT07CA,0.0,0.0,0.0,,
潮州鎮,房地(土地+建物),屏東縣潮州鎮忠孝路６１號,127.42,商,,,1030625,土地3建物2車位0,全,二層,透天厝,住商用,鋼筋混凝土加強磚造,0441001,197.24,6,4,4,有,無,4500000,22815,,0.0,0,上有未登記建物。,RPSNMLLKQHJFFCT86CA,197.24,0.0,0.0,,
內埔鄉,房地(土地+建物),屏東縣內埔鄉樹山路樹寧巷６號,3555.0,,特定農業區,農牧用地,1030711,土地1建物1車位0,一層,一層,農舍,農舍,磚造,0650101,116.64,0,0,0,有,無,9160000,,,0.0,0,,RPPPMLTKQHJFFCT57CA,116.64,0.0,0.0,,
潮州鎮,房地(土地+建物),屏東縣潮州鎮北門路１７１號,141.19,住,,,1030624,土地1建物1車位0,全,三層,透天厝,見其他登記事項,見其他登記事項,1021107,252.34,4,2,3,有,無,13000000,51518,,0.0,0,,RPTOMLQLQHJFFCT67CA,234.84,0.0,17.5,,
潮州鎮,房地(土地+建物),屏東縣潮州鎮福康路35巷1號,116.69,住,,,1030708,土地2建物1車位0,全,四層,透天厝,見其他登記事項,鋼筋混凝土造,0841222,173.06,4,1,3,有,無,3000000,17335,,0.0,0,,RPSNMLQJQHJFFCT27CA,155.72,5.04,12.3,,
竹田鄉,土地,新勢段2187地號,9840.0,,特定農業區,農牧用地,1030618,土地4建物0車位0,,,其他,,,,0.0,0,0,0,有,無,19250000,1956,,0.0,0,,RPSPMLLMPHJFFCT17CA,0.0,0.0,0.0,,
內埔鄉,房地(土地+建物),屏東縣潮州鎮德美路２５５號,132.69,住,,,1030603,土地1建物1車位0,全,三層,透天厝,見其他登記事項,見其他登記事項,1030317,231.88,5,2,4,有,無,8500000,36657,,0.0,0,,RPQNMLLMPHJFFCT76CA,221.49,0.0,10.39,,
南州鄉,房地(土地+建物),屏東縣南州鄉溪北村仁里路７９之５號,119.98,住,,,1030708,土地1建物1車位0,一層，二層，三層，四層，騎樓,四層,店面(店鋪),店舖、住宅,鋼筋混凝土造,0860318,262.29,3,2,4,有,無,6800000,25926,,0.0,0,,RPQNMLLKQHJFFDT76CA,229.67,1.31,31.31,,
崁頂鄉,土地,頂義段784地號,1194.83,農,,,1030714,土地4建物0車位0,,,其他,,,,0.0,0,0,0,有,無,1900000,1590,,0.0,0,,RPQNMLTLPHJFFDT57CA,0.0,0.0,0.0,,
新園鄉,土地,新吉段500地號,3799.0,,特定農業區,農牧用地,1030704,土地1建物0車位0,,,其他,,,,0.0,0,0,0,有,無,5000000,1316,,0.0,0,親友、員工或其他特殊關係間之交易。,RPPNMLRJQHJFFDT17CA,0.0,0.0,0.0,,
新園鄉,房地(土地+建物),屏東縣新園鄉興安路１５６巷６號,80.19,,特定農業區,甲種建築用地,1030709,土地2建物1車位0,全,四層,透天厝,店舖、住宅,鋼筋混凝土造,0820225,198.39,4,1,3,有,無,2000000,10081,,0.0,0,,RPPNMLSJQHJFFDT27CA,198.39,0.0,0.0,,
枋寮鄉,土地,內寮村段33地號,889.88,,一般農業區,農牧用地,1030625,土地1建物0車位0,,,其他,,,,0.0,0,0,0,有,無,2288030,2571,,0.0,0,,RPTNMLLMPHJFFFT37CA,0.0,0.0,0.0,,
滿州鄉,土地,滿林段122地號,27681.89,,山坡地保育區,農牧用地,1020225,土地5建物0車位0,,,其他,,,,0.0,0,0,0,有,無,13800000,499,,0.0,0,,RPQOMLMLQHJFFET17CA,0.0,0.0,0.0,,
高樹鄉,土地,加蚋埔段38-93地號,18000.0,,一般農業區,農牧用地,1030715,土地1建物0車位0,,,其他,,,,0.0,0,0,0,有,無,7380000,410,,0.0,0,,RPRNMLTLPHJFFBT57DA,0.0,0.0,0.0,,
九如鄉,房地(土地+建物),屏東縣九如鄉龍子一街39號,83.7,住,,,1030702,土地1建物1車位0,全,四層,透天厝,住商用,鋼筋混凝土造,0820601,168.9,4,2,3,有,無,2000000,11841,,0.0,0,,RPVNMLRLQHJFFAT77DA,160.08,0.0,8.82,,
屏東市,房地(土地+建物),屏東縣屏東巿廣勝路３９１巷２０號,134.77,住,,,1030701,土地4建物1車位0,全,三層,透天厝,住家用,鋼筋混凝土造,1020723,213.64,5,2,5,有,無,9509999,44514,,0.0,0,,RPVOMLRJQHJFFAT57CA,191.08,0.0,22.56,,
屏東市,房地(土地+建物),屏東縣屏東巿廣東路４０９巷３號,76.0,住,,,1030705,土地2建物1車位0,全,二層,透天厝,住家用,磚造,0590110,80.0,4,2,3,有,無,5000000,62500,,0.0,0,,RPVNMLLKQHJFFAT96CA,80.0,0.0,0.0,,
長治鄉,房地(土地+建物)+車位,屏東縣長治鄉新民街１３６之２號,151.13,住,,,1030711,土地1建物1車位1,全,三層,透天厝,住家用,鋼筋混凝土造,1020604,249.23,5,2,4,有,無,12000000,48148,一樓平面,0.0,0,,RPTNMLSJQHJFFAT37CA,224.02,0.0,25.21,,
屏東市,房地(土地+建物),屏東縣屏東巿大連路４０巷５５號,95.0,住,,,1030605,土地1建物1車位0,全,二層,透天厝,住家用,加強磚造,0750524,125.77,3,2,2,有,無,3200000,25443,,0.0,0,,RPXOMLLKQHJFFAT27CA,110.8,14.97,0.0,,
屏東市,土地,文明段三小段21地號,92.0,住,,,1011230,土地1建物0車位0,,,其他,,,,0.0,0,0,0,有,無,2500000,27174,,0.0,0,親友、員工或其他特殊關係間之交易。,RPQNMLPKQHJFFAT86CA,0.0,0.0,0.0,,
屏東市,建物,屏東縣屏東巿泰安里林森路128巷2之1號,0.0,,,,1030610,土地0建物1車位0,全,二層,透天厝,住家用,鋼筋混凝土加強磚造,0660414,111.95,4,1,2,有,無,1500000,13399,,0.0,0,親友、員工或其他特殊關係間之交易。,RPRNMLPKQHJFFAT96CA,111.95,0.0,0.0,,
長治鄉,房地(土地+建物),屏東縣長治鄉新潭三巷５９號,134.01,住,,,1030709,土地1建物1車位0,全,三層,透天厝,住家用,鋼筋混凝土造,1021209,236.92,5,2,4,有,無,8280000,34949,,0.0,0,,RPWNMLRLQHJFFAT77CA,222.84,0.0,14.08,,
屏東市,房地(土地+建物)+車位,屏東縣屏東巿華盛街１３號五樓之三,42.79,住,,,1030704,土地1建物1車位1,五層,十四層,住宅大樓(11層含以上有電梯),見其他登記事項,鋼筋混凝土造,0930909,169.89,3,2,2,有,有,3180000,18718,坡道平面,0.0,0,含停車位編號962,RPROMLLKRHJFFAT76CA,96.85,0.0,10.43,,
長治鄉,土地,德榮段694地號,2153.3,,一般農業區,農牧用地,1030717,土地1建物0車位0,,,其他,,,,0.0,0,0,0,有,無,1000000,464,,0.0,0,親友、員工或其他特殊關係間之交易。,RPSNMLNJQHJFFAT76CA,0.0,0.0,0.0,,
萬丹鄉,土地,興化段190-400地號,601.84,,河川區,農牧用地,1030718,土地1建物0車位0,,,其他,,,,0.0,0,0,0,有,無,589465,979,,0.0,0,,RPQOMLLJQHJFFAT09CA,0.0,0.0,0.0,,
屏東市,房地(土地+建物),屏東縣屏東巿菸廠西巷５４號,64.0,住,,,1030721,土地1建物1車位0,全,二層,透天厝,住家用,鋼筋混凝土加強磚造,0650802,79.56,3,2,2,有,無,3200000,40221,,0.0,0,,RPROMLOJQHJFFAT86CA,79.56,0.0,0.0,,
屏東市,房地(土地+建物),屏東縣屏東巿和生路二段５４２巷５６號,90.0,住,,,1030706,土地1建物1車位0,全,二層,透天厝,住家用,加強磚造,0770519,119.35,4,2,2,有,無,3000000,25136,,0.0,0,,RPPOMLOJQHJFFAT66CA,105.93,13.42,0.0,,
九如鄉,土地,九如段159地號,57.5,,鄉村區,乙種建築用地,1030716,土地1建物0車位0,,,其他,,,,0.0,0,0,0,有,無,200000,3478,,0.0,0,,RPWNMLOJQHJFFAT27CA,0.0,0.0,0.0,,
屏東市,房地(土地+建物),屏東縣屏東巿博愛路３１３巷２號,81.92,住,,,1030610,土地1建物1車位0,全,四層,透天厝,住家用,鋼筋混凝土造,0830321,177.95,4,2,4,有,無,4600000,25850,,0.0,0,,RPXNMLKMPHJFFAT17CA,171.95,0.0,6.0,,
屏東市,房地(土地+建物),屏東縣屏東巿建興南路１１１號,114.0,住,,,1030707,土地1建物1車位0,全,二層,透天厝,住商用,鋼筋混凝土造,0741108,113.55,3,1,2,有,無,3600000,31704,,0.0,0,,RPOOMLKMPHJFFAT98CA,109.33,4.22,0.0,,
屏東市,房地(土地+建物),屏東縣屏東巿機場北路６７８號八樓,18.19,住,,,1030701,土地1建物1車位0,八層,十四層,住宅大樓(11層含以上有電梯),見其他登記事項,鋼筋混凝土造,0881204,128.19,3,1,2,有,無,2650000,20672,,0.0,0,,RPPOMLKMPHJFFAT09CA,85.15,0.0,14.23,,
屏東市,房地(土地+建物),屏東縣屏東巿大連路１０巷４２號,72.0,住,,,1030704,土地1建物1車位0,全,二層,透天厝,住家用,加強磚造,0730328,85.8,3,2,2,有,無,3500000,40793,,0.0,0,,RPQOMLKMPHJFFAT56CA,85.8,0.0,0.0,,
屏東市,房地(土地+建物)+車位,屏東縣屏東巿華盛街１９號三樓之三,42.79,住,,,1030717,土地1建物1車位1,三層,十四層,住宅大樓(11層含以上有電梯),見其他登記事項,鋼筋混凝土造,0930909,169.89,3,2,2,有,無,3030000,17835,坡道平面,0.0,0,,RPPOMLLMPHJFFAT56CA,96.85,0.0,10.43,,
屏東市,房地(土地+建物),屏東縣屏東巿菸廠東巷43之2號,54.68,住,,,1030620,土地2建物1車位0,三層,四層,公寓(5樓含以下無電梯),住家用,鋼筋混凝土造,0731105,103.76,4,2,2,有,有,1800000,17348,,0.0,0,本買賣案件係屬三親等間特殊交易，其交易價格可能異於市場正常交易價格。,RPQOMLLMPHJFFAT66CA,86.03,0.0,0.0,,
萬丹鄉,土地,田厝段2000地號,262.78,,鄉村區,乙種建築用地,1030715,土地1建物0車位0,,,其他,,,,0.0,0,0,0,有,無,1000000,3805,,0.0,0,,RPQNMLLMPHJFFAT56CA,0.0,0.0,0.0,,
高樹鄉,土地,泰和段839地號,10999.6,,一般農業區,農牧用地,1030603,土地1建物0車位0,,,其他,,,,0.0,0,0,0,有,無,8500000,773,,0.0,0,,RPTNMLOJQHJFFBT07CA,0.0,0.0,0.0,,
里港鄉,土地,玉田段456地號,241.0,住,,,1030707,土地5建物0車位0,,,其他,,,,0.0,0,0,0,有,無,1614700,6700,,0.0,0,親友、員工或其他特殊關係間之交易.叔姪間買賣,RPUNMLMLQHJFFBT17CA,0.0,0.0,0.0,,
里港鄉,土地,玉田段413地號,367.25,其他,,,1030707,土地10建物0車位0,,,其他,,,,0.0,0,0,0,有,無,2780125,7570,,0.0,0,親友、員工或其他特殊關係間之交易。包含公共設施保留地之交易。瑕疵物件之交易。,RPVNMLMLQHJFFBT27CA,0.0,0.0,0.0,,
鹽埔鄉,土地,新圍段106-18地號,12979.0,,一般農業區,農牧用地,1030718,土地6建物0車位0,,,其他,,,,0.0,0,0,0,有,無,9330744,719,,0.0,0,,RPPNMLLMPHJFFBT56CA,0.0,0.0,0.0,,
南州鄉,土地,同安段1239地號,849.36,,鄉村區,乙種建築用地,1030715,土地1建物0車位0,,,其他,,,,0.0,0,0,0,有,無,1698720,2000,,0.0,0,,RPSOMLLJQHJFFDT07DA,0.0,0.0,0.0,,
南州鄉,土地,米崙段1260地號,1479.35,,一般農業區,農牧用地,1030711,土地1建物0車位0,,,其他,,,,0.0,0,0,0,有,無,750000,507,,0.0,0,,RPRNMLPJQHJFFDT27DA,0.0,0.0,0.0,,
東港鎮,房地(土地+建物),屏東縣東港鎮船頭路23之13號,87.86,住,,,1030701,土地1建物1車位0,全,三層,透天厝,店舖、住宅,鋼筋混凝土造,0681004,162.84,1,2,1,有,無,7300000,44829,,0.0,0,,RPRNMLSJQHJFFDT57DA,162.84,0.0,0.0,,
南州鄉,土地,七塊段157-1地號,4205.07,農,,,1030626,土地2建物0車位0,,,其他,,,,0.0,0,0,0,有,無,10987421,2613,,0.0,0,,RPPNMLMKQHJFFDT86DA,0.0,0.0,0.0,,
南州鄉,土地,七塊段229-1地號,833.12,農,,,1030626,土地2建物0車位0,,,其他,,,,0.0,0,0,0,有,無,1882794,2260,,0.0,0,,RPQNMLMKQHJFFDT96DA,0.0,0.0,0.0,,
佳冬鄉,土地,六根段1159地號,137.79,住,,,1030701,土地1建物0車位0,,,其他,,,,0.0,0,0,0,有,無,300000,2177,,0.0,0,親友、員工或其他特殊關係間之交易。,RPQNMLLMPHJFFFT17DA,0.0,0.0,0.0,,
恆春鎮,土地,機場段581地號,6663.69,,一般農業區,農牧用地,1030616,土地1建物0車位0,,,其他,,,,0.0,0,0,0,有,無,5000000,750,,0.0,0,,RPPNMLLMPHJFFET96DA,0.0,0.0,0.0,,
恆春鎮,土地,大光段853地號,158.33,,國家公園區,,1030603,土地3建物0車位0,,,其他,,,,0.0,0,0,0,有,無,1092343,6899,,0.0,0,親友、員工或其他特殊關係間之交易。,RPPNMLPJQHJFFET17DA,0.0,0.0,0.0,,
恆春鎮,土地,大光段858地號,102.62,,國家公園區,,1030603,土地3建物0車位0,,,其他,,,,0.0,0,0,0,有,無,707940,6899,,0.0,0,親友、員工或其他特殊關係間之交易。,RPQNMLSJQHJFFET57DA,0.0,0.0,0.0,,
內埔鄉,土地,龍潭段5地號,352.59,農,,,1030630,土地1建物0車位0,,,其他,,,,0.0,0,0,0,有,無,870897,2470,,0.0,0,權利人等2人向政府機關承購之案件。,RPPOMLNKQHJFFCT96DA,0.0,0.0,0.0,,
高樹鄉,土地,泰和段620地號,4967.88,,一般農業區,農牧用地,1030706,土地1建物0車位0,,,其他,,,,0.0,0,0,0,有,無,4600000,926,,0.0,0,,RPQNMLLMPHJFFBT66CA,0.0,0.0,0.0,,
里港鄉,土地,大港洋段936地號,798.0,其他,,,1030613,土地2建物0車位0,,,其他,,,,0.0,0,0,0,有,無,1835400,2300,,0.0,0,,RPQNMLLJQHJFFBT09CA,0.0,0.0,0.0,,
里港鄉,土地,土庫段1951-7地號,518.0,,一般農業區,農牧用地,1030730,土地1建物0車位0,,,其他,,,,0.0,0,0,0,有,無,1186220,2290,,0.0,0,向政府機關承購之案件。,RPQNMLQLQHJFFBT17CA,0.0,0.0,0.0,,
高樹鄉,土地,舊寮段218地號,4302.0,,一般農業區,農牧用地,1030721,土地1建物0車位0,,,其他,,,,0.0,0,0,0,有,無,4500000,1046,,0.0,0,,RPPNMLTKQHJFFBT27CA,0.0,0.0,0.0,,
屏東市,房地(土地+建物),屏東縣屏東巿機場北路４８６號九樓,8.7,住,,,1030714,土地1建物1車位0,九層,十四層,住宅大樓(11層含以上有電梯),見其他登記事項,鋼筋混凝土造,0881204,61.54,2,1,1,有,有,850000,13812,,0.0,0,,RPTNMLLMPHJFFAT86CA,37.64,0.0,9.5,,
屏東市,房地(土地+建物),屏東縣屏東巿古松西巷７４６弄１０號,114.52,住,,,1030714,土地2建物1車位0,全,三層,透天厝,住家用,鋼筋混凝土造,1020905,97.22,5,2,3,有,無,9550000,98231,,0.0,0,,RPXNMLLMPHJFFAT27CA,84.27,0.0,12.95,,
屏東市,房地(土地+建物),屏東縣屏東巿建豐路１９５巷２２弄１８號,77.0,住,,,1030627,土地1建物1車位0,全,二層,透天厝,住家用,加強磚造,0670710,84.46,5,2,3,有,無,4050000,47952,,0.0,0,,RPPPMLKMPHJFFAT56CA,84.48,0.0,0.0,,
屏東市,房地(土地+建物),屏東縣屏東巿民學路１２０巷４８之２號,40.32,住,,,1030618,土地1建物1車位0,三層,五層,公寓(5樓含以下無電梯),國民住宅,鋼筋混凝土造,0710712,71.88,3,2,1,有,無,2040000,28381,,0.0,0,,RPXNMLOJQHJFFAT37CA,71.88,0.0,0.0,,
萬丹鄉,土地,萬生段182地號,46.0,住,,,1030725,土地1建物0車位0,,,其他,,,,0.0,0,0,0,有,無,2300000,50000,,0.0,0,含增建或未登記建物。,RPSNMLOJQHJFFAT86CA,0.0,0.0,0.0,,
屏東市,房地(土地+建物),屏東縣屏東巿機場北路５８２號二樓,24.52,住,,,1030702,土地1建物1車位0,二層,十四層,住宅大樓(11層含以上有電梯),見其他登記事項,鋼筋混凝土造,0881204,196.5,4,2,2,有,有,2850000,14504,,0.0,0,共有部分含車位編號936，權利範圍:100000分之25。,RPPNMLLJQHJFFAT88CA,119.71,0.0,11.49,,
屏東市,房地(土地+建物),屏東縣屏東巿豐榮街１５２號,177.0,住,,,1030702,土地2建物1車位0,全,二層,透天厝,住商用,加強磚造,0680321,97.6,2,1,2,有,無,7000000,71721,,0.0,0,,RPROMLMLQHJFFAT86CA,0.0,0.0,0.0,,
萬丹鄉,土地,田厝段2084地號,134.02,,鄉村區,乙種建築用地,1030628,土地2建物0車位0,,,其他,,,,0.0,0,0,0,有,無,1054000,7864,,0.0,0,含增建或未登記建物。,RPQPMLMKQHJFFAT76CA,0.0,0.0,0.0,,
長治鄉,土地,興華段729地號,1143.07,,一般農業區,農牧用地,1030724,土地1建物0車位0,,,其他,,,,0.0,0,0,0,有,無,700000,612,,0.0,0,不含買方已支付地上物補償費,RPTNMLOKQHJFFAT07CA,0.0,0.0,0.0,,
長治鄉,房地(土地+建物),屏東縣長治鄉鐵道東巷１弄４號,89.0,,鄉村區,乙種建築用地,1030721,土地1建物1車位0,全,二層,透天厝,住商用,加強磚造,0711222,93.72,2,2,2,有,無,1200000,12804,,0.0,0,親友買賣,RPUNMLSJQHJFFAT47CA,0.0,0.0,0.0,,
屏東市,房地(土地+建物),屏東縣屏東巿林森路２巷５１號,113.0,住,,,1030707,土地1建物1車位0,全,三層,透天厝,住商用,鋼筋混凝土造,0690625,186.9,4,2,3,有,無,6350000,33975,,0.0,0,,RPQOMLRJQHJFFAT07CA,186.9,0.0,0.0,,
里港鄉,土地,潮北段4-1地號,2617.0,農,,,1030624,土地1建物0車位0,,,其他,,,,0.0,0,0,0,有,無,10000000,3821,,0.0,0,,RPQOMLKMPHJFFBT76DA,0.0,0.0,0.0,,
鹽埔鄉,土地,洛陽段204地號,1457.13,,一般農業區,農牧用地,1030702,土地1建物0車位0,,,其他,,,,0.0,0,0,0,有,無,2175000,1493,,0.0,0,,RPPNMLQJQHJFFBT96DA,0.0,0.0,0.0,,
里港鄉,土地,武洛段353-1地號,5977.0,,一般農業區,農牧用地,1030717,土地1建物0車位0,,,其他,,,,0.0,0,0,0,有,無,6100000,1021,,0.0,0,,RPPNMLOJQHJFFBT76DA,0.0,0.0,0.0,,
屏東市,土地,北勢段一小段30-1地號,100.0,住,,,1030714,土地1建物0車位0,,,其他,,,,0.0,0,0,0,有,無,4100000,41000,,0.0,0,,RPUOMLKMPHJFFAT07DA,0.0,0.0,0.0,,
九如鄉,土地,九和段541-2地號,187.69,住,,,1030722,土地1建物0車位0,,,其他,,,,0.0,0,0,0,有,無,1200000,6394,,0.0,0,含增建或未登記建物。,RPTNMLLJQHJFFAT76DA,0.0,0.0,0.0,,
恆春鎮,房地(土地+建物),屏東縣恆春鎮省北路１２１巷５弄２６號,95.55,住,,,1030707,土地1建物1車位0,全,三層,透天厝,見其他登記事項,鋼筋混凝土造,1021107,190.69,4,1,3,有,無,9000000,47197,,0.0,0,,RPSNMLOJQHJFFET27CA,176.57,14.12,0.0,,
車城鄉,土地,田中段880地號,10000.19,農,,,1030708,土地1建物0車位0,,,其他,,,,0.0,0,0,0,有,無,5000000,500,,0.0,0,,RPTNMLOJQHJFFET37CA,0.0,0.0,0.0,,
東港鎮,土地,大潭新庄段602地號,30.37,,鄉村區,乙種建築用地,1030704,土地3建物0車位0,,,其他,,,,0.0,0,0,0,有,無,300000,9878,,0.0,0,親友、員工或其他特殊關係間之交易。,RPSNMLSJQHJFFDT57CA,0.0,0.0,0.0,,
東港鎮,土地,新和段40地號,566.24,住,,,1030701,土地2建物0車位0,,,其他,,,,0.0,0,0,0,有,無,13700000,24195,,0.0,0,,RPUNMLOJQHJFFDT37CA,0.0,0.0,0.0,,
東港鎮,土地,新和段39-1地號,794.41,住,,,1030701,土地2建物0車位0,,,其他,,,,0.0,0,0,0,有,無,19224697,24200,,0.0,0,,RPVNMLOJQHJFFDT47CA,0.0,0.0,0.0,,
新園鄉,土地,新洋段1622地號,1200.0,,特定農業區,農牧用地,1030715,土地1建物0車位0,,,其他,,,,0.0,0,0,0,有,無,2300000,1917,,0.0,0,,RPSNMLLMPHJFFDT07CA,0.0,0.0,0.0,,
竹田鄉,土地,鳳新段200地號,2028.62,,特定農業區,農牧用地,1030607,土地1建物0車位0,,,其他,,,,0.0,0,0,0,有,無,4391100,2165,,0.0,0,,RPXOMLLMPHJFFCT57CA,0.0,0.0,0.0,,
竹田鄉,土地,新勢段427-1地號,574.0,,特定農業區,農牧用地,1030707,土地1建物0車位0,,,其他,,,,0.0,0,0,0,有,無,1380000,2404,,0.0,0,,RPUPMLLMPHJFFCT37CA,0.0,0.0,0.0,,
竹田鄉,土地,新勢段427-1地號,574.0,,特定農業區,農牧用地,1030707,土地1建物0車位0,,,其他,,,,0.0,0,0,0,有,無,1380000,2404,,0.0,0,,RPVPMLLMPHJFFCT47CA,0.0,0.0,0.0,,
萬巒鄉,土地,赤山段3-108地號,258.0,,一般農業區,農牧用地,1030717,土地1建物0車位0,,,其他,,,,0.0,0,0,0,有,無,145750,565,,0.0,0,,RPOQMLLMPHJFFCT86CA,0.0,0.0,0.0,,
竹田鄉,土地,頓物段757地號,2055.2,工,,,1030715,土地3建物0車位0,,,其他,,,,0.0,0,0,0,有,無,7120000,3464,,0.0,0,包含公共設施保留地之交易。,RPPNMLRJQHJFFCT07CA,0.0,0.0,0.0,,
潮州鎮,房地(土地+建物),屏東縣潮州鎮振昇路１１７號,96.81,住,,,1030708,土地1建物1車位0,全,三層,透天厝,住家用,鋼筋混凝土造,0780927,151.13,6,2,4,有,無,3000000,19850,,0.0,0,,RPWNMLRJQHJFFCT77CA,151.13,0.0,0.0,,
潮州鎮,房地(土地+建物),屏東縣潮州鎮武丁路８８巷１７號,67.07,,鄉村區,乙種建築用地,1030708,土地2建物1車位0,全,四層,透天厝,住家用,鋼筋混凝土造,0820813,162.56,4,2,4,有,無,2000000,12303,,0.0,0,親友特殊關係間之交易。,RPQNMLNLQHJFFCT96CA,147.75,5.81,9.0,,
潮州鎮,房地(土地+建物),屏東縣潮州鎮壽星路８號八樓之九,15.55,住,,,1030715,土地1建物1車位0,八層,十一層,住宅大樓(11層含以上有電梯),住家用,鋼筋混凝土造,0840104,101.16,3,2,2,有,無,1800000,17794,,0.0,0,,RPOPMLTKQHJFFCT47CA,72.0,0.0,11.0,,
內埔鄉,土地,新埔段118地號,32.0,,特定農業區,甲種建築用地,1030428,土地1建物0車位0,,,其他,,,,0.0,0,0,0,有,無,30000,938,,0.0,0,,RPPNMLNKQHJFFCT76CA,0.0,0.0,0.0,,
內埔鄉,土地,新埔段120地號,2500.0,,特定農業區,農牧用地,1030428,土地1建物0車位0,,,其他,,,,0.0,0,0,0,有,無,7000000,2800,,0.0,0,,RPQNMLNKQHJFFCT86CA,0.0,0.0,0.0,,
內埔鄉,土地,新埔段121地號,1565.0,,特定農業區,農牧用地,1030707,土地1建物0車位0,,,其他,,,,0.0,0,0,0,有,無,3860000,2466,,0.0,0,,RPRNMLNKQHJFFCT96CA,0.0,0.0,0.0,,
內埔鄉,房地(土地+建物),屏東縣內埔鄉福泰路107巷31號5樓,11.31,,鄉村區,乙種建築用地,1030717,土地1建物1車位0,五層,六層,華廈(10層含以下有電梯),住家用,鋼筋混凝土造,0840505,32.73,1,1,1,有,有,430000,13138,,0.0,0,,RPUNMLSKQHJFFCT77CA,19.64,0.6,3.01,,
內埔鄉,房地(土地+建物),屏東縣內埔鄉永興2巷57號,74.13,,鄉村區,乙種建築用地,1030721,土地1建物1車位0,全,四層,透天厝,住家用,鋼筋混凝土造,0830119,165.3,4,1,3,有,有,1290000,7804,,0.0,0,,RPROMLSKQHJFFCT57CA,135.35,25.97,3.98,,
潮州鎮,房地(土地+建物),屏東縣潮州鎮永康街62巷21號,120.93,住,,,1030220,土地1建物1車位0,全,四層,透天厝,住家用,見其他登記事項,1020703,252.3,5,3,5,有,無,14900000,59057,,0.0,0,,RPRNMLPKQHJFFCT17CA,223.99,0.0,28.31,,
竹田鄉,土地,竹南段644-1地號,8669.0,,特定農業區,農牧用地,1030226,土地2建物0車位0,,,其他,,,,0.0,0,0,0,有,無,12000000,1384,,0.0,0,,RPSNMLRKQHJFFCT47CA,0.0,0.0,0.0,,
內埔鄉,土地,水門風景段93地號,559.79,,山坡地保育區,林業用地,1030717,土地1建物0車位0,,,其他,,,,0.0,0,0,0,有,無,235112,420,,0.0,0,,RPUOMLQLQHJFFCT77CA,0.0,0.0,0.0,,
潮州鎮,房地(土地+建物),屏東縣潮州鎮五福路１８之６號,100.24,住,,,1030721,土地1建物1車位0,一層，二層，三層，四層，騎樓,四層,店面(店鋪),見使用執照,鋼筋混凝土造,0941230,215.67,4,2,4,有,無,8700000,40339,,0.0,0,,RPTNMLRLQHJFFCT67CA,211.37,0.0,4.3,,
內埔鄉,土地,頭鏢段502-1地號,1879.0,,一般農業區,農牧用地,1030722,土地1建物0車位0,,,其他,,,,0.0,0,0,0,有,無,2900000,1543,,0.0,0,,RPQNMLLJQHJFFCT56CA,0.0,0.0,0.0,,
內埔鄉,土地,昭勝段25地號,1940.55,農,,,1030722,土地1建物0車位0,,,其他,,,,0.0,0,0,0,有,無,2050000,1056,,0.0,0,,RPRNMLLJQHJFFCT66CA,0.0,0.0,0.0,,
竹田鄉,土地,頓物段1176地號,317.15,商,,,1030722,土地1建物0車位0,,,其他,,,,0.0,0,0,0,有,無,2800000,8829,,0.0,0,,RPUNMLOJQHJFFCT27CA,0.0,0.0,0.0,,
內埔鄉,土地,頭鏢段379-148地號,194.0,,一般農業區,甲種建築用地,1030603,土地1建物0車位0,,,其他,,,,0.0,0,0,0,有,無,1200000,6186,,0.0,0,,RPTOMLLJQHJFFCT96CA,0.0,0.0,0.0,,
竹田鄉,土地,新勢段427-1地號,574.0,,特定農業區,農牧用地,1030707,土地1建物0車位0,,,其他,,,,0.0,0,0,0,有,無,1380000,2404,,0.0,0,,RPWPMLLMPHJFFCT57CA,0.0,0.0,0.0,,
崁頂鄉,土地,頂和段303地號,2682.27,,特定農業區,農牧用地,1030710,土地1建物0車位0,,,其他,,,,0.0,0,0,0,有,無,7466580,2784,,0.0,0,,RPRNMLLMPHJFFDT96CA,0.0,0.0,0.0,,
東港鎮,土地,東港段450-3地號,743.82,工,,,1030714,土地1建物0車位0,,,其他,,,,0.0,0,0,0,有,無,11454828,15400,,0.0,0,,RPWNMLOJQHJFFDT57CA,0.0,0.0,0.0,,
新園鄉,土地,鹽埔段922地號,64.74,住,,,1030720,土地1建物0車位0,,,其他,,,,0.0,0,0,0,有,無,847000,13083,,0.0,0,,RPVNMLLJQHJFFDT17CA,0.0,0.0,0.0,,
東港鎮,土地,超峰段597地號,1154.4,,一般農業區,農牧用地,1030707,土地1建物0車位0,,,其他,,,,0.0,0,0,0,有,無,1190000,1031,,0.0,0,,RPWNMLLJQHJFFDT27CA,0.0,0.0,0.0,,
琉球鄉,土地,花矸段888-1地號,580.83,其他,,,1030710,土地4建物0車位0,,,其他,,,,0.0,0,0,0,有,無,4100000,7059,,0.0,0,,RPTOMLLJQHJFFDT07CA,0.0,0.0,0.0,,
東港鎮,房地(土地+建物),屏東縣東港鎮環美一街５號,225.39,,一般農業區,丁種建築用地,1030624,土地1建物1車位0,一層，二層,二層,其他,廠房,鋼筋混凝土構造,1020313,260.96,5,2,3,有,無,7450000,28548,,0.0,0,,RPPNMLKKQHJFFDT56CA,248.78,12.18,0.0,,
恆春鎮,土地,機場段1225地號,6356.26,,一般農業區,農牧用地,1030721,土地1建物0車位0,,,其他,,,,0.0,0,0,0,有,無,4450000,700,,0.0,0,,RPPNMLLJQHJFFET66CA,0.0,0.0,0.0,,
恆春鎮,土地,榔林段42-3地號,3779.71,,山坡地保育區,農牧用地,1030714,土地2建物0車位0,,,其他,,,,0.0,0,0,0,有,無,6375000,1687,,0.0,0,,RPPOMLNKQHJFFET07CA,0.0,0.0,0.0,,
佳冬鄉,房地(土地+建物),屏東縣佳冬鄉民享街１５巷１號,109.5,住,,,1030716,土地2建物1車位0,全,三層,透天厝,住家用,鋼筋混凝土造,0840401,130.03,3,2,2,有,無,1300000,9998,,0.0,0,,RPSNMLOJQHJFFFT37CA,111.85,6.06,12.12,,
屏東市,房地(土地+建物),屏東縣屏東巿棒球路180巷12之2號,33.73,住,,,1030712,土地1建物1車位0,三層,五層,公寓(5樓含以下無電梯),國民住宅,鋼筋混凝土造,0711024,81.38,3,1,2,有,無,1600000,19661,,0.0,0,,RPPOMLLJQHJFFAT09DA,81.38,0.0,0.0,,
屏東市,房地(土地+建物),屏東縣屏東巿大連路13巷4弄48號,75.78,住,,,1030709,土地1建物1車位0,全,三層,透天厝,住家用,鋼筋混凝土造,0750218,123.91,3,1,2,有,無,3200000,25825,,0.0,0,,RPUNMLQJQHJFFAT37DA,115.92,0.0,7.99,,
萬丹鄉,房地(土地+建物),屏東縣萬丹鄉興全村大勇路10號,91.0,,鄉村區,乙種建築用地,1030708,土地1建物1車位0,全,三層,透天厝,住商用,鋼筋混凝土造,0831026,143.19,0,0,0,無,無,2500000,17459,,0.0,0,親友、員工或其他特殊關係間之交易。,RPOOMLRJQHJFFAT96DA,0.0,0.0,0.0,,
萬丹鄉,土地,新安段21地號,49.5,,鄉村區,乙種建築用地,1030715,土地1建物0車位0,,,其他,,,,0.0,0,0,0,有,無,158400,3200,,0.0,0,受債權債務影響或債務抵償之交易。,RPWNMLSJQHJFFAT77DA,0.0,0.0,0.0,,
屏東市,房地(土地+建物),屏東縣屏東巿崇德一路37-2號,75.3,住,,,1030703,土地2建物1車位0,全,四層,透天厝,見其他登記事項,鋼筋混凝土造,0880201,195.55,4,2,3,有,無,4200000,21478,,0.0,0,,RPRNMLLKQHJFFAT66DA,166.76,14.71,14.08,,
長治鄉,土地,榮興段40地號,240.72,,一般農業區,農牧用地,1030725,土地1建物0車位0,,,其他,,,,0.0,0,0,0,有,無,500000,2077,,0.0,0,,RPOPMLMKQHJFFAT66DA,0.0,0.0,0.0,,
高樹鄉,土地,阿拔泉段65-105地號,7203.0,,一般農業區,農牧用地,1030715,土地4建物0車位0,,,其他,,,,0.0,0,0,0,有,無,4084461,567,,0.0,0,,RPQNMLLKQHJFFBT66DA,0.0,0.0,0.0,,
高樹鄉,土地,長榮段670-2地號,1001.0,住,,,1030724,土地2建物0車位0,,,其他,,,,0.0,0,0,0,有,無,1301300,1300,,0.0,0,,RPPNMLLJQHJFFBT09DA,0.0,0.0,0.0,,
長治鄉,土地,潭頭段478地號,48.39,其他,,,1030624,土地1建物0車位0,,,其他,,,,0.0,0,0,0,有,無,500000,10333,,0.0,0,道路用地,RPOOMLSKQHJFFAT17DA,0.0,0.0,0.0,,
長治鄉,土地,潭頭段480地號,787.98,住,,,1030624,土地7建物0車位0,,,其他,,,,0.0,0,0,0,有,無,16685200,21175,,0.0,0,,RPPOMLSKQHJFFAT27DA,0.0,0.0,0.0,,
屏東市,房地(土地+建物),屏東縣屏東巿機場北路762號11樓,18.98,住,,,1030730,土地1建物1車位0,十一層,十四層,住宅大樓(11層含以上有電梯),見其他登記事項,鋼筋混凝土造,0881204,132.65,4,2,2,有,有,1740000,13117,,0.0,0,,RPOQMLPLQHJFFAT17DA,86.28,0.0,14.68,,
屏東市,房地(土地+建物),屏東縣屏東巿機場北路762號6樓,18.98,住,,,1030730,土地1建物1車位0,六層,十四層,住宅大樓(11層含以上有電梯),見其他登記事項,鋼筋混凝土造,0881204,132.65,4,2,2,有,有,2200000,16585,,0.0,0,,RPPQMLPLQHJFFAT27DA,86.28,0.0,14.68,,
屏東市,房地(土地+建物),屏東縣屏東巿機場北路808號5樓,11.86,住,,,1030730,土地1建物1車位0,五層,十四層,住宅大樓(11層含以上有電梯),見其他登記事項,鋼筋混凝土造,0881204,82.12,2,1,1,有,有,950000,11568,,0.0,0,,RPQQMLPLQHJFFAT37DA,53.88,0.0,9.03,,
屏東市,車位,屏東縣屏東巿機場北路566號13樓,0.0,,,,1030730,土地0建物0車位1,,,其他,,,,24.01,0,0,0,有,有,400000,,坡道平面,24.01,400000,,RPRQMLPLQHJFFAT47DA,0.0,0.0,0.0,,
屏東市,車位,屏東縣屏東巿機場北路566號13樓,0.0,,,,1030730,土地0建物0車位1,,,其他,,,,24.01,0,0,0,有,有,400000,,坡道平面,24.01,400000,,RPSQMLPLQHJFFAT57DA,0.0,0.0,0.0,,
屏東市,車位,屏東縣屏東巿機場北路566號13樓,0.0,,,,1030730,土地0建物0車位1,,,其他,,,,24.01,0,0,0,有,有,400000,,坡道平面,24.01,400000,,RPTQMLPLQHJFFAT67DA,0.0,0.0,0.0,,
屏東市,房地(土地+建物),屏東縣屏東巿建興南路２２號八樓之二,20.99,住,,,1030704,土地1建物1車位0,八層,十六層,住宅大樓(11層含以上有電梯),見其他登記事項,鋼筋混凝土造,0830621,127.1,3,2,2,有,有,2250000,17703,,0.0,0,,RPQNMLLKQHJFFAT09CA,83.34,3.38,10.2,,
屏東市,房地(土地+建物),屏東縣屏東巿中山路２２０號,85.0,住,,,1030709,土地1建物1車位0,全,三層,透天厝,住商用,見其他登記事項,0690207,170.09,3,2,3,有,無,6950000,40861,,0.0,0,,RPXOMLRJQHJFFAT77CA,170.08,0.0,0.0,,
屏東市,房地(土地+建物),屏東縣屏東巿大同北路３６號,28.6,住,,,1030711,土地2建物1車位0,一層，騎樓,五層,公寓(5樓含以下無電梯),住商用,鋼筋混凝土造,0721116,102.07,3,2,2,有,無,3500000,34290,,0.0,0,,RPPPMLLKQHJFFAT56CA,80.77,0.0,0.0,,
九如鄉,土地,耆老段109地號,347.5,,特定農業區,農牧用地,1030709,土地1建物0車位0,,,其他,,,,0.0,0,0,0,有,無,521250,1500,,0.0,0,受債權債務影響或債務抵償之交易。另有一共有人。,RPUOMLTKQHJFFAT77CA,0.0,0.0,0.0,,
屏東市,土地,龍華段1216-2地號,254.94,,一般農業區,農牧用地,1030711,土地1建物0車位0,,,其他,,,,0.0,0,0,0,有,無,1300000,5099,,0.0,0,,RPQNMLLJQHJFFAT98CA,0.0,0.0,0.0,,
屏東市,房地(土地+建物),屏東縣屏東巿福建路58號五樓之二,5.3,住,,,1030719,土地1建物1車位0,五層,七層,華廈(10層含以下有電梯),住家用,鋼筋混凝土造,0821120,35.93,1,0,1,有,無,800000,22266,,0.0,0,,RPUNMLLJQHJFFAT76CA,22.05,0.0,3.75,,
屏東市,房地(土地+建物),屏東縣屏東巿前進５９之６號,65.0,,鄉村區,乙種建築用地,1030707,土地1建物1車位0,全,二層,透天厝,住家用,加強磚造,0720315,72.76,3,2,2,有,無,1300000,17867,,0.0,0,,RPVOMLLJQHJFFAT96CA,72.76,0.0,0.0,,
麟洛鄉,土地,麟平段487地號,1218.37,,一般農業區,甲種建築用地,1030630,土地1建物0車位0,,,其他,,,,0.0,0,0,0,有,無,19164600,15730,,0.0,0,,RPQOMLOJQHJFFAT76CA,0.0,0.0,0.0,,
長治鄉,土地,番子寮段1084地號,1000.0,,一般農業區,農牧用地,1030725,土地2建物0車位0,,,其他,,,,0.0,0,0,0,有,無,1200000,1200,,0.0,0,,RPSNMLQJQHJFFAT07CA,0.0,0.0,0.0,,
長治鄉,土地,番子寮段1145-1地號,1840.0,,一般農業區,農牧用地,1030630,土地1建物0車位0,,,其他,,,,0.0,0,0,0,有,無,1580000,859,,0.0,0,,RPOOMLQJQHJFFAT76CA,0.0,0.0,0.0,,
鹽埔鄉,房地(土地+建物),屏東縣鹽埔鄉維新路８１之３５號,86.14,,鄉村區,乙種建築用地,1030618,土地1建物1車位0,全,二層,透天厝,住家用,加強磚造,0780921,118.68,3,1,2,有,無,1800000,15167,,0.0,0,親友、員工或其他特殊關係間之交易。,RPRNMLOJQHJFFBT86CA,96.58,14.85,7.25,,
萬巒鄉,土地,官倉段567地號,730.94,農,,,1030608,土地2建物0車位0,,,其他,,,,0.0,0,0,0,有,無,880000,1204,,0.0,0,親友關係間之交易。含地上未保存登記建物,RPRNMLPJQHJFFCT17DA,0.0,0.0,0.0,,
新埤鄉,土地,新力段484地號,8005.0,,特定農業區,農牧用地,1030721,土地4建物0車位0,,,其他,,,,0.0,0,0,0,有,無,10778900,1347,,0.0,0,,RPXPMLLMPHJFFCT77DA,0.0,0.0,0.0,,
新埤鄉,土地,打鐵段695-1地號,1847.0,,一般農業區,農牧用地,1030722,土地1建物0車位0,,,其他,,,,0.0,0,0,0,有,無,1100000,596,,0.0,0,親友間之交易。,RPPNMLLJQHJFFCT56DA,0.0,0.0,0.0,,
新埤鄉,土地,萬隆段892地號,2271.07,,一般農業區,農牧用地,1030627,土地1建物0車位0,,,其他,,,,0.0,0,0,0,有,無,2622000,1155,,0.0,0,,RPSNMLLJQHJFFCT86DA,0.0,0.0,0.0,,
