鄉鎮市區,交易標的,土地位置建物門牌,土地移轉總面積平方公尺,都市土地使用分區,非都市土地使用分區,非都市土地使用編定,交易年月日,交易筆棟數,移轉層次,總樓層數,建物型態,主要用途,主要建材,建築完成年月,建物移轉總面積平方公尺,建物現況格局-房,建物現況格局-廳,建物現況格局-衛,建物現況格局-隔間,有無管理組織,總價元,單價元平方公尺,車位類別,車位移轉總面積平方公尺,車位總價元,備註,編號,主建物面積,附屬建物面積,陽台面積,電梯,移轉編號
The villages and towns urban district,transaction sign,land sector position building sector house number plate,land shifting total area square meter,the use zoning or compiles and checks,the non-metropolis land use district,non-metropolis land use,transaction year month and day,transaction pen number,shifting level,total floor number,building state,main use,main building materials,construction to complete the years,building shifting total area,Building present situation pattern - room,building present situation pattern - hall,building present situation pattern - health,building present situation pattern - compartmented,Whether there is manages the organization,total price NTD,the unit price (NTD / square meter),the berth category,berth shifting total area square meter,the berth total price NTD,the note,serial number,main building area,auxiliary building area,balcony area,elevator,transaction number
竹北市,土地,府前段971地號,23.8,都市：其他:道路用地,,,1100802,土地2建物0車位0,,,其他,,,,0.0,0,0,0,有,無,1732014,72774,,0.0,0,包含公共設施保留地用地；,RPUNMLLKQHGGFBJ58EA,0.0,0.0,0.0,無,0001
芎林鄉,土地,竹林段62地號,185.21,,特定農業區,農牧用地,1100803,土地1建物0車位0,,,其他,,,,0.0,0,0,0,有,無,1500000,8099,,0.0,0,親友、員工、共有人或其他特殊關係間之交易；未登記建物；,RPTPMLTJQHGGFCJ76DA,0.0,0.0,0.0,無,0002
湖口鄉,土地,德盛段661地號,47.28,,特定農業區,甲種建築用地,1100803,土地2建物0車位0,,,其他,,,,0.0,0,0,0,有,無,500000,10575,,0.0,0,,RPPOMLNJQHGGFDJ38DA,0.0,0.0,0.0,無,0003
新豐鄉,土地,後湖段埔和小段369-7地號,80.0,,特定農業區,甲種建築用地,1100804,土地1建物0車位0,,,其他,,,,0.0,0,0,0,有,無,1600000,20000,,0.0,0,,RPWRMLTJQHGGFDJ37DA,0.0,0.0,0.0,無,
竹北市,車位,文興路２７９、２８１號等樓、成功十一街５６號等,0.0,,,,1100810,土地0建物1車位2,,,其他,,,,53.16,0,0,0,有,無,3100000,,坡道平面,53.16,3100000,親友、員工、共有人或其他特殊關係間之交易；僅車位交易；,RPSNMLMKQHGGFBJ38DA,0.0,0.0,0.0,無,0004
竹北市,車位,文興路２７９、２８１號等樓、成功十一街５６號等,0.0,,,,1100810,土地0建物1車位1,,,其他,,,,26.58,0,0,0,有,無,1550000,,坡道平面,26.58,1550000,親友、員工、共有人或其他特殊關係間之交易；僅車位交易；,RPTNMLMKQHGGFBJ48DA,0.0,0.0,0.0,無,0004
竹北市,土地,省道段160地號,80.47,都市：其他:道路用地,,,1100810,土地2建物0車位0,,,其他,,,,0.0,0,0,0,有,無,3852702,47877,,0.0,0,包含公共設施保留地用地；,RPTOMLSKQHGGFBJ56DA,0.0,0.0,0.0,無,
新埔鎮,房地(土地+建物),新竹縣新埔鎮和平街３７巷１９號,74.79,住,,,1100805,土地2建物1車位0,全,二層,透天厝,住家用,加強磚造,,105.74,3,2,2,有,無,4000000,37829,,0.0,0,,RPUNMLMKQHGGFBJ58DA,105.74,0.0,0.0,無,
竹北市,房地(土地+建物)+車位,新竹縣竹北市莊敬北路２１６號九樓之五,13.17,商,,,1100804,土地1建物1車位2,九層,二十九層,住宅大樓(11層含以上有電梯),住家用,鋼筋混凝土造,1090221,212.22,3,2,2,有,有,24500000,115446,坡道平面,0.0,0,,RPTPMLNKQHGGFBJ78DA,87.23,5.58,8.78,有,0006
關西鎮,房地(土地+建物),新竹縣關西鎮北斗里北門口１８號,191.0,,一般農業區,甲種建築用地,1100802,土地1建物1車位0,全,一層,透天厝,住家用,土造,0241005,35.39,2,1,1,有,無,1146730,32403,,0.0,0,親友、員工、共有人或其他特殊關係間之交易；,RPVNMLSKQHGGFBJ76EA,35.39,0.0,0.0,無,
尖石鄉,土地,義興段義興小段778地號,13010.0,,山坡地保育區,農牧用地,1100809,土地4建物0車位0,,,其他,,,,0.0,0,0,0,有,無,4500000,346,,0.0,0,,RPTNMLRKQHGGFCJ56EA,0.0,0.0,0.0,無,0007
芎林鄉,土地,竹林段801地號,121.67,,鄉村區,乙種建築用地,1100803,土地1建物0車位0,,,其他,,,,0.0,0,0,0,有,無,1875000,15411,,0.0,0,,RPUNMLQKQHGGFCJ56EA,0.0,0.0,0.0,無,0008
芎林鄉,土地,下山段下山小段26-4地號,11.32,,特定農業區,甲種建築用地,1100803,土地1建物0車位0,,,其他,,,,0.0,0,0,0,有,無,308000,27208,,0.0,0,,RPXNMLSKQHGGFCJ07EA,0.0,0.0,0.0,無,0009
芎林鄉,土地,下山段下山小段26-4地號,13.74,,特定農業區,甲種建築用地,1100803,土地1建物0車位0,,,其他,,,,0.0,0,0,0,有,無,320000,23290,,0.0,0,,SPXNMLSKQHGGFCJ17EA,0.0,0.0,0.0,無,0009
寶山鄉,土地,寶東段725-1地號,79.82,都市：其他:,山坡地保育區,農牧用地,1100805,土地1建物0車位0,,,其他,,,,0.0,0,0,0,有,無,111747,1400,,0.0,0,,RPQOMLQKQHGGFCJ78DA,0.0,0.0,0.0,無,
芎林鄉,房地(土地+建物),新竹縣芎林鄉燥坑９之８號四樓之８,22.54,,山坡地保育區,丙種建築用地,1100807,土地2建物1車位0,四層,五層,華廈(10層含以下有電梯),住家用,鋼筋混凝土造,0931020,45.739999999999995,1,1,1,有,有,2100000,45912,,0.0,0,,RPVNMLSKQHGGFCJ76DA,22.95,0.0,7.36,有,
竹北市,土地,華興段512-2地號,4.31,都市：其他:道路用地,,,1100803,土地1建物0車位0,,,其他,,,,0.0,0,0,0,有,無,187000,43387,,0.0,0,包含公共設施保留地用地；,RPTQMLMKQHGGFBJ78DA,0.0,0.0,0.0,無,0011
竹北市,車位,嘉豐五路二段１３６號,0.0,,,,1100803,土地0建物1車位1,,,其他,,,,18.88,0,0,0,有,無,1500000,,坡道平面,18.88,1500000,僅車位交易；,RPROMLRKQHGGFBJ88DA,0.0,0.0,0.0,無,
竹北市,房地(土地+建物),新竹縣竹北市國華街１６巷１８號三樓之２,17.84,商,,,1100801,土地1建物1車位0,三層,五層,公寓(5樓含以下無電梯),住家用,鋼筋混凝土造,0840629,84.45,3,2,1,有,無,4200000,49734,,0.0,0,,RPUOMLPJQHGGFBJ88DA,67.23,0.0,5.99,無,0012
竹東鎮,土地,上員段686-1地號,398.78,,特定農業區,農牧用地,1100806,土地1建物0車位0,,,其他,,,,0.0,0,0,0,有,無,3600000,9028,,0.0,0,,RPQOMLSKQHGGFCJ98DA,0.0,0.0,0.0,無,
竹東鎮,土地,竹東段竹東小段35-98地號,47.0,,,,1100806,土地2建物0車位0,,,其他,,,,0.0,0,0,0,有,無,2250000,47872,,0.0,0,急買急賣；,RPPOMLRKQHGGFCJ78DA,0.0,0.0,0.0,無,0013
竹東鎮,房地(土地+建物)+車位,新竹縣竹東鎮龍鳳路２６號十三樓,16.61,商,,,1100801,土地1建物1車位1,十三層,十五層,住宅大樓(11層含以上有電梯),住家用,鋼筋混凝土造,1100317,122.35,2,1,1,有,有,6800000,55578,坡道平面,30.57,0,,RPPNMLKLQHGGFCJ18EA,57.82,0.0,4.25,有,0014
竹東鎮,房地(土地+建物)+車位,新竹縣竹東鎮龍鳳路２６號十四樓,16.61,商,,,1100809,土地1建物1車位1,十四層,十五層,住宅大樓(11層含以上有電梯),住家用,鋼筋混凝土造,1100317,122.35,2,1,1,有,有,6280000,51328,坡道平面,30.56,0,,RPQNMLKLQHGGFCJ28EA,57.82,0.0,4.25,有,0015
橫山鄉,土地,內灣段457-1地號,27.0,,山坡地保育區,暫未編定,1100806,土地1建物0車位0,,,其他,,,,0.0,0,0,0,有,無,319140,11820,,0.0,0,政府機關標讓售；,RPROMLKLQHGGFCJ48EA,0.0,0.0,0.0,無,
竹東鎮,土地,大鄉段226地號,7.04,,特定農業區,農牧用地,1100806,土地1建物0車位0,,,其他,,,,0.0,0,0,0,有,無,24570,3490,,0.0,0,政府機關標讓售；,RPPNMLNLQHGGFCJ48EA,0.0,0.0,0.0,無,
湖口鄉,土地,德盛段1194地號,15.31,,特定農業區,農牧用地,1100802,土地4建物0車位0,,,其他,,,,0.0,0,0,0,有,無,51000,3331,,0.0,0,,RPWOMLTJQHGGFDJ07DA,0.0,0.0,0.0,無,0016
湖口鄉,房地(土地+建物),新竹縣湖口鄉新湖路５７８巷７號,118.0,,特定農業區,甲種建築用地,1100802,土地2建物1車位0,全,四層,透天厝,住家用,鋼筋混凝土造,1081005,176.03,4,2,4,有,有,8499000,48282,,0.0,0,,RPQPMLTJQHGGFDJ56DA,168.34,0.0,7.52,無,
新豐鄉,房地(土地+建物),新竹縣新豐鄉榮華街４２巷８號地下層,12.58,,鄉村區,乙種建築用地,1100802,土地1建物1車位0,地下層,地下層,公寓(5樓含以下無電梯),住家用,加強磚造,0720613,109.7,3,2,1,有,無,1700000,15497,,0.0,0,陽台外推；,RPWNMLNJQHGGFDJ98DA,109.7,0.0,0.0,無,
竹北市,土地,省道段408地號,61.59,都市：其他:道路用地,,,1100808,土地2建物0車位0,,,其他,,,,0.0,0,0,0,有,無,5898895,95777,,0.0,0,包含公共設施保留地用地；,RPWOMLRKQHGGFBJ76DA,0.0,0.0,0.0,無,0017
竹北市,土地,社北段705地號,99.51,都市：其他:道路用地,,,1100813,土地1建物0車位0,,,其他,,,,0.0,0,0,0,有,無,4200000,42207,,0.0,0,包含公共設施保留地用地；,RPTNMLKLQHGGFBJ38DA,0.0,0.0,0.0,無,
竹北市,房地(土地+建物),新竹縣竹北市光明六路東二段２５８之１號六樓之十九,11.0,住,,,1100801,土地1建物1車位0,六層,九層,華廈(10層含以下有電梯),商業用,鋼筋混凝土造,0980121,61.44,0,0,1,有,有,6150000,100098,,0.0,0,,RPRNMLNLQHGGFBJ48DA,37.73,5.01,0.0,有,
竹北市,土地,文化段348地號,11.96,都市：其他:道路用地,,,1100817,土地1建物0車位0,,,其他,,,,0.0,0,0,0,有,無,600000,50167,,0.0,0,包含公共設施保留地用地；,RPTOMLNLQHGGFBJ78DA,0.0,0.0,0.0,無,0018
竹北市,土地,斗崙段頂斗崙小段121-2地號,143.96,都市：其他:道路用地,,,1100802,土地2建物0車位0,,,其他,,,,0.0,0,0,0,有,無,12588226,87443,,0.0,0,包含公共設施保留地用地；,RPUOMLTKQHGGFBJ76DA,0.0,0.0,0.0,無,0019
竹北市,房地(土地+建物)+車位,新竹縣竹北市勝利十街７７號,27.51,住,,,1100802,土地1建物1車位1,一層，見其他登記事項,十二層,住宅大樓(11層含以上有電梯),商業用,鋼筋混凝土造,1100601,164.28,0,0,0,無,有,19000000,115656,坡道平面,32.0,0,夾層；,RPPNMLSKQHGGFBJ68DA,79.59,0.0,12.03,有,
竹北市,房地(土地+建物)+車位,新竹縣竹北市勝利十街７９號,24.41,住,,,1100802,土地1建物1車位1,一層，見其他登記事項,十二層,住宅大樓(11層含以上有電梯),商業用,鋼筋混凝土造,1100601,148.3,0,0,0,無,有,16800000,113284,坡道平面,32.0,0,夾層；,RPQNMLSKQHGGFBJ78DA,71.19,0.0,9.36,有,
關西鎮,土地,老社寮段303-10地號,2520.0,,山坡地保育區,農牧用地,1100806,土地1建物0車位0,,,其他,,,,0.0,0,0,0,有,無,5000000,1984,,0.0,0,,RPRPMLSKQHGGFBJ09DA,0.0,0.0,0.0,無,
關西鎮,土地,老社寮段303-9地號,2520.0,,山坡地保育區,農牧用地,1100806,土地1建物0車位0,,,其他,,,,0.0,0,0,0,有,無,5600000,2222,,0.0,0,,RPSPMLSKQHGGFBJ56DA,0.0,0.0,0.0,無,
竹北市,土地,社北段692地號,6.72,都市：其他:道路用地,,,1100810,土地2建物0車位0,,,其他,,,,0.0,0,0,0,有,無,400000,59524,,0.0,0,,RPUNMLNKQHGGFBJ68DA,0.0,0.0,0.0,無,
芎林鄉,土地,水坑壹段1096地號,109.06,,山坡地保育區,林業用地,1100802,土地1建物0車位0,,,其他,,,,0.0,0,0,0,有,無,1600000,14671,,0.0,0,,RPSNMLNKQHGGFCJ58DA,0.0,0.0,0.0,無,
湖口鄉,土地,吉祥段1111地號,68.72,,鄉村區,乙種建築用地,1100810,土地1建物0車位0,,,其他,,,,0.0,0,0,0,有,無,1800000,26193,,0.0,0,未登記建物；,RPOOMLOLQHGGFDJ68EA,0.0,0.0,0.0,無,
新豐鄉,房地(土地+建物),新竹縣新豐鄉泰安街２０８號,83.9,住,,,1100817,土地1建物1車位0,全,四層,透天厝,住商用,鋼筋混凝土造,1051117,257.07,0,0,0,無,無,29000000,112810,,0.0,0,,RPQRMLKLQHGGFDJ68DA,236.88,4.88,15.31,有,0020
新豐鄉,土地,濱海段175地號,370.78,,一般農業區,農牧用地,1100804,土地1建物0車位0,,,其他,,,,0.0,0,0,0,有,無,800000,2158,,0.0,0,,RPRNMLSKQHGGFDJ09DA,0.0,0.0,0.0,無,
新豐鄉,土地,褔龍段354-2地號,135.12,,特定農業區,殯葬用地,1100813,土地3建物0車位0,,,其他,,,,0.0,0,0,0,有,無,2043500,15124,,0.0,0,,RPPNMLOLQHGGFDJ58DA,0.0,0.0,0.0,無,
新豐鄉,土地,明新段109地號,41.77,,一般農業區,水利用地,1100813,土地1建物0車位0,,,其他,,,,0.0,0,0,0,有,無,454800,10888,,0.0,0,親友、員工、共有人或其他特殊關係間之交易；,RPTNMLOLQHGGFDJ98DA,0.0,0.0,0.0,無,0021
寶山鄉,土地,洽水段342地號,996.44,,山坡地保育區,丙種建築用地,1100811,土地2建物0車位0,,,其他,,,,0.0,0,0,0,有,無,20910000,20985,,0.0,0,,RPRNMLTKQHGGFCJ56EA,0.0,0.0,0.0,無,0022
橫山鄉,土地,新庄段1424地號,274.69,,鄉村區,乙種建築用地,1100813,土地2建物0車位0,,,其他,,,,0.0,0,0,0,有,無,2000000,7281,,0.0,0,,RPOOMLOLQHGGFCJ58EA,0.0,0.0,0.0,無,
寶山鄉,土地,雞油凸段雞油凸小段582地號,1116.0,,山坡地保育區,農牧用地,1100812,土地1建物0車位0,,,其他,,,,0.0,0,0,0,有,無,4400000,3943,,0.0,0,,RPRNMLOLQHGGFCJ68DA,0.0,0.0,0.0,無,0023
橫山鄉,房地(土地+建物),新竹縣橫山鄉永昌街１２３巷１弄８號,77.12,住,,,1100803,土地1建物1車位0,全,四層,透天厝,住家用,鋼筋混凝土造,1060110,187.56,4,2,3,有,無,10000000,53316,,0.0,0,,RPWNMLKLQHGGFCJ78DA,169.17,1.73,16.66,無,
竹東鎮,土地,東寧段1412-1地號,2.0,住,,,1100806,土地1建物0車位0,,,其他,,,,0.0,0,0,0,有,無,166375,83188,,0.0,0,,RPRNMLLLQHGGFCJ38DA,0.0,0.0,0.0,無,
竹東鎮,土地,二重埔段223-156地號,119.0,都市：其他:保護區,,,1100811,土地1建物0車位0,,,其他,,,,0.0,0,0,0,有,無,2808000,23597,,0.0,0,未登記建物；,RPQOMLNLQHGGFCJ58DA,0.0,0.0,0.0,無,
芎林鄉,土地,下山段下山小段26-8地號,7.81,,特定農業區,農牧用地,1100806,土地1建物0車位0,,,其他,,,,0.0,0,0,0,有,無,70898,9078,,0.0,0,增值稅由買方支付,RPUNMLMKQHGGFCJ68DA,0.0,0.0,0.0,無,0024
芎林鄉,土地,下山段下山小段26-8地號,15.62,,特定農業區,農牧用地,1100808,土地1建物0車位0,,,其他,,,,0.0,0,0,0,有,無,141796,9078,,0.0,0,增值稅由買方支付,RPVNMLMKQHGGFCJ78DA,0.0,0.0,0.0,無,0024
新豐鄉,房地(土地+建物)+車位,新竹縣新豐鄉建興路二段６９０之１號二樓,24.67,住,,,1100801,土地1建物1車位1,二層,十二層,住宅大樓(11層含以上有電梯),住家用,鋼筋混凝土造,1100623,110.50999999999999,2,2,2,有,有,6280000,60534,一樓平面,26.59,1200000,,RPPOMLTJQHGGFDJ98DA,56.24,0.0,6.41,有,
竹北市,房地(土地+建物)+車位,新竹縣竹北市中正西路１５９８巷１２弄３９號四樓,23.03,,鄉村區,乙種建築用地,1100801,土地2建物1車位1,四層,五層,華廈(10層含以下有電梯),住家用,鋼筋混凝土造,1031216,84.61,2,2,1,有,有,5300000,62640,一樓平面,0.0,0,陽台外推；其他增建；,RPVPMLNLQHGGFBJ09DA,52.43,0.0,5.14,有,0026
竹北市,土地,興崙段134地號,17.49,,特定農業區,水利用地,1100810,土地7建物0車位0,,,其他,,,,0.0,0,0,0,有,無,360000,20583,,0.0,0,,RPUNMLTKQHGGFBJ66DA,0.0,0.0,0.0,無,0027
竹北市,房地(土地+建物)+車位,新竹縣竹北市勝利七街一段２１０號七樓,28.37,商,,,1100805,土地1建物1車位1,七層,十層,華廈(10層含以下有電梯),住家用,鋼筋混凝土造,0920227,141.45,3,2,2,有,有,16000000,113106,坡道平面,0.0,0,後陽台加裝鐵窗陽台外推；,RPTPMLNLQHGGFBJ88DA,76.5,0.0,11.65,有,0028
竹北市,土地,水瀧段93地號,177.49,都市：其他:道路用地,,,1100813,土地1建物0車位0,,,其他,,,,0.0,0,0,0,有,無,13220636,74487,,0.0,0,包含公共設施保留地用地；,RPROMLQLQHGGFBJ88DA,0.0,0.0,0.0,無,0029
寶山鄉,土地,雞油凸段雞油凸小段582地號,483.0,,山坡地保育區,農牧用地,1100812,土地1建物0車位0,,,其他,,,,0.0,0,0,0,有,無,2100000,4348,,0.0,0,,RPSNMLOLQHGGFCJ78DA,0.0,0.0,0.0,無,0023
竹東鎮,車位,新竹縣竹東鎮北興路二段２１號地下二樓,0.0,,,,1100802,土地0建物1車位1,,,其他,,,,10.68,0,0,0,有,有,400000,,坡道機械,10.68,400000,僅車位交易；,RPPOMLOLQHGGFCJ58DA,0.0,0.0,0.0,有,
芎林鄉,土地,鹿寮坑段246-2地號,742.0,,工業區,丁種建築用地,1100805,土地2建物0車位0,,,其他,,,,0.0,0,0,0,有,無,15500000,20889,,0.0,0,,RPQOMLOLQHGGFCJ68DA,0.0,0.0,0.0,無,
芎林鄉,土地,水坑貳段596地號,2754.0,,山坡地保育區,農牧用地,1100809,土地2建物0車位0,,,其他,,,,0.0,0,0,0,有,無,3800000,1380,,0.0,0,,RPXPMLPLQHGGFCJ96DA,0.0,0.0,0.0,無,
芎林鄉,土地,文昌段619-6地號,17.04,住,,,1100809,土地1建物0車位0,,,其他,,,,0.0,0,0,0,有,無,592140,34750,,0.0,0,政府機關標讓售；,RPSOMLPLQHGGFCJ09EA,0.0,0.0,0.0,無,
寶山鄉,房地(土地+建物)+車位,新竹縣寶山鄉寶新路一段５９號五樓,31.2,住,,,1100804,土地1建物1車位1,五層,五層,華廈(10層含以下有電梯),住家用,鋼筋混凝土造,0810515,120.23,2,1,2,有,無,4500000,37428,坡道平面,0.0,0,,RPWNMLPLQHGGFCJ76EA,101.29,0.0,10.6,有,
新豐鄉,土地,泰豐段91地號,244.14,農,,,1100815,土地1建物0車位0,,,其他,,,,0.0,0,0,0,有,無,4874100,19964,,0.0,0,,RPRNMLOLQHGGFDJ78DA,0.0,0.0,0.0,無,
竹北市,房地(土地+建物)+車位,新竹縣竹北市中山路３０９之１號,80.25,住,,,1100807,土地2建物1車位1,全,四層,透天厝,住家用,鋼筋混凝土造,0890714,233.12,4,2,4,有,無,18000000,77213,一樓平面,0.0,0,,RPWNMLQLQHGGFBJ76EA,184.77,33.78,14.57,無,
寶山鄉,土地,雙龍段84地號,12.64,都市：其他:保護區,,,1100802,土地1建物0車位0,,,其他,,,,0.0,0,0,0,有,無,267692,21178,,0.0,0,受民情風俗因素影響；,RPWNMLOLQHGGFCJ66EA,0.0,0.0,0.0,無,0031
寶山鄉,土地,雙龍段88地號,656.61,都市：其他:保護區,,,1100802,土地2建物0車位0,,,其他,,,,0.0,0,0,0,有,無,12368875,18837,,0.0,0,受民情風俗因素影響；,RPXNMLOLQHGGFCJ76EA,0.0,0.0,0.0,無,
寶山鄉,土地,寶山段沙湖壢小段525-3地號,2500.0,,山坡地保育區,林業用地,1100810,土地1建物0車位0,,,其他,,,,0.0,0,0,0,有,無,3500000,1400,,0.0,0,畸零地或有合併使用效益；,RPWNMLQLQHGGFCJ86EA,0.0,0.0,0.0,無,
竹東鎮,土地,柯子湖段181-18地號,470.0,,山坡地保育區,丙種建築用地,1100816,土地1建物0車位0,,,其他,,,,0.0,0,0,0,有,無,7900000,16809,,0.0,0,,RPOOMLQLQHGGFCJ78EA,0.0,0.0,0.0,無,
寶山鄉,土地,寶斗仁段寶斗仁小段235-16地號,1782.0,,山坡地保育區,農牧用地,1100809,土地3建物0車位0,,,其他,,,,0.0,0,0,0,有,無,5390500,3025,,0.0,0,,RPWNMLTKQHGGFCJ96DA,0.0,0.0,0.0,無,
寶山鄉,土地,寶斗仁段寶斗仁小段412-80地號,781.46,,山坡地保育區,林業用地,1100809,土地4建物0車位0,,,其他,,,,0.0,0,0,0,有,無,1417500,1814,,0.0,0,,SPWNMLTKQHGGFCJ07DA,0.0,0.0,0.0,無,0032
寶山鄉,土地,寶斗仁段寶斗仁小段420地號,933.0,,山坡地保育區,農牧用地,1100809,土地2建物0車位0,,,其他,,,,0.0,0,0,0,有,無,2822300,3025,,0.0,0,,RPXNMLTKQHGGFCJ07DA,0.0,0.0,0.0,無,
寶山鄉,土地,寶斗仁段寶斗仁小段412-71地號,1617.37,,山坡地保育區,林業用地,1100809,土地3建物0車位0,,,其他,,,,0.0,0,0,0,有,無,2934700,1814,,0.0,0,,SPXNMLTKQHGGFCJ17DA,0.0,0.0,0.0,無,0032
竹東鎮,房地(土地+建物),新竹縣竹東鎮竹中路２５之２號三樓之４,23.85,都市：其他:住二,,,1100801,土地1建物1車位0,四層,九層,華廈(10層含以下有電梯),住家用,鋼筋混凝土造,0810506,130.44,3,2,2,有,有,6250000,47915,,0.0,0,,RPVNMLQLQHGGFCJ66DA,93.48,0.0,11.75,有,
竹東鎮,土地,資源段611地號,10.97,商,,,1100804,土地1建物0車位0,,,其他,,,,0.0,0,0,0,有,無,264000,24066,,0.0,0,,RPTNMLOLQHGGFCJ88DA,0.0,0.0,0.0,無,0034
橫山鄉,土地,九讚頭段798地號,1541.01,,山坡地保育區,農牧用地,1100802,土地1建物0車位0,,,其他,,,,0.0,0,0,0,有,無,3800000,2466,,0.0,0,現有種植果樹,RPOPMLTJQHGGFCJ88DA,0.0,0.0,0.0,無,0035
橫山鄉,土地,九讚頭段798地號,1060.15,,山坡地保育區,農牧用地,1100806,土地1建物0車位0,,,其他,,,,0.0,0,0,0,有,無,2500000,2358,,0.0,0,現有種植果樹,RPQPMLTJQHGGFCJ09DA,0.0,0.0,0.0,無,0035
新埔鎮,土地,仰德段75地號,504.95,,特定農業區,甲種建築用地,1100801,土地1建物0車位0,,,其他,,,,0.0,0,0,0,有,無,5000000,9902,,0.0,0,親友、員工、共有人或其他特殊關係間之交易；,RPTPMLQKQHGGFBJ09DA,0.0,0.0,0.0,無,
竹北市,土地,舊港段漁寮小段530地號,49.0,,鄉村區,乙種建築用地,1100818,土地3建物0車位0,,,其他,,,,0.0,0,0,0,有,無,500000,10204,,0.0,0,親友、員工、共有人或其他特殊關係間之交易；,RPPNMLTKQHGGFBJ78DA,0.0,0.0,0.0,無,
竹北市,土地,東興段250地號,67.82,都市：其他:道路用地,,,1100811,土地1建物0車位0,,,其他,,,,0.0,0,0,0,有,無,6648008,98024,,0.0,0,包含公共設施保留地用地；,RPPNMLPLQHGGFBJ48DA,0.0,0.0,0.0,無,0037
竹北市,車位,六家六街１５等號等樓,0.0,,,,1100810,土地0建物1車位1,,,其他,,,,26.6,0,0,0,有,無,1500000,,坡道平面,26.6,1500000,僅車位交易；,RPUOMLPLQHGGFBJ09DA,0.0,0.0,0.0,無,
新埔鎮,土地,福田段244地號,153.4,住,,,1100807,土地1建物0車位0,,,其他,,,,0.0,0,0,0,有,無,12600000,82138,,0.0,0,,RPPPMLPLQHGGFBJ68DA,0.0,0.0,0.0,無,0038
關西鎮,土地,馬武督段赤柯山小段68地號,330.0,,山坡地保育區,丙種建築用地,1100817,土地1建物0車位0,,,其他,,,,0.0,0,0,0,有,無,2700000,8182,,0.0,0,,RPUPMLPLQHGGFBJ56DA,0.0,0.0,0.0,無,
竹東鎮,房地(土地+建物)+車位,新竹縣竹東鎮龍鳳路３０之９號六樓,20.99,商,,,1100811,土地1建物1車位1,六層,十五層,住宅大樓(11層含以上有電梯),住家用,鋼筋混凝土造,1100317,148.76999999999998,2,2,1,有,有,8500000,57135,坡道平面,30.57,0,,RPSNMLLKQHGGFCJ38DA,73.12,0.0,8.08,有,0039
芎林鄉,土地,竹林段801地號,24.33,,鄉村區,乙種建築用地,1100819,土地1建物0車位0,,,其他,,,,0.0,0,0,0,有,無,375000,15413,,0.0,0,,RPSNMLRLQHGGFCJ56EA,0.0,0.0,0.0,無,0008
峨眉鄉,土地,赤柯山段436地號,1507.24,,山坡地保育區,農牧用地,1100809,土地4建物0車位0,,,其他,,,,0.0,0,0,0,有,無,1500000,995,,0.0,0,,RPSOMLRLQHGGFCJ66EA,0.0,0.0,0.0,無,
芎林鄉,土地,文昌段707地號,2.93,,,,1100819,土地2建物0車位0,,,其他,,,,0.0,0,0,0,有,無,159687,54501,,0.0,0,,RPVOMLRLQHGGFCJ96EA,0.0,0.0,0.0,無,0041
寶山鄉,土地,雙龍段84地號,13.78,都市：其他:保護區,,,1100809,土地1建物0車位0,,,其他,,,,0.0,0,0,0,有,無,291715,21169,,0.0,0,受民情風俗因素影響；,RPQNMLLJRHGGFCJ28EA,0.0,0.0,0.0,無,0031
湖口鄉,房地(土地+建物),新竹縣湖口鄉八德路一段３５０巷３８號,97.0,,特定農業區,甲種建築用地,1100802,土地1建物1車位0,全,三層,透天厝,其他,鋼筋混凝土造,0840929,209.92,5,2,3,有,無,6200000,29535,,0.0,0,,RPVNMLKMQHGGFDJ98EA,196.86,2.48,10.58,無,0043
竹北市,房地(土地+建物),新竹縣竹北市嘉豐一街１０３號二樓之八,11.93,住,,,1100806,土地1建物1車位0,二層,七層,華廈(10層含以下有電梯),商業用,鋼筋混凝土造,0990902,52.56,1,1,2,有,有,6300000,119863,,0.0,0,夾層；,RPPQMLQLQHGGFBJ98EA,26.87,6.57,0.0,有,
新豐鄉,房地(土地+建物)+車位,新竹縣新豐鄉建興路二段４３０號八樓,25.58,,特定農業區,甲種建築用地,1100828,土地1建物1車位1,八層,八層,華廈(10層含以下有電梯),住家用,鋼筋混凝土造,1040910,108.64,3,2,2,有,有,5500000,50626,坡道機械,0.0,0,,RPSOMLPLQHGGFDJ09DA,65.79,7.15,6.04,有,0044
湖口鄉,房地(土地+建物),新竹縣湖口鄉新生三路３３之５號二樓,23.2,,工業區,丁種建築用地,1100817,土地1建物1車位0,二層,五層,公寓(5樓含以下無電梯),住家用,鋼筋混凝土造,0940701,82.91,5,0,5,有,有,3000000,36184,,0.0,0,,RPPOMLPLQHGGFDJ78DA,64.22,0.0,6.0,無,0045
湖口鄉,房地(土地+建物),新竹縣湖口鄉明德街２２９巷１１弄７號,17.36,住,,,1100808,土地1建物1車位0,一層,九層,華廈(10層含以下有電梯),住家用,鋼筋混凝土造,0840313,119.00999999999999,3,2,2,有,有,3000000,25208,,0.0,0,,RPTNMLRLQHGGFDJ66DA,65.88,7.11,0.0,有,
新豐鄉,土地,福興段後湖子小段878地號,2000.0,,特定農業區,農牧用地,1100803,土地1建物0車位0,,,其他,,,,0.0,0,0,0,有,無,5445000,2723,,0.0,0,,RPSOMLRLQHGGFDJ66DA,0.0,0.0,0.0,無,
湖口鄉,房地(土地+建物),新竹縣湖口鄉安宅十街４９號三樓,15.28,,工業區,丁種建築用地,1100803,土地1建物1車位0,三層,五層,華廈(10層含以下有電梯),住家用,鋼筋混凝土造,1100322,60.480000000000004,2,1,2,有,無,4150000,68618,,0.0,0,,RPRNMLRLQHGGFDJ09DA,46.03,0.0,4.28,有,
湖口鄉,房地(土地+建物),新竹縣湖口鄉蘭州二街３７號,72.58,,工業區,丁種建築用地,1100806,土地1建物1車位0,全,四層,透天厝,住家用,鋼筋混凝土造,0840511,172.11,5,2,4,有,無,7700000,44739,,0.0,0,,RPUNMLKMQHGGFDJ78DA,151.04,6.82,14.25,無,0046
竹北市,房地(土地+建物)+車位,新竹縣竹北市光明九路６２號五樓,15.58,商,,,1100808,土地1建物1車位1,五層,十層,華廈(10層含以下有電梯),住家用,鋼筋混凝土造,0830622,109.44,3,2,2,有,有,8350000,76298,坡道機械,0.0,0,,RPUNMLKMQHGGFBJ68EA,72.74,0.0,8.34,有,
竹北市,車位,嘉豐七街１３９號,0.0,,,,1100802,土地0建物1車位2,,,其他,,,,22.36,0,0,0,有,有,900000,,升降機械,22.36,900000,僅車位交易；,RPVNMLOLQHGGFBJ09EA,0.0,0.0,0.0,有,0047
湖口鄉,土地,和興段1741-17地號,155.83,,特定農業區,甲種建築用地,1100803,土地2建物0車位0,,,其他,,,,0.0,0,0,0,有,無,1900000,12193,,0.0,0,親友、員工、共有人或其他特殊關係間之交易；未登記建物；,RPPNMLKMQHGGFDJ38EA,0.0,0.0,0.0,無,
竹東鎮,土地,二重埔段223-275地號,744.0,工,,,1100816,土地1建物0車位0,,,其他,,,,0.0,0,0,0,有,無,17890000,24046,,0.0,0,,RPOOMLKMQHGGFCJ28EA,0.0,0.0,0.0,無,0048
北埔鄉,土地,環湖段1024地號,1370.83,,山坡地保育區,農牧用地,1100820,土地5建物0車位0,,,其他,,,,0.0,0,0,0,有,無,1500000,1094,,0.0,0,,RPUNMLLMQHGGFCJ88EA,0.0,0.0,0.0,無,0049
北埔鄉,土地,環湖段1024地號,1370.83,,山坡地保育區,農牧用地,1100820,土地5建物0車位0,,,其他,,,,0.0,0,0,0,有,無,1500000,1094,,0.0,0,,RPWNMLLMQHGGFCJ09EA,0.0,0.0,0.0,無,0049
新埔鎮,房地(土地+建物)+車位,新竹縣新埔鎮田新路４７８號二樓,15.0,商,,,1100806,土地1建物1車位1,二層,十五層,住宅大樓(11層含以上有電梯),住家用,鋼筋混凝土造,1090519,146.99,3,2,2,有,有,9400000,63950,坡道平面,26.33,0,,RPRUMLKMQHGGFBJ98DA,72.94,0.64,8.6,有,0051
竹北市,土地,省道段160地號,52.27,都市：其他:道路用地,,,1100819,土地1建物0車位0,,,其他,,,,0.0,0,0,0,有,無,3003225,57456,,0.0,0,包含公共設施保留地用地；,RPWNMLRLQHGGFBJ76DA,0.0,0.0,0.0,無,0052
竹北市,土地,省道段1120地號,177.16,都市：其他:道路用地,,,1100810,土地1建物0車位0,,,其他,,,,0.0,0,0,0,有,無,17648396,99618,,0.0,0,包含公共設施保留地用地；,RPQNMLLLQHGGFBJ18DA,0.0,0.0,0.0,無,0053
竹北市,土地,斗崙段頂斗崙小段119-4地號,202.69,都市：其他:道路用地,,,1100818,土地2建物0車位0,,,其他,,,,0.0,0,0,0,有,無,22383836,110434,,0.0,0,包含公共設施保留地用地；,RPRNMLTKQHGGFBJ98DA,0.0,0.0,0.0,無,0054
竹北市,土地,華城段1120地號,4301.39,,山坡地保育區,農牧用地,1100805,土地2建物0車位0,,,其他,,,,0.0,0,0,0,有,無,10000000,2325,,0.0,0,,RPUPMLSKQHGGFBJ76DA,0.0,0.0,0.0,無,0055
竹北市,房地(土地+建物)+車位,新竹縣竹北市新光街２２７巷１號四樓,34.51,住,,,1100814,土地1建物1車位1,四層,五層,華廈(10層含以下有電梯),住家用,鋼筋混凝土造,0921023,120.15,3,2,2,有,有,8860000,73741,一樓平面,0.0,0,,RPUPMLQKQHGGFBJ56DA,74.94,1.29,7.66,有,
新埔鎮,房地(土地+建物)+車位,新竹縣新埔鎮壹山街１２８巷５２號,551.6,,鄉村區,乙種建築用地,1100805,土地48建物1車位3,全,四層,透天厝,住家用,鋼筋混凝土造,1080717,421.41,4,3,5,有,有,45180000,107212,一樓平面,0.0,0,,RPXNMLNLQHGGFBJ09DA,392.33,0.02,29.06,有,
竹北市,土地,站後段497-2地號,14.76,都市：其他:道路用地,,,1100817,土地1建物0車位0,,,其他,,,,0.0,0,0,0,有,無,50000,3388,,0.0,0,包含公共設施保留地用地；,RPSPMLPLQHGGFBJ98DA,0.0,0.0,0.0,無,0056
竹北市,房地(土地+建物),新竹縣竹北市勝利六街５２號四樓之七,5.1,商,,,1100802,土地1建物1車位0,四層,十層,套房(1房1廳1衛),商業用,鋼筋混凝土造,0930309,35.519999999999996,1,1,1,有,有,3650000,102759,,0.0,0,,RPWOMLRLQHGGFBJ86DA,21.51,0.0,3.6,有,0057
竹北市,房地(土地+建物)+車位,新竹縣竹北市新瀧一街３１號十樓,14.78,商,,,1100806,土地1建物1車位1,十層,十四層,住宅大樓(11層含以上有電梯),住家用,鋼筋混凝土造,1100324,131.01,2,2,2,有,有,9650000,73658,坡道平面,39.72,0,,RPQUMLKMQHGGFBJ88DA,54.86,1.75,4.24,有,0058
寶山鄉,房地(土地+建物)+車位,新竹縣寶山鄉湳坑二街７號,68.39,,山坡地保育區,丙種建築用地,1100810,土地3建物1車位1,一層，二層,五層,公寓(5樓含以下無電梯),住家用,鋼筋混凝土造,0870106,119.35,4,2,3,有,無,4000000,33515,一樓平面,0.0,0,,RPXOMLLMQHGGFCJ56DA,108.74,0.0,10.61,無,0059
竹東鎮,房地(土地+建物),新竹縣竹東鎮幸福路１２１巷５號七樓,13.24,住,,,1100802,土地1建物1車位0,七層,十三層,住宅大樓(11層含以上有電梯),住家用,鋼筋混凝土造,0840801,93.17,2,2,1,有,有,3100000,33273,,0.0,0,,RPQOMLLMQHGGFCJ58EA,60.61,0.0,9.51,有,0060
竹東鎮,房地(土地+建物),新竹縣竹東鎮三重一路１５號五樓,19.68,都市：其他:住一,,,1100808,土地1建物1車位0,五層,六層,華廈(10層含以下有電梯),住家用,鋼筋混凝土造,0800103,79.61,2,2,1,有,有,2400000,30147,,0.0,0,,RPQNMLKMQHGGFCJ38EA,63.67,0.0,3.68,有,
竹北市,房地(土地+建物)+車位,新竹縣竹北市縣政五街３２巷１號九樓,15.82,商,,,1100802,土地1建物1車位1,九層,十層,華廈(10層含以下有電梯),住家用,鋼筋混凝土造,0880701,92.32,2,2,1,有,有,7900000,85572,坡道機械,0.0,0,陽台外推；,RPPOMLRLQHGGFBJ88EA,52.52,0.0,8.92,有,0061
新豐鄉,房地(土地+建物),新竹縣新豐鄉坑子口４５８之１６號,228.0,,特定農業區,農牧用地,1100810,土地4建物1車位0,全,四層,透天厝,住家用,鋼筋混凝土造,1100622,164.24,4,2,3,有,有,8200000,49927,,0.0,0,,RPOOMLRLQHGGFDJ88DA,158.75,0.0,5.49,無,
新豐鄉,房地(土地+建物),新竹縣新豐鄉康樂路一段２００巷２２弄２號北室,27.23,住,,,1100819,土地1建物1車位0,一層,四層,公寓(5樓含以下無電梯),住家用,鋼筋混凝土造,0730427,62.79,4,1,1,有,無,3630000,57812,,0.0,0,騎樓增建其他增建；,RPTOMLKMQHGGFDJ78DA,62.79,0.0,0.0,無,0062
湖口鄉,土地,勝利段84-1地號,6.27,,鄉村區,乙種建築用地,1100819,土地1建物0車位0,,,其他,,,,0.0,0,0,0,有,無,150000,23923,,0.0,0,,RPVOMLTKQHGGFDJ07DA,0.0,0.0,0.0,無,
湖口鄉,房地(土地+建物),新竹縣湖口鄉長安路７７巷１２號,43.92,,鄉村區,乙種建築用地,1100807,土地1建物1車位0,全,二層,透天厝,住家用,加強磚造,,73.78,4,2,2,有,無,3300000,44728,,0.0,0,其他增建；,RPUOMLLKQHGGFDJ78DA,73.78,0.0,0.0,無,
湖口鄉,房地(土地+建物),新竹縣湖口鄉德和路７６巷１８號六樓之３,9.84,,鄉村區,乙種建築用地,1100812,土地1建物1車位0,六層,七層,華廈(10層含以下有電梯),住家用,鋼筋混凝土造,0930705,34.230000000000004,1,0,1,有,有,1060000,30967,,0.0,0,,RPWNMLQKQHGGFDJ76DA,21.86,0.0,2.32,有,0063
湖口鄉,房地(土地+建物),新竹縣湖口鄉新湖路５７１巷３１號,89.21,,特定農業區,甲種建築用地,1100807,土地2建物1車位0,全,四層,透天厝,住家用,鋼筋混凝土造,0820318,179.12,4,2,3,有,無,5088000,28406,,0.0,0,頂樓有增建房屋有滲漏水情形,RPPNMLMKQHGGFDJ28DA,156.47,7.55,15.1,無,
竹北市,房地(土地+建物)+車位,新竹縣竹北市莊敬五街５５號六樓,13.43,商,,,1100801,土地1建物1車位1,六層,十四層,住宅大樓(11層含以上有電梯),住家用,鋼筋混凝土造,0940923,150.28,3,2,2,有,有,15700000,104472,坡道平面,0.0,0,陽台外推；,RPSQMLLJRHGGFBJ68EA,82.88,4.47,7.66,有,
芎林鄉,土地,王爺坑段505-1地號,960.0,,山坡地保育區,農牧用地,1100825,土地1建物0車位0,,,其他,,,,0.0,0,0,0,有,無,3000000,3125,,0.0,0,,RPXNMLMJRHGGFCJ09EA,0.0,0.0,0.0,無,
湖口鄉,房地(土地+建物)+車位,新竹縣湖口鄉千禧路４３巷１號五樓,42.31,,鄉村區,乙種建築用地,1100801,土地1建物1車位1,五層,五層,公寓(5樓含以下無電梯),住家用,鋼筋混凝土造,0890730,125.47999999999999,3,2,2,有,無,4170000,33232,一樓平面,0.0,0,,RPOOMLKMQHGGFDJ38EA,82.55,0.0,7.31,無,0064
新豐鄉,房地(土地+建物),新竹縣新豐鄉員山１２９號三樓,33.76,,一般農業區,甲種建築用地,1100817,土地1建物1車位0,三層,四層,公寓(5樓含以下無電梯),住家用,加強磚造,,61.58,2,1,1,有,無,1500000,24359,,0.0,0,,RPPOMLQJRHGGFDJ88EA,61.58,0.0,0.0,無,
新豐鄉,房地(土地+建物),新竹縣新豐鄉員山１２８號三樓,33.76,,一般農業區,甲種建築用地,1100814,土地1建物1車位0,三層,四層,公寓(5樓含以下無電梯),住家用,加強磚造,,75.44,2,2,2,有,無,1800000,23860,,0.0,0,,RPQOMLQJRHGGFDJ98EA,75.44,0.0,0.0,無,
尖石鄉,土地,新樂段水田小段668-12地號,577.0,,山坡地保育區,農牧用地,1100821,土地1建物0車位0,,,其他,,,,0.0,0,0,0,有,無,600000,1040,,0.0,0,,RPQNMLOLQHGGFCJ58DA,0.0,0.0,0.0,無,
竹東鎮,房地(土地+建物)+車位,新竹縣竹東鎮中興路二段２２３之２號一樓,106.56,,特定農業區,甲種建築用地,1100816,土地1建物2車位1,一層，地下一層,五層,華廈(10層含以下有電梯),商業用,鋼筋混凝土造,1070830,280.19,2,2,4,有,有,18000000,64242,升降機械,12.43,0,※324建號：1房1廳2衛。※325建號：1房1廳2衛。,RPSNMLRKQHGGFCJ98DA,240.66,0.0,0.0,有,
竹東鎮,房地(土地+建物),新竹縣竹東鎮惠安街１４６號,118.0,住,,,1100809,土地1建物1車位0,全,二層,透天厝,住家用,加強磚造,,133.5,3,2,2,有,無,5300000,39700,,0.0,0,親友、員工、共有人或其他特殊關係間之交易；,RPWNMLKKQHGGFCJ68DA,133.5,0.0,0.0,無,
新豐鄉,房地(土地+建物),新竹縣新豐鄉坪頂二街６２巷３號,61.28,,鄉村區,乙種建築用地,1100801,土地2建物1車位0,全,三層,透天厝,住家用,鋼筋混凝土造,1001226,204.32999999999998,4,2,3,有,有,10960000,53639,,0.0,0,頂樓加蓋；,RPXNMLOJQHGGFDJ56DA,177.03,3.34,11.48,無,
竹北市,房地(土地+建物)+車位,新竹縣竹北市自強南路５９巷３號五樓之一,10.73,住,,,1100809,土地1建物1車位1,五層,十四層,住宅大樓(11層含以上有電梯),住商用,鋼筋混凝土造,0930611,70.06,1,1,1,有,有,5900000,84214,坡道機械,0.0,0,,RPVOMLKMQHGGFBJ78DA,32.62,2.66,2.0,有,0065
竹北市,房地(土地+建物)+車位,新竹縣竹北市文興路１６３號七樓,26.84,商,,,1100802,土地1建物1車位2,七層,十九層,住宅大樓(11層含以上有電梯),住家用,鋼筋混凝土造,1000510,296.15999999999997,3,2,2,有,有,26000000,87790,坡道平面,76.72,0,,RPPNMLTLQHGGFBJ88DA,137.08,3.9,12.77,有,
新埔鎮,土地,南平段209地號,2712.27,,山坡地保育區,農牧用地,1100821,土地2建物0車位0,,,其他,,,,0.0,0,0,0,有,無,4510000,1663,,0.0,0,,RPSNMLNLQHGGFBJ58DA,0.0,0.0,0.0,無,0066
關西鎮,土地,大同貳段146-1地號,70.67,,山坡地保育區,水利用地,1100824,土地2建物0車位0,,,其他,,,,0.0,0,0,0,有,無,192223,2720,,0.0,0,政府機關標讓售；,RPRRMLLJRHGGFBJ58DA,0.0,0.0,0.0,無,
竹北市,房地(土地+建物),新竹縣竹北市和平街１８號三樓之七,4.33,商,,,1100816,土地1建物1車位0,三層,七層,套房(1房1廳1衛),商業用,鋼筋混凝土造,0861009,29.67,1,1,1,有,有,1400000,47186,,0.0,0,,RPWRMLLJRHGGFBJ09DA,15.2,0.0,4.66,有,
竹北市,土地,新庄子段327-11地號,561.0,,特定農業區,農牧用地,1100805,土地1建物0車位0,,,其他,,,,0.0,0,0,0,有,無,5939500,10587,,0.0,0,,RPUQMLMJRHGGFBJ88DA,0.0,0.0,0.0,無,
竹北市,土地,新庄子段327-16地號,561.0,,特定農業區,農牧用地,1100805,土地1建物0車位0,,,其他,,,,0.0,0,0,0,有,無,5939500,10587,,0.0,0,,RPORMLMJRHGGFBJ38DA,0.0,0.0,0.0,無,
竹北市,土地,中興段195地號,30.28,都市：其他:道路用地,,,1100823,土地1建物0車位0,,,其他,,,,0.0,0,0,0,有,無,1740000,57464,,0.0,0,包含公共設施保留地用地；,RPSPMLMJRHGGFBJ58DA,0.0,0.0,0.0,無,0067
竹北市,土地,社北段248地號,170.72,都市：其他:道路用地,,,1100818,土地3建物0車位0,,,其他,,,,0.0,0,0,0,有,無,10800000,63261,,0.0,0,包含公共設施保留地用地；,RPUPMLMJRHGGFBJ78DA,0.0,0.0,0.0,無,0068
竹北市,土地,竹義段263地號,37.84,都市：其他:道路用地,,,1100818,土地2建物0車位0,,,其他,,,,0.0,0,0,0,有,無,6341762,167594,,0.0,0,包含公共設施保留地用地；,RPVRMLLJRHGGFBJ98DA,0.0,0.0,0.0,無,0069
竹北市,土地,水瀧段590地號,7.42,都市：其他:道路用地,,,1100824,土地1建物0車位0,,,其他,,,,0.0,0,0,0,有,無,291376,39269,,0.0,0,包含公共設施保留地用地；,RPOOMLLJRHGGFBJ97DA,0.0,0.0,0.0,無,0070
竹北市,房地(土地+建物)+車位,新竹縣竹北市十興三街７１號十二樓,25.93,住,,,1100806,土地1建物1車位2,十二層,十四層,住宅大樓(11層含以上有電梯),住家用,鋼筋混凝土造,1030114,211.59,3,2,2,有,有,21880000,130223,坡道平面,69.68,3400000,後陽台加窗其他增建；,RPPRMLLJRHGGFBJ38DA,88.17,1.99,7.76,有,0071
竹北市,土地,興崙段828地號,189.84,都市：其他:道路用地,,,1100826,土地1建物0車位0,,,其他,,,,0.0,0,0,0,有,無,15000000,79014,,0.0,0,包含公共設施保留地用地；,RPXNMLNJRHGGFBJ98DA,0.0,0.0,0.0,無,
竹北市,房地(土地+建物)+車位,新竹縣竹北市六家五路一段２３３號十四樓,11.24,商,,,1100804,土地1建物1車位1,十四層,十四層,住宅大樓(11層含以上有電梯),住家用,鋼筋混凝土造,1030127,85.31,0,0,0,無,有,7600000,89087,坡道機械,0.0,0,,RPRQMLMJRHGGFBJ58DA,42.62,1.5,3.28,有,0072
新埔鎮,房地(土地+建物)+車位,新竹縣新埔鎮文山一街１２２號,128.53,,鄉村區,乙種建築用地,1100805,土地2建物1車位1,全,五層,透天厝,住家用,鋼筋混凝土造,1100604,414.51,4,4,8,有,無,38800000,93604,一樓平面,0.0,0,含土地增值稅或其他稅費；親友、員工、共有人或其他特殊關係間之交易；其他增建；,RPPNMLLJRHGGFBJ97DA,386.25,0.0,28.26,無,
竹北市,車位,新竹縣竹北市六家五路二段２１０號,2.1,住,,,1100811,土地1建物1車位1,一層,二十四層,其他,商業用,鋼筋混凝土造,1010328,31.669999999999998,0,0,0,有,有,700000,,坡道平面,31.67,700000,僅車位交易；,RPWOMLMKQHGGFBJ88DA,0.0,0.0,0.0,有,0073
芎林鄉,土地,竹林段1268地號,250.39,,特定農業區,甲種建築用地,1100819,土地3建物0車位0,,,其他,,,,0.0,0,0,0,有,無,2970000,11861,,0.0,0,,RPQNMLTLQHGGFCJ09DA,0.0,0.0,0.0,無,0074
竹東鎮,土地,下員段179地號,135.11,農,,,1100824,土地1建物0車位0,,,其他,,,,0.0,0,0,0,有,無,2000000,14803,,0.0,0,,RPROMLMJRHGGFCJ58EA,0.0,0.0,0.0,無,0075
竹東鎮,房地(土地+建物)+車位,新竹縣竹東鎮龍鳳路２０之１號十四樓,17.04,商,,,1100808,土地1建物1車位1,十四層,十五層,住宅大樓(11層含以上有電梯),住家用,鋼筋混凝土造,1100317,124.38,2,2,1,有,有,7650000,61505,坡道平面,30.56,0,,RPQOMLNJRHGGFCJ58EA,59.45,0.0,3.84,有,0076
竹北市,房地(土地+建物),新竹縣竹北市中山路８之５號,88.4,住,,,1100801,土地1建物1車位0,全,五層,透天厝,住商用,鋼筋混凝土造,0960608,253.73,5,2,3,有,無,20500000,80795,,0.0,0,夾層；其他增建；,RPTQMLMJRHGGFBJ88EA,198.38,20.25,35.1,無,
竹北市,房地(土地+建物)+車位,新竹縣竹北市光明六路東一段２７８號十一樓,22.27,商,,,1100801,土地1建物1車位2,十一層,二十一層,住宅大樓(11層含以上有電梯),住家用,鋼筋混凝土造,0940111,289.92,4,2,3,有,有,29060000,100235,坡道平面,0.0,0,,RPXOMLNJRHGGFBJ56EA,159.42,3.26,10.54,有,
竹北市,房地(土地+建物),新竹縣竹北市隘口六街３１號八樓之八,9.28,住,,,1100808,土地1建物1車位0,八層,九層,華廈(10層含以下有電梯),商業用,鋼筋混凝土造,0970609,37.94,2,2,1,有,有,6030000,158935,,0.0,0,夾層；,RPQNMLMJRHGGFBJ28EA,21.83,1.69,2.93,有,0077
新豐鄉,房地(土地+建物),新竹縣新豐鄉保康街３號五樓,14.11,住,,,1100803,土地1建物1車位0,五層,五層,華廈(10層含以下有電梯),商業用,鋼筋混凝土造,0991115,56.559999999999995,2,1,1,有,有,4680000,82744,,0.0,0,,RPUNMLRLQHGGFDJ76DA,34.85,5.8,1.9,有,0078
新豐鄉,房地(土地+建物),新竹縣新豐鄉康樂路一段１９２巷２弄１１號,77.06,住,,,1100807,土地2建物1車位0,全,二層,透天厝,住家用,加強磚造,0700121,120.32,8,0,8,有,無,6100000,50698,,0.0,0,頂樓加蓋；,RPRNMLNJRHGGFDJ58DA,120.32,0.0,0.0,無,
湖口鄉,房地(土地+建物)+車位,新竹縣湖口鄉國光街３５巷３號三樓,17.25,住,,,1100809,土地1建物1車位1,三層,九層,華廈(10層含以下有電梯),住家用,鋼筋混凝土造,0830616,140.38,3,2,2,有,有,4000000,28494,坡道平面,0.0,0,車位編號B25,RPQQMLQKQHGGFDJ09DA,62.84,0.0,9.32,有,0079
竹北市,房地(土地+建物),新竹縣竹北市泰和一街１３巷６號,101.04,住,,,1100807,土地1建物1車位0,全,二層,透天厝,住家用,加強磚造,,119.66,3,2,2,有,無,13000000,108641,,0.0,0,其他增建；,RPQRMLMJRHGGFBJ68EA,119.66,0.0,0.0,無,
竹北市,房地(土地+建物)+車位,新竹縣竹北市成功八路２０６號十七樓之一,14.84,商,,,1100803,土地1建物1車位2,十七層,十九層,住宅大樓(11層含以上有電梯),住家用,鋼筋混凝土造,1001128,171.89,3,2,2,有,有,16560000,96341,坡道機械,43.62,0,,RPSPMLQJRHGGFBJ09EA,77.7,5.81,4.73,有,0080
寶山鄉,土地,雞油凸段三叉凸小段148-64地號,416.67,,山坡地保育區,農牧用地,1100814,土地1建物0車位0,,,其他,,,,0.0,0,0,0,有,無,3500000,8400,,0.0,0,土地上有地上物小木屋,RPPNMLTLQHGGFCJ98DA,0.0,0.0,0.0,無,0081
湖口鄉,房地(土地+建物),新竹縣湖口鄉信興路４２８巷１號,121.88,,特定農業區,甲種建築用地,1100802,土地2建物1車位0,全,四層,透天厝,住家用,鋼筋混凝土造,0991027,157.49,4,1,3,有,有,7800000,49527,,0.0,0,,RPTNMLMJQHGGFDJ58DA,147.7,9.79,0.0,無,
竹北市,房地(土地+建物),新竹縣竹北市新光街２３７號,18.95,住,,,1100812,土地1建物1車位0,一層，地下層,七層,華廈(10層含以下有電梯),商業用,鋼筋混凝土造,0830331,110.75,2,2,1,有,有,6450000,58239,,0.0,0,其他增建；,RPRNMLQKQHGGFBJ68DA,92.44,0.0,0.0,有,0082
竹北市,房地(土地+建物)+車位,新竹縣竹北市縣政一街２６８號六樓,35.75,住,,,1100812,土地1建物1車位2,六層,九層,華廈(10層含以下有電梯),住家用,鋼筋混凝土造,0950420,222.02999999999997,4,2,3,有,有,16000000,72062,坡道平面,0.0,0,,RPRPMLOLQHGGFBJ78DA,85.99,1.43,17.29,有,0083
竹北市,土地,東海窟段東海窟小段25-7地號,198.38,,特定農業區,農牧用地,1100810,土地1建物0車位0,,,其他,,,,0.0,0,0,0,有,無,4560000,22986,,0.0,0,,RPQNMLQLQHGGFBJ68DA,0.0,0.0,0.0,無,0084
關西鎮,土地,大同壹段406-1地號,2273.75,,山坡地保育區,農牧用地,1100812,土地3建物0車位0,,,其他,,,,0.0,0,0,0,有,無,6580000,2894,,0.0,0,,RPSOMLQJRHGGFBJ88DA,0.0,0.0,0.0,無,0085
關西鎮,土地,大同壹段408-4地號,328.41,,山坡地保育區,農牧用地,1100812,土地1建物0車位0,,,其他,,,,0.0,0,0,0,有,無,300000,913,,0.0,0,,RPTOMLQJRHGGFBJ98DA,0.0,0.0,0.0,無,
竹北市,房地(土地+建物)+車位,新竹縣竹北市莊敬七街８９號,15.82,住,,,1100806,土地1建物1車位1,一層,十四層,店面(店鋪),商業用,鋼筋混凝土造,1020208,128.4,0,2,2,有,有,21500000,167445,坡道平面,33.69,0,夾層；,RPUNMLNJRHGGFBJ68DA,64.75,0.0,0.0,有,0086
竹北市,土地,國義段5地號,164.63,住,,,1100815,土地1建物0車位0,,,其他,,,,0.0,0,0,0,有,無,20000000,121485,,0.0,0,含土地增值稅或其他稅費902670元；含仲介費；,RPROMLQJRHGGFBJ78DA,0.0,0.0,0.0,無,
新埔鎮,土地,福田段307-3地號,467.32,住,,,1100813,土地4建物0車位0,,,其他,,,,0.0,0,0,0,有,無,43200000,92442,,0.0,0,,RPPOMLNJRHGGFBJ28DA,0.0,0.0,0.0,無,
竹北市,房地(土地+建物),新竹縣竹北市嘉豐十路５號七樓之十七,5.6,商,,,1100807,土地1建物1車位0,七層,十三層,住宅大樓(11層含以上有電梯),商業用,鋼筋混凝土造,0970321,46.370000000000005,1,1,1,有,有,4500000,97046,,0.0,0,,RPUQMLNJRHGGFBJ98DA,30.29,1.58,0.0,有,
竹北市,房地(土地+建物),新竹縣竹北市中正東路４９７號,131.97,商,,,1100809,土地1建物1車位0,全,二層,透天厝,商業用,磚造,,255.84,4,2,3,有,無,17000000,66448,,0.0,0,其他增建；,RPPNMLPJRHGGFBJ38DA,255.84,0.0,0.0,無,0087
新埔鎮,土地,南打鐵坑段南打鐵坑小段19-1地號,17.25,,山坡地保育區,農牧用地,1100825,土地1建物0車位0,,,其他,,,,0.0,0,0,0,有,無,50000,2899,,0.0,0,,RPPNMLRJRHGGFBJ58DA,0.0,0.0,0.0,無,
竹北市,房地(土地+建物)+車位,新竹縣竹北市國盛街３０７號十一樓,17.28,商,,,1100804,土地1建物1車位1,十一層,十三層,住宅大樓(11層含以上有電梯),住家用,鋼筋混凝土造,1011108,155.51,3,2,2,有,有,11750000,75558,坡道平面,28.77,0,,RPSOMLRJRHGGFBJ98DA,78.14,2.41,3.64,有,0088
關西鎮,土地,錦山段4-38地號,1947.0,,山坡地保育區,農牧用地,1100806,土地1建物0車位0,,,其他,,,,0.0,0,0,0,有,無,5700000,2928,,0.0,0,,RPRQMLQLQHGGFBJ09DA,0.0,0.0,0.0,無,
竹北市,房地(土地+建物)+車位,新竹縣竹北市華興五街１９號十四樓,31.17,住,,,1100805,土地1建物1車位1,十四層,十四層,住宅大樓(11層含以上有電梯),住家用,鋼筋混凝土造,1021227,195.2,3,2,2,有,有,16660000,85348,坡道平面,32.42,0,,RPTNMLRLQHGGFBJ09DA,96.89,4.3,12.81,有,0089
關西鎮,土地,明德段292-1地號,232.87,都市：其他:道路用地,,,1100806,土地2建物0車位0,,,其他,,,,0.0,0,0,0,有,無,4300000,18465,,0.0,0,包含公共設施保留地用地；,RPRNMLTJQHGGFBJ88DA,0.0,0.0,0.0,無,0090
竹東鎮,土地,國王段615地號,286.44,,特定農業區,交通用地,1100818,土地1建物0車位0,,,其他,,,,0.0,0,0,0,有,無,7725287,26970,,0.0,0,政府機關標讓售；,RPOPMLPLQHGGFCJ68DA,0.0,0.0,0.0,無,
竹東鎮,房地(土地+建物)+車位,新竹縣竹東鎮長春路一段２４７號十一樓,24.38,商,,,1100802,土地1建物1車位1,十一層,十三層,住宅大樓(11層含以上有電梯),住家用,鋼筋混凝土造,1031002,186.57,3,2,2,有,有,11500000,61639,坡道平面,29.77,0,,RPPOMLPJQHGGFCJ48DA,98.01,0.0,12.28,有,0091
芎林鄉,土地,山湖段秀湖小段233-1地號,1143.0,,特定農業區,農牧用地,1100801,土地1建物0車位0,,,其他,,,,0.0,0,0,0,有,無,5000000,4374,,0.0,0,,RPRNMLOJQHGGFCJ48DA,0.0,0.0,0.0,無,
竹北市,房地(土地+建物)+車位,新竹縣竹北市光明六路東二段２４６號十三樓之一,39.56,住,,,1100801,土地1建物1車位2,十三層,二十層,住宅大樓(11層含以上有電梯),住家用,鋼筋混凝土造,1021126,281.35,4,2,2,有,有,33080000,117576,坡道平面,52.92,0,,RPRPMLQJRHGGFBJ98EA,131.07,8.83,18.37,有,0092
竹北市,房地(土地+建物)+車位,新竹縣竹北市福興一路２２號七樓之五,10.83,商,,,1100801,土地1建物1車位1,七層,十五層,住宅大樓(11層含以上有電梯),住家用,鋼筋混凝土造,0991120,121.43,2,2,1,有,有,8980000,73952,坡道平面,0.0,0,,RPPPMLQJRHGGFBJ78EA,55.66,4.65,3.32,有,0093
新豐鄉,房地(土地+建物),新竹縣新豐鄉中崙２８５之５號三樓,31.14,,特定農業區,甲種建築用地,1100805,土地1建物1車位0,三層,五層,公寓(5樓含以下無電梯),住家用,鋼筋混凝土造,0850711,104.17,3,2,2,有,有,2250000,21599,,0.0,0,,RPWNMLNJRHGGFDJ09DA,72.28,0.0,9.7,無,0094
湖口鄉,房地(土地+建物)+車位,新竹縣湖口鄉貴州街１００巷５號十三樓之１,29.61,住,,,1100814,土地1建物1車位1,十三層,十四層,住宅大樓(11層含以上有電梯),住家用,鋼筋混凝土造,1090122,169.83,3,2,2,有,有,8080000,49317,坡道平面,26.27,1000000,,RPSNMLQJRHGGFDJ98DA,87.14,0.0,10.54,有,
湖口鄉,土地,中美段1368-1地號,364.07,農,,,1100825,土地1建物0車位0,,,其他,,,,0.0,0,0,0,有,無,7700000,21150,,0.0,0,未登記建物；,RPQNMLMJRHGGFDJ38DA,0.0,0.0,0.0,無,
新豐鄉,房地(土地+建物),新竹縣新豐鄉明新街４６巷２６號,96.48,住,,,1100809,土地1建物1車位0,全,四層,透天厝,住家用,鋼筋混凝土造,0910120,219.18,11,0,11,有,無,9100000,41518,,0.0,0,,RPXNMLMJRHGGFDJ09DA,213.19,0.0,5.99,無,0095
新豐鄉,土地,員興段1215-3地號,76.06,農,,,1100813,土地1建物0車位0,,,其他,,,,0.0,0,0,0,有,無,1693096,22260,,0.0,0,政府機關專案讓售,RPOOMLMJRHGGFDJ28DA,0.0,0.0,0.0,無,
新豐鄉,房地(土地+建物),新竹縣新豐鄉圓山子１１６之１５號二樓之２,43.32,,特定農業區,甲種建築用地,1100818,土地1建物1車位0,二層,五層,華廈(10層含以下有電梯),住家用,鋼筋混凝土造,1050909,130.06,3,2,2,有,有,4950000,38059,,0.0,0,,RPTNMLLJRHGGFDJ58DA,101.17,2.69,9.97,有,0096
湖口鄉,房地(土地+建物),新竹縣湖口鄉中山路三段６１０巷２０弄３６號,34.99,,特定農業區,甲種建築用地,1100808,土地1建物2車位0,一層,七層,華廈(10層含以下有電梯),住家用,鋼筋混凝土造,0930515,151.78,4,1,4,有,有,2900000,19107,,0.0,0,,RPWSMLKLQHGGFDJ76DA,84.97,0.0,6.67,有,0097
湖口鄉,房地(土地+建物)+車位,新竹縣湖口鄉明豐路３１巷２號二樓之５,37.47,住,,,1100809,土地2建物1車位1,二層,五層,華廈(10層含以下有電梯),住家用,鋼筋混凝土造,1051206,122.96,3,2,2,有,有,5500000,44730,一樓平面,0.0,0,,RPWNMLRLQHGGFDJ96DA,74.24,0.0,8.0,有,
竹北市,房地(土地+建物),新竹縣竹北市中央路２３１巷６號七樓,21.07,住,,,1100808,土地1建物1車位0,七層,七層,華廈(10層含以下有電梯),住家用,鋼筋混凝土造,0820914,109.58000000000001,3,2,2,有,有,6500000,59317,,0.0,0,陽台外推；,RPOPMLRJRHGGFBJ78EA,77.26,1.28,2.58,有,
新埔鎮,土地,成功段478地號,5.96,住,,,1100810,土地1建物0車位0,,,其他,,,,0.0,0,0,0,有,無,147200,24698,,0.0,0,,RPPPMLRJRHGGFBJ88EA,0.0,0.0,0.0,無,
竹北市,房地(土地+建物)+車位,新竹縣竹北市成功八路１９０號十樓之一,20.08,商,,,1100806,土地1建物1車位2,十層,十九層,住宅大樓(11層含以上有電梯),住家用,鋼筋混凝土造,1001128,231.0,4,2,2,有,有,13000000,56277,坡道機械,0.0,0,,RPQPMLRJRHGGFBJ98EA,109.17,1.83,9.88,有,
竹北市,房地(土地+建物)+車位,新竹縣竹北市復興三路一段４８號,21.7,住,,,1100809,土地1建物1車位1,一層,十層,華廈(10層含以下有電梯),住家用,鋼筋混凝土造,0950524,121.89,2,2,2,有,有,11950000,98039,坡道平面,29.91,0,,RPRNMLSJRHGGFBJ98EA,55.25,0.0,12.44,有,0098
新豐鄉,建物,新竹縣新豐鄉孝二街６３巷１５號,0.0,,,,1100828,土地0建物1車位0,全,三層,透天厝,住家用,鋼筋混凝土造,0841027,224.22,4,2,3,有,無,1960000,8741,,0.0,0,親友、員工、共有人或其他特殊關係間之交易；,RPRNMLSJRHGGFDJ56EA,174.84,38.38,11.0,無,
芎林鄉,土地,文昌段619-7地號,3.91,住,,,1100812,土地1建物0車位0,,,其他,,,,0.0,0,0,0,有,無,128483,32860,,0.0,0,政府機關標讓售；,RPWNMLRJRHGGFCJ86EA,0.0,0.0,0.0,無,
竹東鎮,房地(土地+建物),新竹縣竹東鎮康莊街１０９巷６２號,102.4,,山坡地保育區,丙種建築用地,1100808,土地7建物1車位0,全,四層,透天厝,住家用,鋼筋混凝土造,0851207,130.9,4,2,3,有,有,6600000,50420,,0.0,0,其他增建；,RPUOMLQJRHGGFCJ66EA,121.08,9.82,0.0,無,0099
寶山鄉,土地,寶斗仁段寶斗仁小段412-53地號,2660.43,,山坡地保育區,林業用地,1100823,土地2建物0車位0,,,其他,,,,0.0,0,0,0,有,無,4827000,1814,,0.0,0,,RPSNMLQJRHGGFCJ98EA,0.0,0.0,0.0,無,0032
寶山鄉,土地,寶斗仁段寶斗仁小段412-57地號,2593.72,,山坡地保育區,林業用地,1100823,土地2建物0車位0,,,其他,,,,0.0,0,0,0,有,無,4708000,1815,,0.0,0,,RPTNMLQJRHGGFCJ09EA,0.0,0.0,0.0,無,0032
寶山鄉,土地,寶斗仁段寶斗仁小段412-58地號,2605.9,,山坡地保育區,林業用地,1100823,土地2建物0車位0,,,其他,,,,0.0,0,0,0,有,無,4729000,1815,,0.0,0,,RPUNMLQJRHGGFCJ56EA,0.0,0.0,0.0,無,0032
尖石鄉,土地,梅花段742-8地號,14670.0,,山坡地保育區,農牧用地,1100826,土地2建物0車位0,,,其他,,,,0.0,0,0,0,有,無,3500000,239,,0.0,0,,RPQNMLSJRHGGFCJ98EA,0.0,0.0,0.0,無,
五峰鄉,土地,大隘段1292地號,3442.0,,山坡地保育區,林業用地,1100820,土地2建物0車位0,,,其他,,,,0.0,0,0,0,有,無,350000,102,,0.0,0,,RPWNMLSJRHGGFCJ96EA,0.0,0.0,0.0,無,0103
竹東鎮,房地(土地+建物),新竹縣竹東鎮和江街１５６巷３號四樓,15.03,商,,,1100805,土地2建物1車位0,四層,十層,華廈(10層含以下有電梯),住家用,鋼筋混凝土造,0850506,108.5,3,2,2,有,有,3100000,28571,,0.0,0,,RPQOMLSJRHGGFCJ09EA,76.64,1.34,7.28,有,0104
寶山鄉,土地,雞油凸段雞油凸小段582地號,483.0,,山坡地保育區,農牧用地,1100823,土地1建物0車位0,,,其他,,,,0.0,0,0,0,有,無,2570000,5321,,0.0,0,,RPTNMLTLQHGGFCJ76DA,0.0,0.0,0.0,無,0023
竹北市,房地(土地+建物)+車位,新竹縣竹北市惟馨街７２號三樓,31.44,住,,,1100802,土地1建物1車位1,三層,十層,華廈(10層含以下有電梯),住家用,鋼筋混凝土造,1031121,185.82999999999998,3,2,2,有,有,18400000,99015,坡道平面,26.75,0,陽台外推；,RPROMLQKQHGGFBJ78DA,96.11,5.86,9.87,有,0106
竹北市,土地,家興段492-1地號,176.29,住,,,1100810,土地1建物0車位0,,,其他,,,,0.0,0,0,0,有,無,30000000,170174,,0.0,0,,RPOQMLMKQHGGFBJ28DA,0.0,0.0,0.0,無,
竹北市,車位,十興五街１１６號等,3.43,住,,,1100812,土地1建物1車位1,,,其他,,,,33.1,0,0,0,有,有,1600000,,坡道平面,33.1,1600000,僅車位交易；,RPSQMLQLQHGGFBJ56DA,0.0,0.0,0.0,有,0107
竹北市,房地(土地+建物),新竹縣竹北市三民路５１４巷１號二樓,32.67,住,,,1100824,土地1建物1車位0,二層,三層,公寓(5樓含以下無電梯),住家用,加強磚造,,83.43,2,2,1,有,無,3400000,40753,,0.0,0,,RPVPMLLMQHGGFBJ98DA,83.43,0.0,0.0,無,0108
竹北市,房地(土地+建物)+車位,新竹縣竹北市嘉興二街３３號十三樓,19.65,住,,,1100805,土地1建物1車位1,十三層,十四層,住宅大樓(11層含以上有電梯),住家用,鋼筋混凝土造,1040901,140.66,2,2,1,有,有,14350000,102026,坡道平面,0.0,0,,RPRNMLLJRHGGFBJ18DA,64.25,4.38,4.17,有,0109
新埔鎮,土地,照門段178地號,60.02,,山坡地保育區,農牧用地,1100823,土地1建物0車位0,,,其他,,,,0.0,0,0,0,有,無,118000,1966,,0.0,0,,RPUOMLLJRHGGFBJ58DA,0.0,0.0,0.0,無,
竹北市,房地(土地+建物)+車位,新竹縣竹北市嘉豐二街一段６７號三樓,28.88,住,,,1100807,土地1建物1車位1,三層,十四層,住宅大樓(11層含以上有電梯),住家用,鋼筋混凝土造,0991223,181.79,3,2,2,有,有,18580000,102206,坡道平面,34.77,0,陽台外推；,RPQOMLRJRHGGFBJ78DA,86.88,6.06,12.47,有,0110
竹北市,房地(土地+建物)+車位,新竹縣竹北市新光一街７８號三樓,28.21,住,,,1100802,土地1建物1車位1,三層,十三層,住宅大樓(11層含以上有電梯),住家用,鋼筋混凝土造,1030826,189.47,4,2,2,有,有,14400000,76001,坡道平面,36.61,0,陽台外推；,RPTOMLSJRHGGFBJ56DA,83.85,9.15,11.23,有,0111
竹北市,房地(土地+建物)+車位,新竹縣竹北市成功八路３８號十一樓,60.34,住,,,1100817,土地1建物1車位3,十一層,十五層,住宅大樓(11層含以上有電梯),住家用,鋼筋混凝土造,1030321,398.45,4,2,3,有,有,35000000,87840,坡道平面,114.78,0,,RPXPMLQJRHGGFBJ86DA,177.13,0.0,17.97,有,0112
竹北市,土地,竹仁段543地號,41.14,都市：其他:道路用地,,,1100820,土地1建物0車位0,,,其他,,,,0.0,0,0,0,有,無,1906972,46353,,0.0,0,包含公共設施保留地用地；,RPXOMLQJRHGGFBJ76DA,0.0,0.0,0.0,無,0113
關西鎮,土地,石光段1953地號,35.91,,鄉村區,乙種建築用地,1100810,土地1建物0車位0,,,其他,,,,0.0,0,0,0,有,無,2000000,55695,,0.0,0,,RPRQMLQJRHGGFBJ98DA,0.0,0.0,0.0,無,
竹北市,房地(土地+建物)+車位,新竹縣竹北市新瀧一街３７號十四樓,13.95,商,,,1100820,土地1建物1車位1,十四層,十四層,住宅大樓(11層含以上有電梯),住家用,鋼筋混凝土造,1100324,107.97999999999999,2,2,2,有,有,7300000,67605,其他,19.86,0,,RPUOMLNJRHGGFBJ78DA,52.84,3.63,2.94,有,
新埔鎮,土地,黃梨園段618地號,2753.98,,山坡地保育區,農牧用地,1100803,土地3建物0車位0,,,其他,,,,0.0,0,0,0,有,無,11390000,4136,,0.0,0,未登記建物；,RPSNMLRJRHGGFBJ88DA,0.0,0.0,0.0,無,
竹北市,房地(土地+建物)+車位,新竹縣竹北市六家五路一段２１７號十二樓,16.12,商,,,1100813,土地1建物1車位1,十二層,十四層,住宅大樓(11層含以上有電梯),住家用,鋼筋混凝土造,1030127,116.42,2,2,1,有,有,12680000,108916,坡道機械,0.0,0,,RPUQMLRJRHGGFBJ76DA,60.19,4.6,2.82,有,
竹北市,土地,貓兒錠段後面小段584-12地號,240.5,,特定農業區,甲種建築用地,1100811,土地2建物0車位0,,,其他,,,,0.0,0,0,0,有,無,7000000,29106,,0.0,0,,RPWQMLRJRHGGFBJ96DA,0.0,0.0,0.0,無,
竹北市,房地(土地+建物),新竹縣竹北市新光街８９號,1015.66,住,,,1100823,土地1建物1車位0,全,二層,透天厝,住家用,加強磚造,0510730,86.94,3,1,1,有,無,128000000,1472280,,0.0,0,未登記建物；未登記建物；,RPROMLSJRHGGFBJ98DA,86.94,0.0,0.0,無,
竹北市,房地(土地+建物)+車位,新竹縣竹北市復興一街１８３號六樓之三,30.88,住,,,1100809,土地1建物1車位2,六層,十三層,住宅大樓(11層含以上有電梯),住家用,鋼筋混凝土造,0980121,218.05,4,2,2,有,有,20000000,91726,坡道平面,0.0,0,陽台外推；,RPRNMLMLQHGGFBJ38DA,104.7,5.35,13.91,有,
竹北市,房地(土地+建物),新竹縣竹北市縣政十街６８號六樓之一,5.66,商,,,1100805,土地1建物1車位0,六層,八層,套房(1房1廳1衛),住家用,鋼筋混凝土造,0850130,34.63,1,1,1,有,有,2520000,72769,,0.0,0,夾層；,RPORMLLJRHGGFBJ28DA,20.45,0.0,3.03,有,
竹北市,房地(土地+建物)+車位,新竹縣竹北市北新一街２６號三樓,16.1,商,,,1100815,土地1建物1車位1,三層,二十四層,住宅大樓(11層含以上有電梯),住家用,鋼筋混凝土造,1080416,171.28,3,2,2,有,有,14200000,82905,坡道平面,28.17,0,,RPVNMLLJRHGGFBJ58DA,90.45,0.0,7.02,有,
竹北市,房地(土地+建物),新竹縣竹北市光明六路８７之１號十樓之五,6.79,商,,,1100801,土地1建物1車位0,十層,十一層,住宅大樓(11層含以上有電梯),商業用,鋼筋混凝土造,0960827,47.48,2,1,1,有,有,5600000,117944,,0.0,0,夾層；,RPSNMLQJQHGGFBJ68DA,27.66,1.26,1.66,有,
竹東鎮,房地(土地+建物)+車位,新竹縣竹東鎮工業一路８之５號六樓,34.24,住,,,1100808,土地1建物1車位2,六層,十五層,住宅大樓(11層含以上有電梯),住家用,鋼筋混凝土造,1090113,204.0,4,2,2,有,有,14500000,71078,坡道平面,54.68,0,,RPVNMLNLQHGGFCJ98DA,86.07,5.68,7.99,有,
竹東鎮,土地,柯子湖段37-1地號,66.14,,,,1100817,土地1建物0車位0,,,其他,,,,0.0,0,0,0,有,無,980000,14817,,0.0,0,,RPROMLSJRHGGFCJ09DA,0.0,0.0,0.0,無,
竹東鎮,土地,軟橋段370-2地號,60.75,,特定農業區,甲種建築用地,1100821,土地2建物0車位0,,,其他,,,,0.0,0,0,0,有,無,300000,4938,,0.0,0,,RPUNMLTJRHGGFCJ86EA,0.0,0.0,0.0,無,
峨眉鄉,土地,中盛段441地號,1402.11,,山坡地保育區,丙種建築用地,1100828,土地5建物0車位0,,,其他,,,,0.0,0,0,0,有,無,4700000,3352,,0.0,0,,RPOOMLTJRHGGFCJ98EA,0.0,0.0,0.0,無,
竹東鎮,房地(土地+建物),新竹縣竹東鎮世界街７１巷２７號三樓,22.62,住,,,1100819,土地3建物1車位0,三層,四層,公寓(5樓含以下無電梯),住家用,鋼筋混凝土造,0851231,76.53999999999999,2,1,2,有,有,2950000,38542,,0.0,0,,RPUNMLNJRHGGFCJ88EA,51.8,0.33,5.77,無,
竹東鎮,房地(土地+建物),新竹縣竹東鎮明星路２２８巷１２號,93.35,都市：其他:住一,,,1100801,土地4建物1車位0,全,四層,透天厝,住家用,鋼筋混凝土造,0790629,242.38,8,4,4,有,有,8350000,34450,,0.0,0,,RPPNMLSJRHGGFCJ88EA,215.26,16.0,11.12,無,
竹北市,房地(土地+建物)+車位,新竹縣竹北市勝利八街一段３２５號十一樓之三,31.92,住,,,1100815,土地1建物1車位1,十一層,十四層,住宅大樓(11層含以上有電梯),住家用,鋼筋混凝土造,1061103,158.28,3,2,2,有,有,19600000,123831,坡道平面,26.78,0,,RPQPMLSJRHGGFBJ09EA,83.08,0.0,6.36,有,
湖口鄉,房地(土地+建物),新竹縣湖口鄉成功路９２８巷８０弄２０號,118.99,,特定農業區,甲種建築用地,1100807,土地4建物1車位0,全,三層,透天厝,住家用,鋼筋混凝土造,1050608,210.06,3,2,3,有,無,9300000,44273,,0.0,0,,RPRQMLQKQHGGFDJ56DA,202.14,7.92,0.0,無,
湖口鄉,房地(土地+建物),新竹縣湖口鄉民權街１４號,142.0,住,,,1100804,土地4建物1車位0,全,四層,透天厝,商業用,土角磚造．鋼筋混泥土．,,239.41,3,1,3,有,無,15000000,62654,,0.0,0,天井增建其他增建；,RPUNMLSJRHGGFDJ76DA,205.31,14.96,19.14,無,
湖口鄉,房地(土地+建物),新竹縣湖口鄉新生路１７３號,68.89,,工業區,丁種建築用地,1100803,土地1建物1車位0,全,四層,透天厝,住家用,鋼筋混凝土造,0940610,188.23,4,2,4,有,無,8500000,45158,,0.0,0,,RPQNMLPJRHGGFDJ68DA,183.16,4.04,1.03,無,
新豐鄉,房地(土地+建物),新竹縣新豐鄉學府街７２巷２３號,79.54,住,,,1100701,土地1建物1車位0,全,四層,透天厝,住家用,鋼筋混凝土造,1090406,201.21,3,2,4,有,無,15800000,78525,,0.0,0,,RPUNMLRJPHGGFDJ09DA,187.56,0.0,13.65,無,
竹北市,土地,興崙段723地號,245.06,都市：其他:道路用地,,,1100701,土地8建物0車位0,,,其他,,,,0.0,0,0,0,有,無,15000000,61209,,0.0,0,包含公共設施保留地用地；,RPRQMLSJPHGGFBJ98DA,0.0,0.0,0.0,無,0114
竹北市,土地,府前段958地號,18.66,都市：其他:道路用地,,,1100701,土地1建物0車位0,,,其他,,,,0.0,0,0,0,有,無,1954298,104732,,0.0,0,包含公共設施保留地用地；,RPOPMLMJPHGGFBJ97DA,0.0,0.0,0.0,無,0115
竹北市,土地,斗崙段頂斗崙小段119-6地號,74.99,都市：其他:道路用地,,,1100702,土地3建物0車位0,,,其他,,,,0.0,0,0,0,有,無,7953369,106059,,0.0,0,包含公共設施保留地用地；,RPPNMLPJPHGGFBJ18DA,0.0,0.0,0.0,無,0116
竹北市,土地,站後段78-4地號,523.68,都市：其他:兒,,,1100705,土地6建物0車位0,,,其他,,,,0.0,0,0,0,有,無,30827000,58866,,0.0,0,包含公共設施保留地用地；,RPXOMLSJPHGGFBJ76DA,0.0,0.0,0.0,無,
竹北市,土地,社北段248地號,100.36,都市：其他:道路用地,,,1100705,土地2建物0車位0,,,其他,,,,0.0,0,0,0,有,無,4937000,49193,,0.0,0,包含公共設施保留地用地；,RPPPMLSJPHGGFBJ68DA,0.0,0.0,0.0,無,0117
竹北市,房地(土地+建物)+車位,新竹縣竹北市中華路３５２號之６十二樓,17.23,住,,,1100701,土地1建物1車位1,十二層,十二層,住宅大樓(11層含以上有電梯),住家用,鋼筋混凝土造,0820923,134.29,4,2,2,有,有,7580000,56445,坡道平面,0.0,0,,RPQNMLOKPHGGFBJ38EA,84.28,2.62,9.2,有,0118
竹東鎮,房地(土地+建物),新竹縣竹東鎮莊敬路８號,69.0,住,,,1100703,土地1建物1車位0,全,三層,透天厝,住家用,鋼筋混凝土造,,133.23,6,3,4,有,無,10000000,75058,,0.0,0,頂樓加蓋；,RPUNMLPJPHGGFCJ78DA,133.23,0.0,0.0,無,0119
新埔鎮,土地,廣興段559-4地號,78.0,,一般農業區,農牧用地,1100707,土地1建物0車位0,,,其他,,,,0.0,0,0,0,有,無,800000,10256,,0.0,0,,RPRNMLPKPHGGFBJ48DA,0.0,0.0,0.0,無,
竹北市,土地,斗崙段頂斗崙小段121-2地號,73.6,都市：其他:道路用地,,,1100706,土地1建物0車位0,,,其他,,,,0.0,0,0,0,有,無,5461488,74205,,0.0,0,包含公共設施保留地用地；,RPVNMLPKPHGGFBJ88DA,0.0,0.0,0.0,無,0120
新豐鄉,土地,福陽段105地號,902.52,,一般農業區,農牧用地,1100706,土地1建物0車位0,,,其他,,,,0.0,0,0,0,有,無,6552000,7260,,0.0,0,,RPSNMLPKPHGGFDJ78DA,0.0,0.0,0.0,無,
湖口鄉,土地,下北勢段下北勢小段544-3地號,1118.0,,特定農業區,農牧用地,1100703,土地1建物0車位0,,,其他,,,,0.0,0,0,0,有,無,3900000,3488,,0.0,0,,RPPOMLPJPHGGFDJ48DA,0.0,0.0,0.0,無,0121
寶山鄉,土地,雙龍段84地號,3.65,都市：其他:保護區,,,1100705,土地1建物0車位0,,,其他,,,,0.0,0,0,0,有,無,77217,21155,,0.0,0,受民情風俗因素影響；,RPPPMLOKPHGGFCJ58EA,0.0,0.0,0.0,無,0031
竹東鎮,房地(土地+建物)+車位,新竹縣竹東鎮北興路三段２５８號八樓,26.79,住,,,1100705,土地1建物1車位1,八層,十二層,住宅大樓(11層含以上有電梯),住家用,鋼筋混凝土造,1051005,135.14,2,2,1,有,有,7380000,54610,坡道平面,30.4,0,,RPRNMLPKPHGGFCJ58DA,65.67,0.0,3.99,有,0123
新豐鄉,土地,新豐段697地號,164.0,,特定農業區,農牧用地,1100706,土地1建物0車位0,,,其他,,,,0.0,0,0,0,有,無,1488300,9075,,0.0,0,,RPTNMLPKPHGGFDJ88DA,0.0,0.0,0.0,無,
竹北市,房地(土地+建物)+車位,新竹縣竹北市嘉興路３８４巷１５號四樓之一,25.38,住,,,1100701,土地1建物1車位1,四層,六層,華廈(10層含以下有電梯),住家用,鋼筋混凝土造,0830504,135.6,3,1,2,有,有,6500000,47935,升降機械,0.0,0,,RPXNMLQKPHGGFBJ56DA,88.16,0.0,11.29,有,
竹北市,土地,中興段564地號,37.59,都市：其他:道路用地,,,1100704,土地1建物0車位0,,,其他,,,,0.0,0,0,0,有,無,3750000,99761,,0.0,0,包含公共設施保留地用地；,RPQOMLPKPHGGFBJ48DA,0.0,0.0,0.0,無,
竹東鎮,房地(土地+建物)+車位,新竹縣竹東鎮中興路二段３７８巷１１號一樓,38.21,都市：其他:住一,,,1100706,土地1建物1車位1,一層,七層,華廈(10層含以下有電梯),住家用,鋼筋混凝土造,,174.81,3,2,2,有,有,5200000,29747,坡道平面,15.35,0,,RPROMLQKPHGGFCJ88EA,110.15,11.61,0.0,有,
尖石鄉,土地,新樂段水田小段101地號,3330.0,,山坡地保育區,農牧用地,1100705,土地1建物0車位0,,,其他,,,,0.0,0,0,0,有,無,800000,240,,0.0,0,,RPQOMLKLPHGGFCJ28EA,0.0,0.0,0.0,無,
寶山鄉,土地,龍居段501地號,520.45,,山坡地保育區,農牧用地,1100705,土地1建物0車位0,,,其他,,,,0.0,0,0,0,有,無,2331616,4480,,0.0,0,政府機關標讓售；,RPPNMLTKPHGGFCJ88EA,0.0,0.0,0.0,無,
湖口鄉,土地,三元段134地號,378.62,,特定農業區,農牧用地,1100701,土地1建物0車位0,,,其他,,,,0.0,0,0,0,有,無,1116929,2950,,0.0,0,政府機關標讓售；,RPRNMLKLPHGGFDJ38EA,0.0,0.0,0.0,無,0124
竹北市,土地,站後段662地號,46.05,都市：其他:道路用地,,,1100706,土地1建物0車位0,,,其他,,,,0.0,0,0,0,有,無,1700000,36916,,0.0,0,包含公共設施保留地用地；,RPXNMLTKPHGGFBJ96EA,0.0,0.0,0.0,無,0125
竹東鎮,土地,金福段84地號,333.82,,山坡地保育區,水利用地,1100708,土地2建物0車位0,,,其他,,,,0.0,0,0,0,有,無,2000000,5991,,0.0,0,,RPTOMLTJPHGGFCJ56DA,0.0,0.0,0.0,無,0126
寶山鄉,土地,寶東段731-1地號,79.82,,山坡地保育區,農牧用地,1100708,土地1建物0車位0,,,其他,,,,0.0,0,0,0,有,無,111748,1400,,0.0,0,,RPQNMLPKPHGGFCJ48DA,0.0,0.0,0.0,無,
竹東鎮,土地,重光段162地號,1022.26,都市：其他:道路用地,,,1100708,土地1建物0車位0,,,其他,,,,0.0,0,0,0,有,無,14375020,14062,,0.0,0,包含公共設施保留地用地；,RPTNMLQKPHGGFCJ88DA,0.0,0.0,0.0,無,0127
關西鎮,土地,石光段162地號,537.55,,山坡地保育區,農牧用地,1100707,土地1建物0車位0,,,其他,,,,0.0,0,0,0,有,無,2280000,4241,,0.0,0,,RPPPMLPKPHGGFBJ48DA,0.0,0.0,0.0,無,
竹北市,土地,府前段980地號,53.15,都市：其他:道路用地,,,1100708,土地1建物0車位0,,,其他,,,,0.0,0,0,0,有,無,4352613,81893,,0.0,0,包含公共設施保留地用地；,RPPNMLSKPHGGFBJ58DA,0.0,0.0,0.0,無,
竹北市,土地,貓兒錠段拔子窟小段1207地號,43.0,,特定農業區,農牧用地,1100707,土地1建物0車位0,,,其他,,,,0.0,0,0,0,有,無,130000,3023,,0.0,0,親友、員工、共有人或其他特殊關係間之交易；農作物；,RPXNMLKLPHGGFBJ68DA,0.0,0.0,0.0,無,0128
關西鎮,土地,石光段160地號,272.77,,山坡地保育區,丙種建築用地,1100706,土地2建物0車位0,,,其他,,,,0.0,0,0,0,有,無,3960000,14518,,0.0,0,,RPUNMLSJPHGGFBJ98DA,0.0,0.0,0.0,無,
竹北市,車位,福興路１０３７等號等樓,0.0,,,,1100702,土地0建物1車位3,,,其他,,,,90.02,0,0,0,有,無,1950000,,坡道平面,0.0,0,僅車位交易；,RPWQMLTJPHGGFBJ96DA,0.0,0.0,0.0,無,0129
新埔鎮,土地,泰陽段802地號,71.32,都市：其他:道路用地,,,1100709,土地2建物0車位0,,,其他,,,,0.0,0,0,0,有,無,80000,1122,,0.0,0,包含公共設施保留地用地；,RPSNMLTKPHGGFBJ98DA,0.0,0.0,0.0,無,
竹北市,土地,貓兒錠段拔子窟小段732地號,775.0,,特定農業區,農牧用地,1100709,土地1建物0車位0,,,其他,,,,0.0,0,0,0,有,無,5148000,6643,,0.0,0,,RPTNMLTKPHGGFBJ09DA,0.0,0.0,0.0,無,
竹北市,房地(土地+建物),新竹縣竹北市光明九路１６８號十樓之七,5.93,商,,,1100705,土地3建物1車位0,十層,十一層,住宅大樓(11層含以上有電梯),商業用,鋼筋混凝土造,0980225,47.65,1,1,1,有,有,4600000,96537,,0.0,0,夾層；其他增建；,RPQNMLRKPHGGFBJ58DA,29.92,2.05,0.0,有,
五峰鄉,土地,大隘段419-9地號,2016.0,,山坡地保育區,農牧用地,1100711,土地1建物0車位0,,,其他,,,,0.0,0,0,0,有,無,1200000,595,,0.0,0,,RPTOMLTKPHGGFCJ66DA,0.0,0.0,0.0,無,0130
北埔鄉,土地,埔尾段509地號,1065.37,,山坡地保育區,農牧用地,1100708,土地1建物0車位0,,,其他,,,,0.0,0,0,0,有,無,780000,732,,0.0,0,,RPXNMLLLPHGGFCJ98EA,0.0,0.0,0.0,無,
竹北市,房地(土地+建物),新竹縣竹北市新北街１０１號,82.61,,鄉村區,乙種建築用地,1100714,土地3建物1車位0,全,四層,透天厝,住家用,鋼筋混凝土造,1080723,248.05,5,1,4,有,有,21300000,85870,,0.0,0,,RPVNMLLLPHGGFBJ68EA,236.69,0.0,11.36,無,0131
竹北市,房地(土地+建物),新竹縣竹北市華興街８６巷１７號,64.84,住,,,1100704,土地1建物1車位0,全,二層,透天厝,住家用,加強磚造,,86.68,4,2,2,有,無,9230000,106484,,0.0,0,頂樓加蓋；其他增建；,RPOOMLKLPHGGFBJ97EA,86.68,0.0,0.0,無,
峨眉鄉,土地,赤柯坪段785地號,1332.77,,山坡地保育區,農牧用地,1100707,土地1建物0車位0,,,其他,,,,0.0,0,0,0,有,無,4500000,3376,,0.0,0,未登記建物；,RPRNMLLLPHGGFCJ28DA,0.0,0.0,0.0,無,
新埔鎮,土地,仰德段407地號,256.04,,特定農業區,交通用地,1100705,土地3建物0車位0,,,其他,,,,0.0,0,0,0,有,無,9473480,37000,,0.0,0,,RPSNMLLLPHGGFBJ28DA,0.0,0.0,0.0,無,
竹北市,房地(土地+建物)+車位,新竹縣竹北市國光街６巷１４號六樓,22.79,住,,,1100704,土地1建物1車位1,六層,六層,華廈(10層含以下有電梯),住家用,鋼筋混凝土造,0810513,107.47,3,2,2,有,有,5420000,50433,坡道平面,0.0,0,,RPUQMLQJPHGGFBJ09DA,59.96,0.0,6.09,有,0132
新埔鎮,房地(土地+建物),新竹縣新埔鎮福祿六街５巷１號,86.29,,鄉村區,乙種建築用地,1100702,土地2建物1車位0,全,四層,透天厝,住家用,鋼筋混凝土造,1100203,202.84,4,2,4,有,有,14280000,70400,,0.0,0,,RPUNMLMJPHGGFBJ38DA,192.0,0.0,10.84,無,
竹北市,車位,新竹縣竹北市福興一路６２號,1.06,商,,,1100712,土地1建物1車位1,一層,二十四層,其他,管理室,鋼筋混凝土造,1030728,33.24,0,0,0,有,有,1300000,,坡道平面,33.24,1300000,僅車位交易；,RPQNMLOKPHGGFBJ28DA,0.0,0.0,0.0,有,
竹北市,房地(土地+建物)+車位,新竹縣竹北市文興路２６３號四樓,33.17,住,,,1100713,土地1建物1車位2,四層,十一層,住宅大樓(11層含以上有電梯),辦公用,鋼筋混凝土造,1031015,228.5,0,0,0,無,有,16380000,95647,坡道平面,86.52,2800000,,RPXRMLOKPHGGFBJ76DA,92.28,0.0,0.0,有,0133
竹北市,土地,府前段1095-2地號,64.04,都市：其他:道路用地,,,1100712,土地2建物0車位0,,,其他,,,,0.0,0,0,0,有,無,2000000,31230,,0.0,0,包含公共設施保留地用地；,RPTNMLPKPHGGFBJ68DA,0.0,0.0,0.0,無,
竹北市,土地,社北段703地號,5.68,都市：其他:道路用地,,,1100713,土地1建物0車位0,,,其他,,,,0.0,0,0,0,有,無,150000,26408,,0.0,0,包含公共設施保留地用地；,RPPPMLLLPHGGFBJ18DA,0.0,0.0,0.0,無,0134
湖口鄉,土地,勝利段90地號,512.2,,鄉村區,乙種建築用地,1100708,土地2建物0車位0,,,其他,,,,0.0,0,0,0,有,無,7440000,14526,,0.0,0,,RPQNMLTJPHGGFDJ88DA,0.0,0.0,0.0,無,0135
北埔鄉,土地,環湖段763-4地號,465.66,,山坡地保育區,丙種建築用地,1100705,土地3建物0車位0,,,其他,,,,0.0,0,0,0,有,無,2700000,5798,,0.0,0,合夥開發間之交易,RPOOMLKLPHGGFCJ97DA,0.0,0.0,0.0,無,0136
竹東鎮,土地,東寧段1782地號,128.0,都市：其他:道路,,,1100709,土地1建物0車位0,,,其他,,,,0.0,0,0,0,有,無,4500000,35156,,0.0,0,包含公共設施保留地用地；,RPQOMLMLPHGGFCJ38DA,0.0,0.0,0.0,無,
竹北市,房地(土地+建物)+車位,新竹縣竹北市新工五路１５號八樓之八,23.16,住,,,1100703,土地1建物1車位1,八層,十層,華廈(10層含以下有電梯),住家用,鋼筋混凝土造,1030128,128.2,3,2,2,有,有,6525000,50897,坡道平面,31.43,0,,RPSOMLMLPHGGFBJ58EA,61.91,3.06,4.06,有,0137
竹北市,房地(土地+建物)+車位,新竹縣竹北市新工五路１３號七樓之七,22.1,住,,,1100702,土地1建物1車位1,七層,十層,華廈(10層含以下有電梯),住家用,鋼筋混凝土造,1030128,125.16999999999999,3,2,2,有,有,7100000,56723,坡道平面,33.69,0,,RPPOMLNLPHGGFBJ38EA,53.21,0.6,11.18,有,0138
北埔鄉,土地,埔中段659地號,50.67,住,,,1100715,土地1建物0車位0,,,其他,,,,0.0,0,0,0,有,無,842980,16637,,0.0,0,,RPQNMLNLPHGGFCJ48EA,0.0,0.0,0.0,無,
竹東鎮,房地(土地+建物),新竹縣竹東鎮莊敬路９巷１弄１２號,72.0,住,,,1100708,土地2建物1車位0,全,二層,透天厝,住家用,鋼筋混凝土造,,123.96,6,2,3,有,無,3780000,30494,,0.0,0,頂樓加蓋；,RPPOMLMLPHGGFCJ28DA,123.96,0.0,0.0,無,
橫山鄉,土地,橫榮段328-1地號,51.61,商,,,1100702,土地1建物0車位0,,,其他,,,,0.0,0,0,0,無,無,3500000,67816,,0.0,0,,RPWNMLNKPHGGFCJ88DA,0.0,0.0,0.0,無,
竹北市,房地(土地+建物)+車位,新竹縣竹北市中和街１９巷１６號五樓,24.33,住,,,1100705,土地1建物1車位1,五層,十層,華廈(10層含以下有電梯),住家用,鋼筋混凝土造,0980728,137.72,3,1,2,有,有,8500000,61719,坡道機械,0.0,0,本案買賣總價款為新台幣850萬元整，土地價格為新台幣812萬2900元整、建物價格為新台幣37萬7100元整。,RPTOMLNLPHGGFBJ68DA,66.21,9.53,7.05,有,
竹北市,房地(土地+建物)+車位,新竹縣竹北市隘口七街１０號十二樓,17.39,住,,,1100719,土地1建物1車位1,十二層,十二層,住宅大樓(11層含以上有電梯),住家用,鋼筋混凝土造,1081004,103.27000000000001,1,1,1,有,有,7728000,74833,坡道平面,0.0,0,,RPOPMLNLPHGGFBJ28DA,35.26,0.0,4.09,有,0139
竹北市,房地(土地+建物)+車位,新竹縣竹北市成功八路２８號八樓,48.85,住,,,1100704,土地1建物1車位2,八層,十五層,住宅大樓(11層含以上有電梯),住家用,鋼筋混凝土造,1030321,308.61,3,2,3,有,有,31000000,100450,坡道平面,76.52,0,,RPUNMLQLPHGGFBJ98DA,143.19,0.0,17.14,有,0140
關西鎮,房地(土地+建物),新竹縣關西鎮大德街３８巷８號,94.65,住,,,1100703,土地2建物1車位0,全,四層,透天厝,住家用,鋼筋混凝土造,1100118,200.06,5,3,2,有,有,11500000,57483,,0.0,0,,RPVNMLQLPHGGFBJ09DA,189.09,0.0,10.97,無,
竹北市,房地(土地+建物)+車位,新竹縣竹北市新光五街２８號九樓,33.69,住,,,1100709,土地1建物1車位2,九層,十四層,住宅大樓(11層含以上有電梯),住家用,鋼筋混凝土造,1020116,242.0,3,2,2,有,有,13000000,53719,坡道平面,61.28,0,,RPXOMLTKPHGGFBJ96DA,113.51,3.7,9.39,有,0141
湖口鄉,房地(土地+建物)+車位,新竹縣湖口鄉貴州街１００巷３號十二樓之３,29.61,住,,,1100704,土地1建物1車位1,十二層,十四層,住宅大樓(11層含以上有電梯),住家用,鋼筋混凝土造,1090122,169.87,3,2,2,有,有,8100000,49443,坡道平面,26.27,1000000,,RPWNMLQLPHGGFDJ76DA,87.14,0.0,10.54,有,
新豐鄉,房地(土地+建物),新竹縣新豐鄉員山１３２之２４５號,102.24,,山坡地保育區,丙種建築用地,1100703,土地1建物1車位0,全,四層,透天厝,住家用,鋼筋混凝土造,0990801,234.28,4,3,4,有,有,9680000,41318,,0.0,0,陽台外推；其他增建；,RPUNMLNLPHGGFDJ88DA,215.28,0.0,19.0,無,0142
新豐鄉,房地(土地+建物)+車位,新竹縣新豐鄉康樂路一段４５７巷７號五樓,40.32,,一般農業區,甲種建築用地,1100710,土地1建物1車位1,五層，夾層,五層,公寓(5樓含以下無電梯),住家用,鋼筋混凝土造,,136.38,5,3,3,有,有,4300000,31530,一樓平面,0.0,0,陽台外推；,RPPNMLQLPHGGFDJ68DA,100.72,0.0,11.58,無,
竹東鎮,房地(土地+建物)+車位,新竹縣竹東鎮竹榮街２４號五樓,20.52,商,,,1100704,土地2建物1車位1,五層,八層,華廈(10層含以下有電梯),住家用,鋼筋混凝土造,0880930,157.69,3,2,2,有,有,7500000,47562,升降機械,0.0,0,,RPVNMLPJPHGGFCJ88DA,153.6,0.0,4.09,有,
竹東鎮,土地,東寧段1285地號,12.88,住,,,1100713,土地1建物0車位0,,,其他,,,,0.0,0,0,0,有,無,363210,28200,,0.0,0,,RPPOMLQLPHGGFCJ78EA,0.0,0.0,0.0,無,0143
竹東鎮,土地,資源段993-7地號,12.0,,,,1100716,土地1建物0車位0,,,其他,,,,0.0,0,0,0,有,無,480000,40000,,0.0,0,畸零地或有合併使用效益；,RPSOMLQLPHGGFCJ09EA,0.0,0.0,0.0,無,
竹東鎮,房地(土地+建物),新竹縣竹東鎮中興路二段１７２巷３號三樓,41.08,,特定農業區,甲種建築用地,1100711,土地2建物1車位0,三層,五層,華廈(10層含以下有電梯),住家用,鋼筋混凝土造,0860915,128.98000000000002,3,2,2,有,有,5570000,43185,,0.0,0,,RPTOMLQLPHGGFCJ56EA,88.99,0.0,9.46,有,
新豐鄉,房地(土地+建物),新竹縣新豐鄉池府路２９號,124.61,,一般農業區,甲種建築用地,1100703,土地1建物1車位0,全,二層,透天厝,住家用,加強磚造,0731001,180.32,3,2,2,有,無,3100000,17192,,0.0,0,,RPTNMLNLPHGGFDJ88EA,180.32,0.0,0.0,無,
湖口鄉,土地,中美段75-11地號,16.53,,特定農業區,農牧用地,1100707,土地1建物0車位0,,,其他,,,,0.0,0,0,0,有,無,140000,8469,,0.0,0,,RPPNMLSLPHGGFDJ98EA,0.0,0.0,0.0,無,
橫山鄉,土地,橫富段299地號,76.29,住,,,1100720,土地1建物0車位0,,,其他,,,,0.0,0,0,0,有,無,1200000,15729,,0.0,0,,RPPNMLSLPHGGFCJ88EA,0.0,0.0,0.0,無,
竹東鎮,房地(土地+建物)+車位,新竹縣竹東鎮龍鳳路２０之１號八樓,17.04,商,,,1100710,土地1建物1車位1,八層,十五層,住宅大樓(11層含以上有電梯),住家用,鋼筋混凝土造,1100317,124.38,3,1,2,有,有,7200000,57887,坡道平面,0.0,0,,RPQNMLSLPHGGFCJ98EA,59.45,0.0,3.84,有,0144
竹北市,房地(土地+建物),新竹縣竹北市中山路４２７號,249.35,住,,,1100707,土地2建物1車位0,全,二層,透天厝,住商用,鋼筋混凝土造,0870923,263.83,5,2,2,有,無,35000000,132661,,0.0,0,,RPXOMLQLPHGGFBJ86EA,255.36,8.47,0.0,無,
橫山鄉,土地,濫子段尖筆窩小段257-6地號,964.0,,山坡地保育區,林業用地,1100715,土地1建物0車位0,,,其他,,,,0.0,0,0,0,有,無,1000000,1037,,0.0,0,,RPPOMLRLPHGGFCJ78DA,0.0,0.0,0.0,無,
湖口鄉,土地,竹九段1898地號,3360.01,,工業區,丁種建築用地,1100706,土地1建物0車位0,,,其他,,,,0.0,0,0,0,有,無,173806000,51728,,0.0,0,政府機關標讓售；,RPVOMLRLPHGGFDJ86DA,0.0,0.0,0.0,無,
湖口鄉,房地(土地+建物),新竹縣湖口鄉德和路７６巷８號七樓之２,13.81,,鄉村區,乙種建築用地,1100714,土地1建物1車位0,七層,八層,華廈(10層含以下有電梯),住家用,鋼筋混凝土造,0930705,48.08,1,1,1,有,有,1500000,31198,,0.0,0,陽台外推；,RPVNMLPKPHGGFDJ09DA,28.66,0.0,5.57,有,
竹北市,房地(土地+建物)+車位,新竹縣竹北市北新一街２１號十六樓之五,14.01,商,,,1100703,土地1建物1車位1,十六層,二十四層,住宅大樓(11層含以上有電梯),住家用,鋼筋混凝土造,1091225,156.94,3,2,2,有,有,14000000,89206,坡道平面,0.0,0,,RPRNMLPLPHGGFBJ58DA,80.96,0.0,5.66,有,0145
竹北市,車位,興隆路三段１９５號二樓等,3.39,住,,,1100709,土地1建物1車位1,,,其他,,,,30.19,0,0,0,有,有,1600000,,坡道平面,30.19,1600000,僅車位交易；,RPUOMLMLPHGGFBJ68DA,0.0,0.0,0.0,有,0146
關西鎮,土地,北山段406地號,128.93,住,,,1100703,土地2建物0車位0,,,其他,,,,0.0,0,0,0,有,無,3500000,27147,,0.0,0,本案為關西北山段405.406地號，兩筆土地,RPUNMLPKPHGGFBJ78DA,0.0,0.0,0.0,無,
湖口鄉,房地(土地+建物),新竹縣湖口鄉貴州二街１６號,62.0,住,,,1100707,土地1建物1車位0,全,二層,透天厝,住家用,加強磚造,,97.84,2,2,2,有,無,5700000,58258,,0.0,0,一樓前面空地、一樓後方空地、頂樓增建其他增建；,RPOOMLQLPHGGFDJ68DA,97.84,0.0,0.0,無,
竹東鎮,房地(土地+建物)+車位,新竹縣竹東鎮光明路１２６巷８７弄１７號十一樓,28.47,都市：其他:科技商務服務專用區,,,1100706,土地3建物1車位2,十一層,十五層,住宅大樓(11層含以上有電梯),辦公用,鋼筋混凝土造,1040325,204.29000000000002,4,2,2,有,有,12080000,59132,坡道平面,0.0,0,,RPTNMLLLPHGGFCJ48DA,97.6,0.0,5.4,有,0147
峨眉鄉,土地,興眉段440地號,2474.06,,特定農業區,農牧用地,1100712,土地5建物0車位0,,,其他,,,,0.0,0,0,0,有,無,2500000,1010,,0.0,0,,RPWOMLQLPHGGFCJ76DA,0.0,0.0,0.0,無,0148
竹東鎮,房地(土地+建物),新竹縣竹東鎮金福街１３巷４０弄３６號二樓,54.35,,山坡地保育區,丙種建築用地,1100705,土地2建物1車位0,二層,五層,華廈(10層含以下有電梯),住家用,鋼筋混凝土造,0821227,131.62,3,2,2,有,無,3300000,25072,,0.0,0,,RPRNMLSLPHGGFCJ09EA,79.45,0.0,10.87,有,
寶山鄉,土地,雙龍段84地號,1.22,都市：其他:保護區,,,1100709,土地1建物0車位0,,,其他,,,,0.0,0,0,0,有,無,25740,21098,,0.0,0,受民情風俗因素影響；,RPXNMLRLPHGGFCJ96EA,0.0,0.0,0.0,無,0031
寶山鄉,土地,雙龍段84地號,7.29,都市：其他:保護區,,,1100714,土地1建物0車位0,,,其他,,,,0.0,0,0,0,有,無,154436,21185,,0.0,0,受民情風俗因素影響；,RPOOMLRLPHGGFCJ78EA,0.0,0.0,0.0,無,0031
湖口鄉,房地(土地+建物)+車位,新竹縣湖口鄉蘭州街１４８號五樓,25.65,,工業區,丁種建築用地,1100712,土地2建物1車位1,五層,五層,華廈(10層含以下有電梯),住家用,鋼筋混凝土造,0840911,122.5,3,1,1,有,有,4300000,35102,坡道平面,0.0,0,,RPSNMLQLPHGGFDJ09EA,71.25,1.63,9.6,有,0151
竹東鎮,房地(土地+建物),新竹縣竹東鎮世界街７１巷２４號一樓,29.86,住,,,1100713,土地3建物1車位0,一層,四層,公寓(5樓含以下無電梯),住家用,鋼筋混凝土造,0851231,101.77,4,2,2,有,有,2850000,28004,,0.0,0,,RPWNMLTLPHGGFCJ07EA,69.29,0.33,7.37,無,
尖石鄉,土地,嘉樂段457地號,4250.0,,山坡地保育區,農牧用地,1100701,土地1建物0車位0,,,其他,,,,0.0,0,0,0,有,無,1150000,271,,0.0,0,親友、員工、共有人或其他特殊關係間之交易；,RPOOMLTLPHGGFCJ98EA,0.0,0.0,0.0,無,0152
北埔鄉,土地,大坪段內大坪小段51-313地號,1417.0,,山坡地保育區,林業用地,1100721,土地1建物0車位0,,,其他,,,,0.0,0,0,0,有,無,500000,353,,0.0,0,,RPRNMLKMPHGGFCJ38EA,0.0,0.0,0.0,無,
北埔鄉,房地(土地+建物)+車位,新竹縣北埔鄉尾隘子８之９號,189.22,,山坡地保育區,丙種建築用地,1100711,土地2建物1車位1,全,二層,透天厝,住家用,木造,0841212,85.75,3,2,2,有,有,4600000,53644,其他,0.0,0,,RPWNMLKMPHGGFCJ88EA,76.75,4.5,4.5,無,0153
芎林鄉,土地,上德段163-2地號,158.31,住,,,1100703,土地1建物0車位0,,,其他,,,,0.0,0,0,0,有,無,15880000,100310,,0.0,0,,RPSNMLSLPHGGFCJ09DA,0.0,0.0,0.0,無,
竹東鎮,房地(土地+建物),新竹縣竹東鎮沿河街６７３巷１３號,98.0,住,,,1100708,土地2建物1車位0,全,二層,透天厝,住家用,鋼筋混凝土造,,98.32,3,2,2,有,無,5800000,58991,,0.0,0,頂樓加蓋；,RPUNMLMKPHGGFCJ58DA,98.32,0.0,0.0,無,
芎林鄉,土地,富林段665地號,507.33,,特定農業區,農牧用地,1100715,土地1建物0車位0,,,其他,,,,0.0,0,0,0,有,無,6440000,12694,,0.0,0,,RPRNMLQKPHGGFCJ68DA,0.0,0.0,0.0,無,0154
湖口鄉,房地(土地+建物),新竹縣湖口鄉大勇路１巷５８號二樓,39.0,,工業區,丁種建築用地,1100702,土地1建物1車位0,二層,五層,華廈(10層含以下有電梯),住家用,鋼筋混凝土造,0820421,110.69,3,2,1,有,無,3300000,29813,,0.0,0,,RPSNMLKMPHGGFDJ48DA,88.33,0.0,10.03,有,
湖口鄉,土地,中美段81-2地號,3369.93,,特定農業區,農牧用地,1100701,土地1建物0車位0,,,其他,,,,0.0,0,0,0,有,無,28543300,8470,,0.0,0,,RPPNMLOKPHGGFDJ38DA,0.0,0.0,0.0,無,
竹北市,土地,中興段42地號,104.29,都市：其他:道路用地,,,1100716,土地7建物0車位0,,,其他,,,,0.0,0,0,0,有,無,12600000,120817,,0.0,0,包含公共設施保留地用地；,RPWOMLRLPHGGFBJ76DA,0.0,0.0,0.0,無,0114
竹北市,土地,竹義段224-1地號,2.02,住,,,1100707,土地3建物0車位0,,,其他,,,,0.0,0,0,0,有,無,80000,39604,,0.0,0,包含公共設施保留地用地；,RPXOMLQJPHGGFBJ56DA,0.0,0.0,0.0,無,
關西鎮,土地,光明段272地號,290.95,都市：其他:道路用地,,,1100715,土地1建物0車位0,,,其他,,,,0.0,0,0,0,有,無,1305696,4488,,0.0,0,包含公共設施保留地用地；,RPSNMLSLPHGGFBJ98DA,0.0,0.0,0.0,無,0156
竹北市,土地,斗崙段頂斗崙小段101-2地號,8.83,都市：其他:道路用地,,,1100708,土地1建物0車位0,,,其他,,,,0.0,0,0,0,有,無,801600,90781,,0.0,0,包含公共設施保留地用地；,RPPNMLPLPHGGFBJ38DA,0.0,0.0,0.0,無,0001
竹北市,土地,東興段250地號,67.82,都市：其他:道路用地,,,1100722,土地1建物0車位0,,,其他,,,,0.0,0,0,0,有,無,4000000,58980,,0.0,0,包含公共設施保留地用地；,RPPNMLLLPHGGFBJ97DA,0.0,0.0,0.0,無,0037
竹北市,房地(土地+建物)+車位,新竹縣竹北市中華路７９９之１３號,14.41,住,,,1100712,土地1建物1車位1,一層,十層,華廈(10層含以下有電梯),住家用,鋼筋混凝土造,0870901,84.44,4,2,3,有,有,6850000,81123,坡道機械,0.0,0,,RPPOMLTLPHGGFBJ88DA,60.61,4.14,0.0,有,
竹北市,土地,省道段1120地號,88.58,都市：其他:道路用地,,,1100727,土地1建物0車位0,,,其他,,,,0.0,0,0,0,有,無,6635000,74904,,0.0,0,包含公共設施保留地用地；,RPPPMLTLPHGGFBJ98DA,0.0,0.0,0.0,無,0053
竹北市,土地,省道段1120地號,88.58,都市：其他:道路用地,,,1100727,土地1建物0車位0,,,其他,,,,0.0,0,0,0,有,無,6635000,74904,,0.0,0,包含公共設施保留地用地；,RPQPMLTLPHGGFBJ09DA,0.0,0.0,0.0,無,0053
湖口鄉,土地,德盛段661地號,17.73,,特定農業區,甲種建築用地,1100720,土地2建物0車位0,,,其他,,,,0.0,0,0,0,有,無,200000,11280,,0.0,0,,RPUNMLKLPHGGFDJ58DA,0.0,0.0,0.0,無,0003
新豐鄉,土地,埔和段83地號,234.9,,鄉村區,乙種建築用地,1100710,土地1建物0車位0,,,其他,,,,0.0,0,0,0,有,無,4200000,17880,,0.0,0,,RPQNMLKMPHGGFDJ28DA,0.0,0.0,0.0,無,
新豐鄉,房地(土地+建物),新竹縣新豐鄉中崙３２７之１２號六樓,28.23,,特定農業區,甲種建築用地,1100708,土地1建物1車位0,六層,七層,公寓(5樓含以下無電梯),住家用,鋼筋混凝土造,0860804,94.61,3,2,2,有,有,2950000,31181,,0.0,0,,RPXNMLTLPHGGFDJ17DA,67.86,0.0,6.48,無,0162
寶山鄉,土地,寶斗仁段寶斗仁小段412-50地號,2668.0,,山坡地保育區,林業用地,1100705,土地1建物0車位0,,,其他,,,,0.0,0,0,0,有,無,4842400,1815,,0.0,0,,RPUNMLMLPHGGFCJ68DA,0.0,0.0,0.0,無,
寶山鄉,土地,寶斗仁段寶斗仁小段237-16地號,26.7,,山坡地保育區,農牧用地,1100705,土地1建物0車位0,,,其他,,,,0.0,0,0,0,有,無,48600,1820,,0.0,0,,SPUNMLMLPHGGFCJ78DA,0.0,0.0,0.0,無,0032
竹北市,房地(土地+建物)+車位,新竹縣竹北市溪州路１９５巷５３弄１號,67.0,,特定農業區,甲種建築用地,1100727,土地2建物1車位1,全,四層,透天厝,住家用,鋼筋混凝土造,0891116,207.02,3,2,3,有,無,9400000,45406,一樓平面,0.0,0,,RPWVMLKMPHGGFBJ96EA,176.44,22.7,7.88,無,0164
竹北市,土地,社北段248地號,138.84,都市：其他:道路用地,,,1100716,土地3建物0車位0,,,其他,,,,0.0,0,0,0,有,無,7219680,52000,,0.0,0,包含公共設施保留地用地；,RPOOMLMJQHGGFBJ08EA,0.0,0.0,0.0,無,0117
竹北市,土地,府前段816-1地號,15.01,都市：其他:道路用地,,,1100716,土地1建物0車位0,,,其他,,,,0.0,0,0,0,有,無,1703553,113495,,0.0,0,包含公共設施保留地用地；,SPOOMLMJQHGGFBJ18EA,0.0,0.0,0.0,無,0166
竹東鎮,土地,竹東段竹東小段415-7地號,94.5,都市：其他:河川區,,,1100713,土地1建物0車位0,,,其他,,,,0.0,0,0,0,有,無,300000,3175,,0.0,0,,RPVNMLTLPHGGFCJ96EA,0.0,0.0,0.0,無,0167
湖口鄉,房地(土地+建物),新竹縣湖口鄉新化街２５號,76.66,住,,,1100713,土地1建物1車位0,全,二層,透天厝,住家用,加強磚造,,119.7,4,2,3,有,無,7050000,58897,,0.0,0,其他增建；,RPPNMLMJQHGGFDJ28EA,119.7,0.0,0.0,無,
新豐鄉,房地(土地+建物),新竹縣新豐鄉新庄路１３５巷１１號九樓,20.98,住,,,1100716,土地1建物1車位0,九層,十一層,住宅大樓(11層含以上有電梯),住家用,鋼筋混凝土造,0830822,120.22999999999999,3,2,2,有,無,3500000,29111,,0.0,0,,RPQNMLNJQHGGFDJ48EA,76.24,0.62,11.35,有,
新豐鄉,房地(土地+建物),新竹縣新豐鄉新庄路１３５巷２３號十樓,25.38,住,,,1100716,土地1建物1車位0,十層，十一層,十一層,住宅大樓(11層含以上有電梯),住家用,鋼筋混凝土造,0830822,148.85000000000002,4,2,3,有,無,4700000,31575,,0.0,0,,SPQNMLNJQHGGFDJ58EA,93.64,0.0,12.04,有,
芎林鄉,房地(土地+建物),新竹縣芎林鄉文富街１７２巷３號,79.89,住,,,1100710,土地2建物1車位0,全,四層,透天厝,住家用,鋼筋混凝土造,1091124,232.15,3,2,4,有,無,16650000,71721,,0.0,0,,RPTNMLSLPHGGFCJ56DA,210.87,0.0,21.28,無,
芎林鄉,房地(土地+建物),新竹縣芎林鄉光明一街５５巷８號,80.69,住,,,1100710,土地2建物1車位0,全,四層,透天厝,住家用,鋼筋混凝土造,1100208,200.34,4,2,5,有,有,13880000,69282,,0.0,0,,RPPOMLQLPHGGFCJ68DA,174.81,0.0,25.53,無,
竹東鎮,房地(土地+建物),新竹縣竹東鎮北興路三段５１６號四樓,16.3,住,,,1100702,土地1建物1車位0,四層,九層,華廈(10層含以下有電梯),住家用,鋼筋混凝土造,0820925,106.11,3,2,2,有,有,4000000,37697,,0.0,0,,RPVNMLNJQHGGFCJ78DA,64.61,0.0,10.61,有,
芎林鄉,房地(土地+建物),新竹縣芎林鄉文山路１３１巷１２號三樓,11.76,住,,,1100718,土地4建物1車位0,三層,十層,華廈(10層含以下有電梯),住家用,鋼筋混凝土造,0940505,36.47,1,1,1,有,有,1410000,38662,,0.0,0,,RPSOMLTKPHGGFCJ56DA,19.8,0.0,2.06,有,0168
竹東鎮,房地(土地+建物)+車位,新竹縣竹東鎮光明路１２６巷８７弄３５號六樓,26.5,都市：其他:科技商務服務專用區,,,1100704,土地3建物1車位1,六層,十四層,住宅大樓(11層含以上有電梯),辦公用,鋼筋混凝土造,1040325,177.76,3,2,2,有,有,9100000,51193,坡道平面,0.0,0,,RPWNMLLLPHGGFCJ78DA,94.76,0.0,8.51,有,0169
湖口鄉,房地(土地+建物),新竹縣湖口鄉八德路一段３６１巷１８弄２２號,67.0,,特定農業區,甲種建築用地,1100713,土地1建物1車位0,全,三層,透天厝,住家用,鋼筋混凝土造,,145.1,4,2,3,有,無,6200000,42729,,0.0,0,,RPPNMLNJQHGGFDJ28DA,145.1,0.0,0.0,無,
湖口鄉,房地(土地+建物),新竹縣湖口鄉力行街２６號,78.52,住,,,1100719,土地2建物1車位0,全,二層,透天厝,住家用,加強磚造,0670410,118.0,3,2,2,有,無,6500000,55085,,0.0,0,二親等間的買賣,RPTNMLNJQHGGFDJ68DA,118.0,0.0,0.0,無,
湖口鄉,房地(土地+建物),新竹縣湖口鄉鳳凰三街６１號三樓,22.4,,工業區,丁種建築用地,1100722,土地1建物1車位0,三層,五層,公寓(5樓含以下無電梯),住家用,鋼筋混凝土造,0891023,89.37,3,2,3,有,無,4000000,44758,,0.0,0,,RPUNMLNJQHGGFDJ78DA,67.05,0.0,9.78,無,0170
湖口鄉,房地(土地+建物)+車位,新竹縣湖口鄉貴州街１００巷３號二樓之３,32.59,住,,,1100704,土地1建物1車位1,二層,十四層,住宅大樓(11層含以上有電梯),住家用,鋼筋混凝土造,1090122,185.57,3,2,2,有,有,9880000,55744,坡道平面,26.27,1000000,,RPPNMLKMPHGGFDJ18DA,90.51,0.0,17.85,有,
湖口鄉,房地(土地+建物)+車位,新竹縣湖口鄉中山路二段５０巷１４號五樓,34.66,住,,,1100702,土地1建物1車位1,五層,五層,華廈(10層含以下有電梯),住家用,鋼筋混凝土造,0831216,153.74,3,2,2,有,有,4160000,27059,坡道平面,0.0,0,,RPWOMLRLPHGGFDJ96DA,87.29,3.07,5.03,有,0171
湖口鄉,房地(土地+建物),新竹縣湖口鄉廣興街５２號四樓,22.26,,工業區,丁種建築用地,1100703,土地1建物1車位0,四層,五層,華廈(10層含以下有電梯),住家用,鋼筋混凝土造,0870210,81.48,3,1,1,有,有,3330000,40869,,0.0,0,,RPTOMLMLPHGGFDJ78DA,67.83,0.0,4.2,有,0172
竹北市,車位,新竹縣竹北市復興一街１７９號,0.92,住,,,1100709,土地1建物1車位1,一層,十三層,其他,管理員室,鋼筋混凝土造,0980121,27.830000000000002,0,0,0,有,有,1200000,,坡道平面,27.82,1200000,僅車位交易；,RPSOMLSLPHGGFBJ09DA,0.0,0.0,0.0,有,
竹北市,土地,省道段408地號,61.59,都市：其他:道路用地,,,1100722,土地2建物0車位0,,,其他,,,,0.0,0,0,0,有,無,5722072,92906,,0.0,0,包含公共設施保留地用地；,RPWNMLTLPHGGFBJ86DA,0.0,0.0,0.0,無,0017
新埔鎮,土地,福德段754地號,1016.88,都市：其他:道路用地,,,1100714,土地3建物0車位0,,,其他,,,,0.0,0,0,0,有,無,4429529,4356,,0.0,0,包含公共設施保留地用地；,RPRNMLLLPHGGFBJ18DA,0.0,0.0,0.0,無,
新埔鎮,土地,泰陽段521地號,164.83,都市：其他:道路用地,,,1100721,土地2建物0車位0,,,其他,,,,0.0,0,0,0,有,無,563727,3420,,0.0,0,包含公共設施保留地用地；,RPPOMLLLPHGGFBJ08DA,0.0,0.0,0.0,無,
關西鎮,土地,馬武督段馬武督小段261-1地號,487.5,,山坡地保育區,農牧用地,1100707,土地2建物0車位0,,,其他,,,,0.0,0,0,0,有,無,618000,1268,,0.0,0,,RPVOMLRLPHGGFBJ66DA,0.0,0.0,0.0,無,
竹北市,房地(土地+建物),新竹縣竹北市仁義路５０號,84.0,住,,,1100706,土地1建物1車位0,全,二層,透天厝,住家用,加強磚造,0640215,118.44,3,2,2,有,無,7500000,63323,,0.0,0,,RPPOMLQLPHGGFBJ58DA,118.44,0.0,0.0,無,
竹北市,房地(土地+建物),新竹縣竹北市中山路４０７號,96.0,住,,,1100705,土地1建物1車位0,全,二層,透天厝,住商用,加強磚造,0631127,134.8,4,2,2,有,無,8000000,59347,,0.0,0,親友、員工、共有人或其他特殊關係間之交易；,RPPQMLNJQHGGFBJ38DA,134.8,0.0,0.0,無,
湖口鄉,土地,勝利段88地號,48.0,,鄉村區,乙種建築用地,1100724,土地1建物0車位0,,,其他,,,,0.0,0,0,0,有,無,1350000,28125,,0.0,0,※增值稅由買方負擔。未登記建物；,RPUNMLQLPHGGFDJ56DA,0.0,0.0,0.0,無,
湖口鄉,土地,三元段134地號,378.62,,特定農業區,農牧用地,1100727,土地1建物0車位0,,,其他,,,,0.0,0,0,0,有,無,1116929,2950,,0.0,0,,RPVNMLRLPHGGFDJ76DA,0.0,0.0,0.0,無,0124
湖口鄉,房地(土地+建物),新竹縣湖口鄉德興路２４２巷６號五樓,24.33,,一般農業區,甲種建築用地,1100708,土地1建物1車位0,五層,五層,公寓(5樓含以下無電梯),住家用,鋼筋混凝土造,0831130,86.07,4,2,2,有,有,3280000,38109,,0.0,0,,RPPOMLTLPHGGFDJ09DA,53.61,0.89,7.16,無,
湖口鄉,房地(土地+建物),新竹縣湖口鄉達生路３８７號,199.49,都市：其他:住(一),,,1100717,土地2建物1車位0,全,三層,透天厝,住家用,鋼筋混凝土造,1090601,357.12,5,2,6,有,無,24800000,69444,,0.0,0,,RPSNMLNJQHGGFDJ58DA,334.35,0.0,22.77,有,
竹東鎮,房地(土地+建物)+車位,新竹縣竹東鎮北興路一段６０５號四樓,39.63,住,,,1100708,土地1建物1車位1,四層,五層,華廈(10層含以下有電梯),住家用,鋼筋混凝土造,0820202,188.26999999999998,4,2,2,有,有,8280000,43979,坡道平面,0.0,0,,RPRNMLNKPHGGFCJ38DA,130.47,0.0,11.26,有,
竹北市,土地,省道段160地號,52.27,都市：其他:道路用地,,,1100716,土地1建物0車位0,,,其他,,,,0.0,0,0,0,有,無,1000000,19131,,0.0,0,,RPQOMLOJQHGGFBJ48EA,0.0,0.0,0.0,無,0052
橫山鄉,土地,矺子段675-9地號,1791.48,,山坡地保育區,林業用地,1100721,土地1建物0車位0,,,其他,,,,0.0,0,0,0,有,無,2500000,1395,,0.0,0,,RPUNMLMJQHGGFCJ68EA,0.0,0.0,0.0,無,0176
竹東鎮,房地(土地+建物),新竹縣竹東鎮中豐路三段１６１巷２４號,65.0,住,,,1100708,土地1建物1車位0,全,二層,透天厝,住家用,加強磚造,,94.52,4,1,2,有,無,1175600,12438,,0.0,0,母女之間買賣親友、員工、共有人或其他特殊關係間之交易；,RPUNMLNJQHGGFCJ78EA,94.52,0.0,0.0,無,
尖石鄉,土地,煤源段509地號,1000.0,,山坡地保育區,農牧用地,1100715,土地2建物0車位0,,,其他,,,,0.0,0,0,0,有,無,1350000,1350,,0.0,0,,RPTNMLOJQHGGFCJ78EA,0.0,0.0,0.0,無,
北埔鄉,土地,南坑段大南坑小段520-5地號,2500.0,,山坡地保育區,林業用地,1100721,土地1建物0車位0,,,其他,,,,0.0,0,0,0,有,無,650000,260,,0.0,0,,RPOOMLOJQHGGFCJ38EA,0.0,0.0,0.0,無,
竹東鎮,土地,燥樹排段178-1地號,703.0,,山坡地保育區,農牧用地,1100721,土地1建物0車位0,,,其他,,,,0.0,0,0,0,有,無,1100000,1565,,0.0,0,,RPOOMLPJQHGGFCJ48EA,0.0,0.0,0.0,無,
湖口鄉,土地,長威段1934地號,215.03,,鄉村區,乙種建築用地,1100712,土地1建物0車位0,,,其他,,,,0.0,0,0,0,無,無,9500000,44180,,0.0,0,,RPXNMLPJQHGGFDJ76EA,0.0,0.0,0.0,無,
竹北市,房地(土地+建物),新竹縣竹北市新工五路９３巷２１號,61.67,住,,,1100713,土地1建物1車位0,全,二層,透天厝,住家用,加強磚造,,99.0,4,2,4,有,無,8400000,84848,,0.0,0,,RPVOMLOJQHGGFBJ98EA,99.0,0.0,0.0,無,
芎林鄉,土地,綠獅段1084-5地號,165.29,,鄉村區,乙種建築用地,1100721,土地1建物0車位0,,,其他,,,,0.0,0,0,0,有,無,12500000,75625,,0.0,0,,RPPNMLOJQHGGFCJ28DA,0.0,0.0,0.0,無,0177
竹東鎮,房地(土地+建物)+車位,新竹縣竹東鎮北興路三段５８０巷３號六樓,13.33,住,,,1100711,土地1建物1車位1,六層,十二層,住宅大樓(11層含以上有電梯),住家用,鋼筋混凝土造,0961224,127.56,3,2,2,有,有,5800000,45469,坡道平面,0.0,0,,RPQPMLOJQHGGFCJ58DA,66.25,0.0,13.26,有,0178
湖口鄉,房地(土地+建物),新竹縣湖口鄉德和路７６巷１８號三樓之３,9.84,,鄉村區,乙種建築用地,1100720,土地1建物1車位0,三層,七層,華廈(10層含以下有電梯),住家用,鋼筋混凝土造,0930705,34.230000000000004,1,1,1,有,有,1150000,33596,,0.0,0,未登記建物；,RPTNMLTLPHGGFDJ76DA,21.86,0.0,2.32,有,0179
湖口鄉,房地(土地+建物),新竹縣湖口鄉長富路一段６８巷７１弄３號,70.0,,特定農業區,甲種建築用地,1100707,土地2建物1車位0,全,四層,透天厝,住家用,鋼筋混凝土造,1050812,168.71,3,2,3,有,無,7600000,45048,,0.0,0,,RPPNMLRJPHGGFDJ58DA,161.86,0.0,6.85,無,
竹北市,土地,三崁店段三崁店小段2-8地號,200.0,,特定農業區,農牧用地,1100709,土地2建物0車位0,,,其他,,,,0.0,0,0,0,有,無,4235000,21175,,0.0,0,未登記建物；,RPRQMLNJQHGGFBJ58DA,0.0,0.0,0.0,無,
關西鎮,土地,中山段1013-1地號,359.61,農,,,1100716,土地1建物0車位0,,,其他,,,,0.0,0,0,0,有,無,1150752,3200,,0.0,0,親友、員工、共有人或其他特殊關係間之交易；,RPXNMLMJQHGGFBJ78DA,0.0,0.0,0.0,無,
新埔鎮,土地,新北段1263地號,2302.94,,山坡地保育區,農牧用地,1100724,土地16建物0車位0,,,其他,,,,0.0,0,0,0,有,無,1200000,521,,0.0,0,親友、員工、共有人或其他特殊關係間之交易；未登記建物；,RPWQMLNJQHGGFBJ09DA,0.0,0.0,0.0,無,
新埔鎮,土地,太平段539地號,582.4,,山坡地保育區,林業用地,1100702,土地1建物0車位0,,,其他,,,,0.0,0,0,0,有,無,720000,1236,,0.0,0,,RPVNMLOJQHGGFBJ78DA,0.0,0.0,0.0,無,
竹北市,房地(土地+建物)+車位,新竹縣竹北市勝利六街３９號八樓,12.31,商,,,1100710,土地1建物1車位1,八層,十四層,住宅大樓(11層含以上有電梯),住家用,鋼筋混凝土造,0931018,134.33,3,2,2,有,有,12380000,92161,坡道機械,0.0,0,陽台外推；,RPWNMLOJQHGGFBJ88DA,76.28,5.14,8.45,有,
新埔鎮,房地(土地+建物)+車位,新竹縣新埔鎮壹山街１２８巷６０號,611.51,,鄉村區,乙種建築用地,1100715,土地48建物1車位4,全,四層,透天厝,住家用,鋼筋混凝土造,1080717,480.1,6,3,7,有,有,50880000,105978,坡道平面,0.0,0,,RPVOMLTKPHGGFBJ76DA,438.29,0.02,41.79,有,
竹北市,房地(土地+建物)+車位,新竹縣竹北市華興三街２８１號四樓之二,24.87,住,,,1100710,土地1建物1車位1,四層,十四層,住宅大樓(11層含以上有電梯),住家用,鋼筋混凝土造,1090819,154.17,3,2,2,有,有,11500000,74593,坡道平面,27.33,0,含裝潢費；,RPPNMLPKPHGGFBJ28DA,79.94,0.0,5.52,有,0180
竹北市,房地(土地+建物),新竹縣竹北市文化街９０號,29.36,住,,,1100718,土地1建物1車位0,一層,七層,華廈(10層含以下有電梯),住家用,鋼筋混凝土造,0790726,159.53,0,0,0,無,有,9900000,62057,,0.0,0,,RPQNMLTKPHGGFBJ78DA,103.87,18.5,0.0,有,0181
關西鎮,土地,馬武督段赤柯山小段222-161地號,1764.0,,山坡地保育區,林業用地,1100724,土地8建物0車位0,,,其他,,,,0.0,0,0,0,有,無,3000000,1701,,0.0,0,未登記建物；,RPQNMLQLPHGGFBJ58DA,0.0,0.0,0.0,無,0182
竹北市,房地(土地+建物),新竹縣竹北市縣政二路５５號二樓之六,5.1,商,,,1100721,土地1建物1車位0,二層,十層,華廈(10層含以下有電梯),商業用,鋼骨鋼筋混凝土造,0961228,40.12,2,1,1,有,有,3780000,94194,,0.0,0,含土地增值稅或其他稅費；含仲介費；陽台外推；夾層；,RPUNMLMLPHGGFBJ58DA,22.77,0.0,5.7,有,0183
竹北市,房地(土地+建物),新竹縣竹北市中華路４０５巷１１弄３９號四樓,14.43,住,,,1100718,土地1建物1車位0,四層,八層,華廈(10層含以下有電梯),住家用,鋼筋混凝土造,0821009,79.41,2,1,1,有,有,3900000,49112,,0.0,0,,RPVQMLNJQHGGFBJ98DA,53.05,0.0,10.61,有,
竹北市,車位,新竹縣竹北市臺元街４１號,0.45,商,,,1100728,土地1建物1車位1,一層,十四層,其他,管理員室,鋼筋混凝土造,0970627,28.84,0,0,0,有,有,550000,,坡道平面,28.84,550000,僅車位交易；,RPVNMLNJQHGGFBJ68DA,0.0,0.0,0.0,有,0184
竹北市,房地(土地+建物)+車位,新竹縣竹北市六家五路一段２２５號十三樓,16.61,商,,,1100713,土地1建物1車位1,十三層,十四層,住宅大樓(11層含以上有電梯),住家用,鋼筋混凝土造,1030127,118.71,2,2,2,有,有,12450000,104877,坡道機械,0.0,0,,RPSPMLNJQHGGFBJ58DA,64.26,2.03,2.87,有,0185
竹北市,房地(土地+建物)+車位,新竹縣竹北市六家七路８號十二樓,31.31,住,,,1100710,土地1建物1車位1,十二層,十二層,住宅大樓(11層含以上有電梯),住家用,鋼筋混凝土造,0950907,194.78,3,2,2,有,有,20880000,107192,坡道平面,0.0,0,,RPVNMLOKPHGGFBJ78DA,116.61,1.37,11.62,有,0186
竹北市,房地(土地+建物),新竹縣竹北市東興路一段７２號五樓,28.92,住,,,1100705,土地1建物1車位0,五層,七層,公寓(5樓含以下無電梯),住家用,鋼筋混凝土造,0840817,128.03,3,2,2,有,無,2928285,22872,,0.0,0,親友、員工、共有人或其他特殊關係間之交易；,RPSQMLQJPHGGFBJ88DA,88.15,0.0,10.03,無,
竹北市,土地,興崙段682-1地號,44.07,都市：其他:道路用地,,,1100729,土地1建物0車位0,,,其他,,,,0.0,0,0,0,有,無,1400000,31768,,0.0,0,包含公共設施保留地用地；,RPXNMLPJQHGGFBJ09DA,0.0,0.0,0.0,無,
湖口鄉,房地(土地+建物)+車位,新竹縣湖口鄉貴州街１００巷５號二樓之１,32.59,住,,,1100711,土地1建物1車位1,二層,十四層,住宅大樓(11層含以上有電梯),住家用,鋼筋混凝土造,1090122,185.55,3,2,2,有,有,8600000,47715,坡道平面,26.27,1000000,,RPPNMLPJQHGGFDJ48DA,90.51,0.0,17.85,有,
竹東鎮,房地(土地+建物),新竹縣竹東鎮民族路２７巷３號,104.87,都市：其他:住一,,,1100705,土地8建物1車位0,全,四層,透天厝,住家用,鋼筋混凝土造,1050330,320.13,4,2,4,有,有,20500000,64036,,0.0,0,,RPWNMLNJQHGGFCJ88DA,271.18,0.0,20.14,有,
竹北市,車位,勝利八街一段２２３號等號等樓,1.75,商,,,1100708,土地1建物1車位1,,,其他,,,,29.81,0,0,0,有,無,1100000,,坡道平面,29.81,1100000,僅車位交易；,RPPNMLOJQHGGFBJ28EA,0.0,0.0,0.0,無,0187
竹北市,車位,勝利八街一段２２３號等號等樓,1.75,商,,,1100708,土地1建物1車位1,,,其他,,,,29.81,0,0,0,有,無,1200000,,坡道平面,29.81,1200000,僅車位交易；,RPQNMLOJQHGGFBJ38EA,0.0,0.0,0.0,無,0187
竹北市,房地(土地+建物)+車位,新竹縣竹北市惟馨街９５號十樓之三,71.96,工,,,1100715,土地1建物1車位4,十層,十三層,廠辦,工業用,鋼筋混凝土造,1060712,422.15999999999997,0,0,0,無,有,21960000,52018,坡道平面,106.83,0,,RPPNMLPJQHGGFBJ38EA,172.17,1.57,0.0,有,
北埔鄉,土地,溝背段1518-1地號,684.09,,山坡地保育區,丙種建築用地,1100717,土地2建物0車位0,,,其他,,,,0.0,0,0,0,有,無,10139900,14822,,0.0,0,,RPSNMLPJQHGGFCJ78EA,0.0,0.0,0.0,無,
北埔鄉,房地(土地+建物)+車位,新竹縣北埔鄉尾隘子８之８號,203.42,,山坡地保育區,丙種建築用地,1100702,土地2建物1車位1,全,二層,透天厝,住家用,木造,0841212,88.5,2,2,2,有,有,5180000,58531,其他,0.0,0,,RPTOMLOJQHGGFCJ88EA,75.0,9.0,4.5,無,0189
竹北市,房地(土地+建物)+車位,新竹縣竹北市成功二街１４５號二樓之五,11.97,住,,,1100718,土地1建物1車位1,二層,八層,套房(1房1廳1衛),商業用,鋼筋混凝土造,0970619,52.41,1,1,1,有,有,5600000,106850,坡道機械,18.71,0,夾層；含租約；,RPPPMLQJQHGGFBJ68EA,17.86,4.35,0.0,有,
竹東鎮,房地(土地+建物)+車位,新竹縣竹東鎮龍鳳路１８號十三樓,16.61,商,,,1100719,土地1建物1車位1,十三層,十五層,住宅大樓(11層含以上有電梯),住家用,鋼筋混凝土造,1100317,122.35,2,2,1,有,有,7500000,61300,坡道平面,30.57,0,,RPQNMLTLPHGGFCJ98DA,57.82,0.0,4.25,有,0190
竹東鎮,土地,柯子湖段36地號,67.25,,,,1100702,土地1建物0車位0,,,其他,,,,0.0,0,0,0,有,無,1300000,19331,,0.0,0,包含公共設施保留地之交易。；,RPSPMLTJQHGGFCJ66DA,0.0,0.0,0.0,無,
新豐鄉,土地,埔和段82-1地號,248.68,,鄉村區,乙種建築用地,1100714,土地3建物0車位0,,,其他,,,,0.0,0,0,0,有,無,3760000,15120,,0.0,0,,RPQNMLPJQHGGFDJ58DA,0.0,0.0,0.0,無,0191
新豐鄉,土地,埔和段82-3地號,124.34,,鄉村區,乙種建築用地,1100714,土地2建物0車位0,,,其他,,,,0.0,0,0,0,有,無,1880000,15120,,0.0,0,,RPRNMLPJQHGGFDJ68DA,0.0,0.0,0.0,無,0191
竹北市,房地(土地+建物)+車位,新竹縣竹北市勝利八街一段２３１號十六樓之二,10.7,商,,,1100714,土地1建物1車位1,十六層,二十七層,住宅大樓(11層含以上有電梯),住家用,鋼筋混凝土造,1050608,140.1,3,2,2,有,有,13000000,92791,坡道平面,0.0,0,,RPTPMLQJQHGGFBJ98DA,63.42,8.23,5.63,有,0193
竹北市,土地,豐田段699地號,1009.8,,特定農業區,農牧用地,1100723,土地1建物0車位0,,,其他,,,,0.0,0,0,0,有,無,1800000,1783,,0.0,0,,RPXNMLTJQHGGFBJ86DA,0.0,0.0,0.0,無,
竹北市,土地,興崙段406地號,148.28,農,,,1100721,土地2建物0車位0,,,其他,,,,0.0,0,0,0,有,無,5382000,36296,,0.0,0,,RPOOMLTJQHGGFBJ68DA,0.0,0.0,0.0,無,
竹北市,土地,社北段248地號,185.12,都市：其他:道路用地,,,1100705,土地3建物0車位0,,,其他,,,,0.0,0,0,0,有,無,7404800,40000,,0.0,0,包含公共設施保留地用地；,RPOOMLPJQHGGFBJ28DA,0.0,0.0,0.0,無,0117
關西鎮,土地,湖肚段48地號,661.0,,山坡地保育區,農牧用地,1100711,土地1建物0車位0,,,其他,,,,0.0,0,0,0,有,無,1980000,2995,,0.0,0,,RPPWMLOJQHGGFBJ09DA,0.0,0.0,0.0,無,0195
竹北市,房地(土地+建物)+車位,新竹縣竹北市嘉豐南路一段６０號七樓,63.22,住,,,1100704,土地1建物1車位2,七層,二十層,住宅大樓(11層含以上有電梯),住家用,鋼筋混凝土造,1021110,400.91999999999996,4,2,3,有,有,44500000,110995,坡道平面,77.1,0,,RPTPMLSJPHGGFBJ09DA,185.23,8.82,25.34,有,
竹北市,土地,水瀧段93地號,177.49,都市：其他:道路用地,,,1100711,土地1建物0車位0,,,其他,,,,0.0,0,0,0,有,無,7951978,44802,,0.0,0,包含公共設施保留地用地；,RPRNMLNJQHGGFBJ28DA,0.0,0.0,0.0,無,0029
關西鎮,房地(土地+建物),新竹縣關西鎮育賢街１２８巷１９號,112.66,住,,,1100725,土地2建物1車位0,全,四層,透天厝,住家用,鋼筋混凝土造,1090424,228.67,5,3,5,有,無,12000000,52477,,0.0,0,,RPPOMLSLPHGGFBJ78DA,206.29,0.0,22.38,無,
竹北市,土地,中興段564地號,24.47,都市：其他:道路用地,,,1100730,土地2建物0車位0,,,其他,,,,0.0,0,0,0,有,無,3306576,135128,,0.0,0,包含公共設施保留地用地；,RPPNMLKMPHGGFBJ97DA,0.0,0.0,0.0,無,0134
關西鎮,土地,錦山段239地號,1848.0,,山坡地保育區,農牧用地,1100702,土地1建物0車位0,,,其他,,,,0.0,0,0,0,有,無,6500000,3517,,0.0,0,,RPXPMLOJQHGGFBJ56DA,0.0,0.0,0.0,無,
竹北市,房地(土地+建物)+車位,新竹縣竹北市中央路１８５號十四樓,46.52,住,,,1100710,土地5建物1車位1,十四層，十五層,十五層,住宅大樓(11層含以上有電梯),住家用,鋼筋混凝土造,1040107,255.26,4,2,3,有,有,15500000,60722,坡道平面,34.23,0,,RPXPMLMKPHGGFBJ98DA,126.82,1.18,14.16,有,0198
竹北市,房地(土地+建物)+車位,新竹縣竹北市北新一街１７號六樓之二,15.93,商,,,1100720,土地1建物1車位1,六層,二十四層,住宅大樓(11層含以上有電梯),住家用,鋼筋混凝土造,1091225,171.32,3,2,2,有,有,14800000,86388,坡道平面,29.41,0,,RPQNMLQJQHGGFBJ48DA,84.36,0.0,11.9,有,0199
竹北市,房地(土地+建物),新竹縣竹北市高鐵七路６５號十七樓之二十二,6.01,商,,,1100717,土地1建物1車位0,十七層,十八層,住宅大樓(11層含以上有電梯),商業用,鋼筋混凝土造,0990208,43.06,1,1,1,有,有,4200000,97538,,0.0,0,,RPQNMLKKQHGGFBJ97DA,24.49,0.0,3.1,有,
竹北市,土地,台元段887地號,207.44,都市：其他:道路用地,,,1100720,土地2建物0車位0,,,其他,,,,0.0,0,0,0,有,無,20000000,96413,,0.0,0,包含公共設施保留地用地；,RPPNMLSJQHGGFBJ58DA,0.0,0.0,0.0,無,0200
關西鎮,房地(土地+建物),新竹縣關西鎮民族路２１號,120.94,住,,,1100717,土地1建物1車位0,全,三層,透天厝,住家用,鋼筋混凝土造,,139.38,4,2,2,有,無,4300000,30851,,0.0,0,,RPQNMLSJQHGGFBJ68DA,139.38,0.0,0.0,無,
竹北市,房地(土地+建物)+車位,新竹縣竹北市高鐵五路１００號十一樓之三,33.07,住,,,1100714,土地1建物1車位1,十一層,十五層,住宅大樓(11層含以上有電梯),住家用,鋼筋混凝土造,1100601,163.01999999999998,3,2,2,有,有,15180000,93117,坡道平面,30.98,0,,RPSNMLTJQHGGFBJ98DA,79.72,0.0,8.99,有,0201
新埔鎮,土地,照門段178-20地號,4994.13,,山坡地保育區,農牧用地,1100722,土地4建物0車位0,,,其他,,,,0.0,0,0,0,有,無,12085760,2420,,0.0,0,,RPROMLQJQHGGFBJ68DA,0.0,0.0,0.0,無,0202
湖口鄉,房地(土地+建物),新竹縣湖口鄉光復東路３８２號四樓,19.89,,工業區,丁種建築用地,1100717,土地1建物1車位0,四層,五層,華廈(10層含以下有電梯),住家用,鋼筋混凝土造,0840624,87.62,3,2,2,有,有,3380000,38576,,0.0,0,陽台外推；,RPUNMLSLPHGGFDJ76DA,58.21,4.2,8.04,有,
新豐鄉,土地,重興段141地號,38.96,住,,,1100713,土地1建物0車位0,,,其他,,,,0.0,0,0,0,有,無,1500000,38501,,0.0,0,未登記建物；,RPSNMLQJQHGGFDJ88DA,0.0,0.0,0.0,無,
新豐鄉,土地,福興段十一股小段603-2地號,637.0,,特定農業區,甲種建築用地,1100711,土地1建物0車位0,,,其他,,,,0.0,0,0,0,有,無,12480000,19592,,0.0,0,,RPUNMLOJQHGGFDJ88DA,0.0,0.0,0.0,無,
新豐鄉,土地,埔和段82-4地號,124.34,,鄉村區,乙種建築用地,1100714,土地2建物0車位0,,,其他,,,,0.0,0,0,0,有,無,1880000,15120,,0.0,0,,RPSNMLPJQHGGFDJ78DA,0.0,0.0,0.0,無,0191
湖口鄉,房地(土地+建物),新竹縣湖口鄉吉祥街８２巷２９弄１３號,87.63,,鄉村區,乙種建築用地,1100725,土地3建物1車位0,全,四層,透天厝,住家用,鋼筋混凝土造,0990322,240.81,4,2,4,有,無,11500000,47755,,0.0,0,增建頂樓採光罩其他增建；,RPVNMLPJQHGGFDJ09DA,240.81,0.0,0.0,無,
竹東鎮,房地(土地+建物),新竹縣竹東鎮民德路４３號,138.0,住,,,1100708,土地1建物1車位0,全,二層,透天厝,住商用,加強磚造,0630812,175.72,5,3,3,有,無,11800000,67152,,0.0,0,其他增建；,RPVOMLTJQHGGFCJ86DA,175.72,0.0,0.0,無,
芎林鄉,房地(土地+建物),新竹縣芎林鄉綠獅三街９３號,76.04,,鄉村區,乙種建築用地,1100708,土地2建物1車位0,全,五層,透天厝,住家用,鋼筋混凝土造,1090303,247.9,5,2,4,有,有,17900000,72207,,0.0,0,一樓停車空間,RPWOMLSJQHGGFCJ86DA,223.22,0.0,24.68,無,0204
竹東鎮,房地(土地+建物)+車位,新竹縣竹東鎮幸福路１２１巷２號十三樓,21.68,住,,,1100710,土地1建物1車位1,十三層,十三層,住宅大樓(11層含以上有電梯),住家用,鋼筋混凝土造,0831121,142.35,3,2,2,有,有,5520000,38778,坡道機械,0.0,0,陽台外推；,RPUNMLOJQHGGFCJ78DA,87.71,0.17,7.98,有,0205
新埔鎮,土地,成功段148-1地號,2.99,住,,,1100719,土地1建物0車位0,,,其他,,,,0.0,0,0,0,有,無,135671,45375,,0.0,0,親友、員工、共有人或其他特殊關係間之交易；,RPRPMLQJQHGGFBJ88EA,0.0,0.0,0.0,無,
尖石鄉,土地,秀巒段436地號,3040.0,,山坡地保育區,林業用地,1100709,土地3建物0車位0,,,其他,,,,0.0,0,0,0,有,無,1500000,493,,0.0,0,受債權債務關係影響或債務抵償；,RPQNMLKKQHGGFCJ18EA,0.0,0.0,0.0,無,
竹東鎮,房地(土地+建物),新竹縣竹東鎮北興路三段５０６號四樓,15.75,住,,,1100712,土地1建物1車位0,四層,九層,華廈(10層含以下有電梯),住家用,鋼筋混凝土造,0820925,102.88999999999999,3,2,2,有,有,3750000,36447,,0.0,0,,RPTNMLQJQHGGFCJ98EA,68.3,0.0,8.91,有,
竹東鎮,房地(土地+建物),新竹縣竹東鎮中興路二段３１８巷３２弄２１號四樓,8.8,工,,,1100724,土地2建物1車位0,四層,十一層,住宅大樓(11層含以上有電梯),住家用,鋼筋混凝土造,0821214,44.65,1,1,1,有,有,1020000,22844,,0.0,0,,RPRNMLTJQHGGFCJ09EA,32.97,0.83,3.31,有,
北埔鄉,土地,溝背段679地號,2775.57,,山坡地保育區,農牧用地,1100715,土地1建物0車位0,,,其他,,,,0.0,0,0,0,有,無,6000000,2162,,0.0,0,,RPSOMLTJQHGGFCJ66EA,0.0,0.0,0.0,無,
竹東鎮,土地,柯子湖段2-3地號,3001.45,工,,,1100706,土地1建物0車位0,,,其他,,,,0.0,0,0,0,有,無,92380000,30778,,0.0,0,,RPTNMLKKQHGGFCJ48EA,0.0,0.0,0.0,無,0206
新豐鄉,房地(土地+建物),新竹縣新豐鄉康樂路一段２００巷２２弄８之３號南室,32.52,住,,,1100724,土地1建物1車位0,四層,四層,公寓(5樓含以下無電梯),住家用,鋼筋混凝土造,0730427,89.4,3,2,1,有,無,3000000,33557,,0.0,0,,RPSNMLKKQHGGFDJ48EA,83.05,0.0,6.35,無,
湖口鄉,房地(土地+建物),新竹縣湖口鄉龍安街１６號,68.6,住,,,1100727,土地1建物1車位0,全,四層,透天厝,住家用,鋼筋混凝土造,1081118,261.34,5,2,4,有,無,19080000,73008,,0.0,0,含裝潢費；含傢俱設備費；,RPUTMLTJQHGGFDJ37DA,237.6,0.0,23.74,有,
新豐鄉,房地(土地+建物),新竹縣新豐鄉康樂路一段３６１巷３４弄１３號七樓,26.95,,一般農業區,甲種建築用地,1100713,土地1建物1車位0,七層,七層,華廈(10層含以下有電梯),住家用,鋼筋混凝土造,0971226,117.76,6,0,6,有,有,4600000,39063,,0.0,0,,RPOTMLTJQHGGFDJ76DA,67.65,14.7,8.79,有,0207
湖口鄉,房地(土地+建物)+車位,新竹縣湖口鄉蘭州四街２５號,32.07,,工業區,丁種建築用地,1100703,土地1建物1車位2,一層，夾層,五層,華廈(10層含以下有電梯),住家用,鋼筋混凝土造,1010105,143.34,4,2,3,有,有,7900000,55114,其他,0.0,0,露臺增建、夾層部分前後空地增建其他增建；,RPPRMLTJQHGGFDJ66DA,99.33,7.12,8.58,有,0208
竹東鎮,土地,頭重埔段223-2地號,159.0,都市：其他:保護區,,,1100715,土地1建物0車位0,,,其他,,,,0.0,0,0,0,有,無,4650000,29245,,0.0,0,含仲介費；未登記建物；,RPVNMLTKPHGGFCJ76DA,0.0,0.0,0.0,無,0209
竹東鎮,房地(土地+建物),新竹縣竹東鎮北興路三段５１０號六樓,16.3,住,,,1100711,土地1建物1車位0,六層,九層,華廈(10層含以下有電梯),住家用,鋼筋混凝土造,0820925,106.11,3,2,2,有,有,3250000,30629,,0.0,0,,RPXNMLMLPHGGFCJ98DA,64.61,0.0,10.61,有,
竹東鎮,房地(土地+建物)+車位,新竹縣竹東鎮三重一路８０號七樓,33.26,都市：其他:住一,,,1100720,土地2建物1車位1,七層,十層,華廈(10層含以下有電梯),住家用,鋼筋混凝土造,0810716,186.28,3,2,2,有,有,5000000,26841,坡道平面,0.0,0,,RPUNMLQJQHGGFCJ98DA,117.3,4.24,15.14,有,
竹東鎮,房地(土地+建物)+車位,新竹縣竹東鎮三重路６４號五樓,19.59,都市：其他:住一,,,1100713,土地1建物1車位1,五層,六層,華廈(10層含以下有電梯),住家用,鋼筋混凝土造,0821116,111.0,3,2,2,有,無,3200000,28829,升降平面,0.0,0,含傢俱設備費；含土地增值稅或其他稅費；含仲介費；含地政士服務費；其他增建；,RPQNMLLKQHGGFCJ18DA,69.08,0.86,12.64,有,0210
新豐鄉,房地(土地+建物),新竹縣新豐鄉自立街３２巷３８號五樓之２,30.33,都市：其他:住宅區,,,1100711,土地4建物1車位0,五層,五層,華廈(10層含以下有電梯),住家用,鋼筋混凝土造,0811218,97.94999999999999,3,2,2,有,有,2730000,27871,,0.0,0,,RPOOMLPJQHGGFDJ48DA,77.32,0.0,9.03,有,0211
湖口鄉,房地(土地+建物),新竹縣湖口鄉中山路三段５５０巷４１號三樓,27.55,,特定農業區,甲種建築用地,1100710,土地1建物1車位0,三層,七層,華廈(10層含以下有電梯),住家用,鋼筋混凝土造,0930330,106.87,4,0,4,有,有,2750000,25732,,0.0,0,,RPWNMLOJQHGGFDJ09DA,69.37,0.0,4.69,有,
湖口鄉,房地(土地+建物),新竹縣湖口鄉東成街４３號,121.18,,特定農業區,甲種建築用地,1100719,土地1建物1車位0,全,三層,透天厝,住家用,加強磚造,,266.32,13,0,13,有,有,8200000,30790,,0.0,0,,RPPNMLTLPHGGFDJ98DA,266.32,0.0,0.0,有,0212
湖口鄉,房地(土地+建物),新竹縣湖口鄉仁和路８６號二樓,24.75,,工業區,丁種建築用地,1100730,土地1建物1車位0,二層,四層,公寓(5樓含以下無電梯),住家用,鋼筋混凝土造,0830706,78.52,3,1,1,有,無,2200000,28018,,0.0,0,,RPTNMLKMPHGGFDJ58DA,60.59,0.0,1.89,無,
新豐鄉,土地,泰豐段581地號,73.37,住,,,1100723,土地1建物0車位0,,,其他,,,,0.0,0,0,0,有,無,3600000,49066,,0.0,0,,RPXNMLKMPHGGFDJ98DA,0.0,0.0,0.0,無,
湖口鄉,房地(土地+建物),新竹縣湖口鄉天津二街４０號,83.0,,工業區,丁種建築用地,1100717,土地1建物1車位0,全,三層,透天厝,住家用,鋼筋混凝土造,0920416,170.77,4,2,3,有,無,8350000,48896,,0.0,0,頂樓加蓋；其他增建；,RPVNMLNLPHGGFDJ98DA,157.77,6.84,6.16,無,
湖口鄉,房地(土地+建物),新竹縣湖口鄉和興路２３１號,1250.0,,特定農業區,農牧用地,1100711,土地1建物1車位0,全,三層,透天厝,農業用,鋼筋混凝土造,1041210,311.78,6,2,6,有,無,22200000,71204,,0.0,0,,RPXNMLRLPHGGFDJ96DA,306.83,0.0,4.95,無,0213
湖口鄉,房地(土地+建物)+車位,新竹縣湖口鄉明豐路３１巷２號三樓之１,37.26,住,,,1100703,土地2建物1車位1,三層,五層,華廈(10層含以下有電梯),住家用,鋼筋混凝土造,1051206,123.19,3,2,2,有,有,6300000,51141,一樓平面,0.0,0,,RPWNMLQJPHGGFDJ56DA,74.19,2.12,5.46,有,0214
竹北市,土地,竹北段552地號,10.44,都市：其他:道路用地,,,1100720,土地2建物0車位0,,,其他,,,,0.0,0,0,0,有,無,200002,19157,,0.0,0,包含公共設施保留地用地；,RPXOMLPJQHGGFBJ56DA,0.0,0.0,0.0,無,
竹北市,土地,貓兒錠段拔子窟小段1406地號,200.61,,鄉村區,乙種建築用地,1100726,土地1建物0車位0,,,其他,,,,0.0,0,0,0,有,無,2000000,9970,,0.0,0,親友、員工、共有人或其他特殊關係間之交易；未登記建物；,RPQNMLTJQHGGFBJ78DA,0.0,0.0,0.0,無,0215
竹北市,房地(土地+建物)+車位,新竹縣竹北市六家五路一段２１７號七樓,16.12,商,,,1100715,土地1建物1車位1,七層,十四層,住宅大樓(11層含以上有電梯),住家用,鋼筋混凝土造,1030127,116.42,2,2,1,有,有,11880000,102044,坡道機械,0.0,0,,RPUOMLTJQHGGFBJ66DA,60.19,4.6,2.82,有,0216
竹北市,土地,中興段522地號,3.45,商,,,1100715,土地13建物0車位0,,,其他,,,,0.0,0,0,0,有,無,221504,64204,,0.0,0,,RPVNMLKKQHGGFBJ48DA,0.0,0.0,0.0,無,0217
竹北市,土地,中興段522地號,3.45,商,,,1100715,土地13建物0車位0,,,其他,,,,0.0,0,0,0,有,無,221504,64204,,0.0,0,,RPWNMLKKQHGGFBJ58DA,0.0,0.0,0.0,無,0217
竹北市,土地,中興段522地號,4.75,商,,,1100715,土地13建物0車位0,,,其他,,,,0.0,0,0,0,有,無,328567,69172,,0.0,0,,RPPOMLKKQHGGFBJ97DA,0.0,0.0,0.0,無,0217
竹北市,車位,勝利十二街２４６等號等樓,0.0,,,,1100728,土地0建物1車位1,,,其他,,,,33.69,0,0,0,有,有,400000,,坡道平面,33.69,400000,僅車位交易；,RPPNMLTLPHGGFBJ78DA,0.0,0.0,0.0,有,0220
竹北市,房地(土地+建物)+車位,新竹縣竹北市光明六路東二段３７５號二樓,44.38,住,,,1100725,土地1建物1車位2,二層,二十四層,住宅大樓(11層含以上有電梯),住家用,鋼筋混凝土造、鋼骨鋼筋混凝土造,1070809,310.99,2,2,2,有,有,39800000,148047,坡道平面,62.42,3000000,,RPUPMLQLPHGGFBJ56DA,135.32,9.81,21.65,有,0221
竹北市,土地,溝貝段296地號,2008.0,,特定農業區,農牧用地,1100705,土地1建物0車位0,,,其他,,,,0.0,0,0,0,有,無,17007760,8470,,0.0,0,,RPPNMLOLPHGGFBJ28DA,0.0,0.0,0.0,無,
竹北市,房地(土地+建物)+車位,新竹縣竹北市六家七路７０號七樓之五,9.92,住,,,1100709,土地1建物1車位1,七層,十四層,住宅大樓(11層含以上有電梯),住家用,鋼筋混凝土造,0970927,122.56,2,1,1,有,有,12550000,102399,坡道平面,0.0,0,,RPSNMLPKPHGGFBJ58DA,62.28,0.56,3.4,有,
關西鎮,房地(土地+建物),新竹縣關西鎮大同路５２號,220.73,商,,,1100729,土地2建物1車位0,全,一層,透天厝,商業用,土造,0101002,352.04,3,2,2,有,無,13000000,36928,,0.0,0,,RPWNMLMKQHGGFBJ78DA,352.04,0.0,0.0,無,
竹北市,房地(土地+建物)+車位,新竹縣竹北市科大一路１６２號,53.61,住,,,1100711,土地1建物1車位4,全,三層,透天厝,住商用,鋼筋混凝土造,1010531,366.35,5,2,4,有,有,26480000,72281,坡道平面,120.04,0,,RPSOMLMKQHGGFBJ48DA,169.77,8.62,14.96,有,0222
竹北市,房地(土地+建物)+車位,新竹縣竹北市勝利八街一段２２７號五樓之五,9.38,商,,,1100712,土地1建物1車位1,五層,二十七層,住宅大樓(11層含以上有電梯),住家用,鋼筋混凝土造,1050608,125.33000000000001,2,2,1,有,有,8000000,63831,坡道平面,0.0,0,二親等買賣親友、員工、共有人或其他特殊關係間之交易；,RPRPMLMKQHGGFBJ48DA,56.67,1.39,6.53,有,0223
湖口鄉,房地(土地+建物),新竹縣湖口鄉鳳凰三街１７號三樓,29.0,,工業區,丁種建築用地,1100707,土地1建物1車位0,三層,四層,公寓(5樓含以下無電梯),住家用,鋼筋混凝土造,,90.16999999999999,3,1,1,有,無,3000000,33270,,0.0,0,,RPWNMLNKPHGGFDJ98DA,74.57,0.0,6.75,無,0224
湖口鄉,房地(土地+建物),新竹縣湖口鄉介壽街３６巷１９號,74.73,,鄉村區,乙種建築用地,1100706,土地1建物1車位0,全,二層,透天厝,住家用,加強磚造,0700821,92.4,3,2,2,有,無,4000000,43290,,0.0,0,頂樓加蓋；其他增建；,RPRNMLQJQHGGFDJ78DA,92.4,0.0,0.0,無,
橫山鄉,房地(土地+建物),新竹縣橫山鄉中山街一段１４０巷５號,71.38,,鄉村區,乙種建築用地,1100731,土地1建物1車位0,全,二層,透天厝,住家用,加強磚造,,119.86,4,2,2,有,無,2550000,21275,,0.0,0,頂樓加蓋；,RPTOMLTJQHGGFCJ66DA,119.86,0.0,0.0,無,0225
竹東鎮,土地,仁愛段468-6地號,160.0,工,,,1100704,土地1建物0車位0,,,其他,,,,0.0,0,0,0,有,無,8000000,50000,,0.0,0,買方另支付土地增值稅111513元。,RPPNMLKKQHGGFCJ97DA,0.0,0.0,0.0,無,
尖石鄉,土地,梅林段572地號,27438.0,,山坡地保育區,林業用地,1100713,土地2建物0車位0,,,其他,,,,0.0,0,0,0,有,無,2500000,91,,0.0,0,農作物；,RPRNMLKKQHGGFCJ18DA,0.0,0.0,0.0,無,
竹東鎮,房地(土地+建物)+車位,新竹縣竹東鎮北興路三段２４７之６號六樓,32.01,住,,,1100713,土地1建物1車位1,六層,十三層,住宅大樓(11層含以上有電梯),住家用,鋼筋混凝土造,1041019,189.26,3,2,2,有,有,11560000,61080,坡道平面,32.22,0,其他增建；,RPVNMLLKQHGGFCJ68DA,93.86,0.0,11.52,有,0226
芎林鄉,房地(土地+建物),新竹縣芎林鄉文富街１７２巷５號,99.94,住,,,1100710,土地2建物1車位0,全,四層,透天厝,住家用,鋼筋混凝土造,1091124,235.5,3,2,4,有,無,17000000,72187,,0.0,0,,RPVNMLSLPHGGFCJ76DA,214.02,0.0,21.48,無,
關西鎮,土地,下南片段235地號,824.0,,山坡地保育區,農牧用地,1100715,土地1建物0車位0,,,其他,,,,0.0,0,0,0,有,無,1480000,1796,,0.0,0,,RPWNMLLKQHGGFBJ78EA,0.0,0.0,0.0,無,
湖口鄉,房地(土地+建物)+車位,新竹縣湖口鄉貴州街１００巷５號二樓之５,32.98,住,,,1100718,土地1建物1車位1,二層,十四層,住宅大樓(11層含以上有電梯),住家用,鋼筋混凝土造,1090122,187.57,3,2,2,有,有,8600000,47117,坡道平面,26.27,1000000,,RPQNMLLKQHGGFDJ28DA,91.86,0.0,17.85,有,
湖口鄉,房地(土地+建物)+車位,新竹縣湖口鄉貴州街１００巷５號十四樓之１,29.61,住,,,1100707,土地1建物1車位1,十四層,十四層,住宅大樓(11層含以上有電梯),住家用,鋼筋混凝土造,1090122,169.83,3,2,2,有,有,8050000,49108,坡道平面,26.27,1000000,,RPRNMLLKQHGGFDJ38DA,87.14,0.0,10.54,有,
湖口鄉,房地(土地+建物),新竹縣湖口鄉新生三路２５號,116.0,,工業區,丁種建築用地,1100701,土地1建物1車位0,全,五層,透天厝,住家用,鋼筋混凝土造,1021104,520.1,30,0,30,有,無,33500000,64411,,0.0,0,,RPTNMLLKQHGGFDJ58DA,490.55,0.0,29.55,有,0227
新豐鄉,房地(土地+建物),新竹縣新豐鄉新庄子２１之１號九樓之５,79.92,,特定農業區,農牧用地,1100704,土地2建物1車位0,九層,十一層,住宅大樓(11層含以上有電梯),住家用,鋼筋混凝土造,1081016,96.22,3,2,2,有,有,5200000,54043,,0.0,0,以社區規定以社區外私設兩個停車位,RPVNMLKKQHGGFDJ68DA,64.78,0.0,6.15,有,0228
五峰鄉,土地,竹林段798地號,3740.0,,山坡地保育區,農牧用地,1100717,土地2建物0車位0,,,其他,,,,0.0,0,0,0,有,無,800000,214,,0.0,0,,RPQNMLQJQHGGFCJ68EA,0.0,0.0,0.0,無,
新豐鄉,土地,鳳坑段155地號,203.72,,山坡地保育區,農牧用地,1100719,土地1建物0車位0,,,其他,,,,0.0,0,0,0,有,無,616000,3024,,0.0,0,增值稅由買方負擔。親友、員工、共有人或其他特殊關係間之交易；,RPRNMLKKQHGGFDJ38EA,0.0,0.0,0.0,無,0229
新豐鄉,土地,後湖段埔和小段319地號,2623.0,,特定農業區,農牧用地,1100708,土地1建物0車位0,,,其他,,,,0.0,0,0,0,有,無,6347600,2420,,0.0,0,,RPSOMLLKQHGGFDJ58DA,0.0,0.0,0.0,無,
湖口鄉,土地,湖鏡段766-2地號,124.0,住,,,1100726,土地2建物0車位0,,,其他,,,,0.0,0,0,0,有,無,3253189,26235,,0.0,0,,RPVOMLLKQHGGFDJ88DA,0.0,0.0,0.0,無,
竹北市,房地(土地+建物)+車位,新竹縣竹北市光明六路東二段４５６號十六樓之二,39.4,商,,,1100711,土地1建物1車位2,十六層,十九層,住宅大樓(11層含以上有電梯),住家用,鋼筋混凝土造,0991230,362.91999999999996,4,2,3,有,有,38800000,106911,坡道平面,0.0,0,,RPVNMLKKQHGGFBJ58EA,188.12,2.08,25.37,有,0230
新埔鎮,土地,北打鐵坑段大北坑小段176-1地號,31.0,,山坡地保育區,丙種建築用地,1100707,土地1建物0車位0,,,其他,,,,0.0,0,0,0,有,無,180000,5806,,0.0,0,,RPVPMLMKQHGGFBJ98EA,0.0,0.0,0.0,無,
新埔鎮,土地,北打鐵坑段大北坑小段179地號,30.6,,山坡地保育區,農牧用地,1100707,土地1建物0車位0,,,其他,,,,0.0,0,0,0,有,無,47200,1542,,0.0,0,,TPVPMLMKQHGGFBJ56EA,0.0,0.0,0.0,無,
芎林鄉,土地,新別段744地號,98.19,,特定農業區,甲種建築用地,1100715,土地1建物0車位0,,,其他,,,,0.0,0,0,0,有,無,1600000,16295,,0.0,0,,RPOOMLLKQHGGFCJ08DA,0.0,0.0,0.0,無,
竹東鎮,房地(土地+建物),新竹縣竹東鎮永康街８１號三樓,14.68,住,,,1100717,土地1建物1車位0,三層,八層,華廈(10層含以下有電梯),住家用,鋼筋混凝土造,0821016,92.25,3,2,2,有,有,3150000,34146,,0.0,0,含裝潢費；含傢俱設備費；含土地增值稅或其他稅費；含仲介費；陽台外推；,RPPNMLMKQHGGFCJ18DA,60.41,1.18,9.06,有,
竹東鎮,土地,東寧段1773地號,97.67,住,,,1100728,土地2建物0車位0,,,其他,,,,0.0,0,0,0,有,無,4135600,42343,,0.0,0,,RPVPMLKKQHGGFCJ78DA,0.0,0.0,0.0,無,0231
竹東鎮,土地,東寧段1773地號,61.29,都市：其他:住宅區,,,1100728,土地3建物0車位0,,,其他,,,,0.0,0,0,0,有,無,2265200,36959,,0.0,0,包含公共設施保留地用地；,RPXPMLKKQHGGFCJ98DA,0.0,0.0,0.0,無,0231
竹東鎮,土地,東寧段1773地號,124.67,都市：其他:住宅區,,,1100728,土地4建物0車位0,,,其他,,,,0.0,0,0,0,有,無,4613800,37008,,0.0,0,包含公共設施保留地用地；,RPOQMLKKQHGGFCJ18DA,0.0,0.0,0.0,無,0233
竹東鎮,土地,東寧段1773地號,110.81,都市：其他:住宅區,,,1100728,土地4建物0車位0,,,其他,,,,0.0,0,0,0,有,無,3366200,30378,,0.0,0,包含公共設施保留地用地；,RPPQMLKKQHGGFCJ28DA,0.0,0.0,0.0,無,0233
竹東鎮,土地,東寧段1773地號,41.56,都市：其他:住宅區,,,1100728,土地4建物0車位0,,,其他,,,,0.0,0,0,0,有,無,1818520,43756,,0.0,0,包含公共設施保留地用地；,RPQQMLKKQHGGFCJ38DA,0.0,0.0,0.0,無,0233
竹東鎮,土地,東寧段1773地號,55.41,都市：其他:住宅區,,,1100728,土地4建物0車位0,,,其他,,,,0.0,0,0,0,有,無,2672800,48237,,0.0,0,包含公共設施保留地用地；,RPRQMLKKQHGGFCJ48DA,0.0,0.0,0.0,無,0233
竹東鎮,土地,東寧段1773地號,249.33,都市：其他:住宅區,,,1100728,土地4建物0車位0,,,其他,,,,0.0,0,0,0,有,無,8447600,33881,,0.0,0,包含公共設施保留地用地；,RPTQMLKKQHGGFCJ68DA,0.0,0.0,0.0,無,0233
竹東鎮,土地,東寧段1773地號,41.56,都市：其他:住宅區,,,1100728,土地4建物0車位0,,,其他,,,,0.0,0,0,0,有,無,2114700,50883,,0.0,0,包含公共設施保留地用地；,RPUQMLKKQHGGFCJ78DA,0.0,0.0,0.0,無,0233
竹東鎮,土地,東寧段1773地號,124.67,都市：其他:住宅區,,,1100728,土地4建物0車位0,,,其他,,,,0.0,0,0,0,有,無,5704680,45758,,0.0,0,包含公共設施保留地用地；,RPVQMLKKQHGGFCJ88DA,0.0,0.0,0.0,無,0233
竹東鎮,土地,東寧段1773地號,55.41,都市：其他:住宅區,,,1100728,土地4建物0車位0,,,其他,,,,0.0,0,0,0,有,無,3972800,71698,,0.0,0,包含公共設施保留地用地；,RPXQMLKKQHGGFCJ09DA,0.0,0.0,0.0,無,0233
竹東鎮,土地,東寧段1773地號,110.81,都市：其他:住宅區,,,1100728,土地4建物0車位0,,,其他,,,,0.0,0,0,0,有,無,3366200,30378,,0.0,0,包含公共設施保留地用地；,RPORMLKKQHGGFCJ28DA,0.0,0.0,0.0,無,0233
竹東鎮,土地,東寧段1773地號,61.29,都市：其他:住宅區,,,1100728,土地3建物0車位0,,,其他,,,,0.0,0,0,0,有,無,2265200,36959,,0.0,0,包含公共設施保留地用地；,RPPRMLKKQHGGFCJ38DA,0.0,0.0,0.0,無,0231
竹東鎮,土地,東寧段1773地號,249.33,都市：其他:住宅區,,,1100728,土地4建物0車位0,,,其他,,,,0.0,0,0,0,有,無,8447600,33881,,0.0,0,包含公共設施保留地用地；,RPQRMLKKQHGGFCJ48DA,0.0,0.0,0.0,無,0233
竹東鎮,土地,東寧段1773地號,41.56,都市：其他:住宅區,,,1100728,土地4建物0車位0,,,其他,,,,0.0,0,0,0,有,無,2114700,50883,,0.0,0,包含公共設施保留地用地；,RPRRMLKKQHGGFCJ58DA,0.0,0.0,0.0,無,0233
竹東鎮,土地,東寧段1773地號,41.56,都市：其他:住宅區,,,1100728,土地4建物0車位0,,,其他,,,,0.0,0,0,0,有,無,2114700,50883,,0.0,0,包含公共設施保留地用地；,RPSRMLKKQHGGFCJ68DA,0.0,0.0,0.0,無,0233
新豐鄉,房地(土地+建物)+車位,新竹縣新豐鄉松柏街１６１號,61.89,,鄉村區,乙種建築用地,1100704,土地2建物1車位1,全,三層,透天厝,住家用,鋼筋混凝土造,1001213,203.26,4,2,3,有,無,10800000,53134,坡道平面,0.0,0,,RPOOMLNJQHGGFDJ28DA,163.44,5.51,14.81,無,
新豐鄉,房地(土地+建物),新竹縣新豐鄉康樂路一段３６１巷３４弄２７號六樓,27.22,,一般農業區,甲種建築用地,1100711,土地1建物1車位0,六層,七層,華廈(10層含以下有電梯),住家用,鋼筋混凝土造,0971226,122.25999999999999,6,0,6,有,有,4590000,37543,,0.0,0,,RPXNMLNLPHGGFDJ56DA,69.4,14.85,6.3,有,0246
湖口鄉,土地,中義段474地號,639.05,都市：其他:住(一),,,1100702,土地2建物0車位0,,,其他,,,,0.0,0,0,0,有,無,44460000,69572,,0.0,0,,RPVNMLTJPHGGFDJ76DA,0.0,0.0,0.0,無,
新埔鎮,土地,汶水坑段2162地號,4588.0,,山坡地保育區,林業用地,1100707,土地3建物0車位0,,,其他,,,,0.0,0,0,0,有,無,7200000,1569,,0.0,0,,RPUQMLMKQHGGFBJ88DA,0.0,0.0,0.0,無,
新埔鎮,土地,照鏡段767-8地號,1039.95,,山坡地保育區,農牧用地,1100707,土地3建物0車位0,,,其他,,,,0.0,0,0,0,有,無,5100000,4904,,0.0,0,,RPPOMLMKQHGGFBJ18DA,0.0,0.0,0.0,無,0247
竹北市,土地,興崙段429地號,151.48,農,,,1100714,土地1建物0車位0,,,其他,,,,0.0,0,0,0,有,無,5500000,36308,,0.0,0,,RPQOMLKKQHGGFBJ08DA,0.0,0.0,0.0,無,0248
竹北市,房地(土地+建物)+車位,新竹縣竹北市光明六路東二段２８７號,51.67,住,,,1100708,土地1建物1車位1,一層，見其他登記事項,十三層,住宅大樓(11層含以上有電梯),商業用,ＲＣ造１３樓基礎,1060626,297.31,0,0,0,無,有,45300000,173588,坡道平面,44.7,1450000,本案內含獎勵停車位持分1/33。車位交易總額為145萬元整（土地款為新台幣84萬1000元整，建物款為新台幣60萬9000元整）。,RPUOMLOJQHGGFBJ78DA,119.21,0.0,18.55,有,
竹北市,土地,站後段764地號,535.21,都市：其他:道路用地,,,1100705,土地1建物0車位0,,,其他,,,,0.0,0,0,0,有,無,48157000,89978,,0.0,0,,RPUOMLPKPHGGFBJ88DA,0.0,0.0,0.0,無,0249
竹北市,車位,光明六路東二段２８１號等公共設施,2.08,住,,,1100715,土地1建物1車位2,,,其他,,,,89.39,0,0,0,有,有,3200000,,坡道平面,89.4,3200000,兩個車位交易額各為160萬元整（土地款各為新台幣92萬8000元整，建物款各為67萬2000元整）。僅車位交易；,RPUNMLQJQHGGFBJ88DA,0.0,0.0,0.0,有,0250
竹北市,車位,新瀧三街１５號二樓等公共設施,0.0,,,,1100724,土地0建物1車位1,,,其他,,,,29.76,0,0,0,有,有,1200000,,坡道平面,29.76,1200000,僅車位交易；,RPOOMLNKQHGGFBJ18DA,0.0,0.0,0.0,有,0251
新豐鄉,房地(土地+建物),新竹縣新豐鄉保康街５３號三樓,12.94,住,,,1100712,土地1建物1車位0,三層,七層,華廈(10層含以下有電梯),住家用,鋼筋混凝土造,0990521,77.58,2,2,1,有,有,4600000,59294,,0.0,0,,RPQNMLQKPHGGFDJ68DA,47.25,1.93,8.05,有,
湖口鄉,房地(土地+建物)+車位,新竹縣湖口鄉光復東路９６號三樓之３,21.51,,工業區,丁種建築用地,1100705,土地1建物1車位1,三層,五層,華廈(10層含以下有電梯),住家用,鋼筋混凝土造,1020610,107.00999999999999,3,2,2,有,有,5300000,49528,一樓平面,0.0,0,,RPQNMLRJPHGGFDJ68DA,69.63,7.11,7.83,有,0252
湖口鄉,房地(土地+建物),新竹縣湖口鄉松江一街１號五樓,24.91,,工業區,丁種建築用地,1100725,土地1建物1車位0,五層,五層,公寓(5樓含以下無電梯),住家用,鋼筋混凝土造,0870122,88.0,3,2,2,有,無,2680000,30455,,0.0,0,,RPWNMLRLPHGGFDJ86DA,72.07,1.15,8.53,無,0253
湖口鄉,房地(土地+建物),新竹縣湖口鄉大勇路一巷２５之１號五樓,23.2,,工業區,丁種建築用地,1100712,土地1建物1車位0,五層,五層,華廈(10層含以下有電梯),住家用,鋼筋混凝土造,1020903,94.63,3,2,2,有,有,5050000,53366,,0.0,0,,RPXNMLQLPHGGFDJ86DA,68.65,3.26,8.41,有,0254
湖口鄉,房地(土地+建物),新竹縣湖口鄉德和路７６巷１６號六樓之３,9.4,,鄉村區,乙種建築用地,1100731,土地1建物1車位0,六層,七層,華廈(10層含以下有電梯),住家用,鋼筋混凝土造,0930705,32.730000000000004,1,0,1,有,有,1000000,30553,,0.0,0,,RPQNMLMJQHGGFDJ28DA,20.93,0.0,2.32,有,0255
竹東鎮,房地(土地+建物)+車位,新竹縣竹東鎮龍鳳路２６號十一樓,16.61,商,,,1100719,土地1建物1車位1,十一層,十五層,住宅大樓(11層含以上有電梯),住家用,鋼筋混凝土造,1100317,122.35,2,2,1,有,有,7450000,60891,坡道平面,30.57,0,,RPWOMLSLPHGGFCJ96DA,57.82,0.0,4.25,有,0256
竹東鎮,土地,中山段238地號,248.0,住,,,1100701,土地1建物0車位0,,,其他,,,,0.0,0,0,0,有,無,3230000,13024,,0.0,0,未登記建物；,RPUNMLNKQHGGFCJ78DA,0.0,0.0,0.0,無,
竹北市,房地(土地+建物),新竹縣竹北市光明三路１８０號,112.4,商,,,1100721,土地1建物1車位0,全,六層,透天厝,住商用,鋼筋混凝土造,0870511,578.94,0,0,0,無,無,43500000,75137,,0.0,0,含租約；,RPTNMLLKQHGGFBJ48EA,510.43,35.66,32.85,有,0257
竹北市,房地(土地+建物)+車位,新竹縣竹北市光明六路東一段２９６之６號十八樓,26.29,商,,,1100709,土地1建物1車位2,十八層,二十三層,住宅大樓(11層含以上有電梯),住家用,鋼筋混凝土造,0960528,319.65,4,2,2,有,有,25700000,80398,坡道平面,0.0,3200000,,RPUPMLMKQHGGFBJ88EA,160.21,8.28,21.79,有,
新豐鄉,土地,後湖段坡子頭小段358地號,3.28,,特定農業區,農牧用地,1100729,土地1建物0車位0,,,其他,,,,0.0,0,0,0,有,無,8856,2700,,0.0,0,親友、員工、共有人或其他特殊關係間之交易；,RPTOMLLKQHGGFDJ68DA,0.0,0.0,0.0,無,
湖口鄉,房地(土地+建物),新竹縣湖口鄉龍江街１３８號,132.55,住,,,1100720,土地2建物1車位0,全,二層,透天厝,住家用,加強磚造,0780915,156.86,4,2,3,有,無,6000000,38251,,0.0,0,親友、員工、共有人或其他特殊關係間之交易；,RPPNMLNKQHGGFDJ38DA,149.5,7.36,0.0,無,
竹東鎮,房地(土地+建物),新竹縣竹東鎮光明路２０巷５２弄３５號四樓,28.24,都市：其他:住一,,,1100712,土地4建物1車位0,四層,五層,華廈(10層含以下有電梯),住家用,鋼筋混凝土造,0810512,103.38,3,2,1,有,有,2750000,26601,,0.0,0,,RPQNMLQKQHGGFCJ78EA,68.56,0.0,7.16,有,0258
新豐鄉,房地(土地+建物),新竹縣新豐鄉圓山子１１６之７號四樓,24.56,,特定農業區,甲種建築用地,1100726,土地1建物1車位0,四層,五層,華廈(10層含以下有電梯),住家用,鋼筋混凝土造,0830126,79.18,4,2,2,有,有,2160000,27280,,0.0,0,,RPQNMLNKQHGGFDJ48DA,55.04,0.75,7.91,有,0259
新豐鄉,房地(土地+建物),新竹縣新豐鄉康樂路一段３６１巷３４弄７號四樓,18.66,,一般農業區,甲種建築用地,1100714,土地1建物1車位0,四層,七層,華廈(10層含以下有電梯),住家用,鋼筋混凝土造,0971226,83.56,4,0,4,有,有,3200000,38296,,0.0,0,含租約；,RPWNMLKKQHGGFDJ78DA,45.67,9.8,5.29,有,0260
新豐鄉,土地,後湖段坡子頭小段207地號,14.52,,特定農業區,甲種建築用地,1100716,土地1建物0車位0,,,其他,,,,0.0,0,0,0,有,無,105000,7231,,0.0,0,親友、員工、共有人或其他特殊關係間之交易；,RPXNMLQKQHGGFDJ86DA,0.0,0.0,0.0,無,
新豐鄉,土地,後湖段坡子頭小段207-1地號,101.64,,特定農業區,農牧用地,1100716,土地1建物0車位0,,,其他,,,,0.0,0,0,0,有,無,307000,3020,,0.0,0,親友、員工、共有人或其他特殊關係間之交易；,SPXNMLQKQHGGFDJ96DA,0.0,0.0,0.0,無,
新豐鄉,土地,後湖段坡子頭小段208地號,18.25,,特定農業區,農牧用地,1100716,土地1建物0車位0,,,其他,,,,0.0,0,0,0,有,無,50000,2740,,0.0,0,親友、員工、共有人或其他特殊關係間之交易；,TPXNMLQKQHGGFDJ07DA,0.0,0.0,0.0,無,
新豐鄉,土地,後湖段坡子頭小段218地號,80.83,,特定農業區,甲種建築用地,1100716,土地1建物0車位0,,,其他,,,,0.0,0,0,0,有,無,582000,7200,,0.0,0,親友、員工、共有人或其他特殊關係間之交易；,UPXNMLQKQHGGFDJ17DA,0.0,0.0,0.0,無,
新豐鄉,土地,後湖段坡子頭小段219地號,3.78,,特定農業區,農牧用地,1100716,土地1建物0車位0,,,其他,,,,0.0,0,0,0,有,無,10000,2646,,0.0,0,親友、員工、共有人或其他特殊關係間之交易；,VPXNMLQKQHGGFDJ27DA,0.0,0.0,0.0,無,
新豐鄉,土地,後湖段坡子頭小段223地號,2.92,,特定農業區,甲種建築用地,1100716,土地1建物0車位0,,,其他,,,,0.0,0,0,0,有,無,21000,7192,,0.0,0,親友、員工、共有人或其他特殊關係間之交易；,WPXNMLQKQHGGFDJ37DA,0.0,0.0,0.0,無,
新豐鄉,土地,後湖段坡子頭小段225地號,48.08,,特定農業區,農牧用地,1100716,土地1建物0車位0,,,其他,,,,0.0,0,0,0,有,無,130000,2704,,0.0,0,親友、員工、共有人或其他特殊關係間之交易；,XPXNMLQKQHGGFDJ47DA,0.0,0.0,0.0,無,
新豐鄉,土地,後湖段坡子頭小段270-2地號,1.02,,特定農業區,甲種建築用地,1100716,土地1建物0車位0,,,其他,,,,0.0,0,0,0,有,無,8000,7843,,0.0,0,親友、員工、共有人或其他特殊關係間之交易；,YPXNMLQKQHGGFDJ57DA,0.0,0.0,0.0,無,
新豐鄉,土地,後湖段坡子頭小段271地號,11.13,,特定農業區,甲種建築用地,1100716,土地1建物0車位0,,,其他,,,,0.0,0,0,0,有,無,80000,7188,,0.0,0,親友、員工、共有人或其他特殊關係間之交易；,ZPXNMLQKQHGGFDJ67DA,0.0,0.0,0.0,無,
新豐鄉,土地,後湖段坡子頭小段272地號,3.7,,特定農業區,甲種建築用地,1100716,土地1建物0車位0,,,其他,,,,0.0,0,0,0,有,無,27000,7297,,0.0,0,親友、員工、共有人或其他特殊關係間之交易；,QQXNMLQKQHGGFDJ86DA,0.0,0.0,0.0,無,
竹北市,土地,貓兒錠段山腳小段1306地號,1398.0,,特定農業區,農牧用地,1100702,土地1建物0車位0,,,其他,,,,0.0,0,0,0,有,無,11600000,8298,,0.0,0,,RPXPMLMKQHGGFBJ56EA,0.0,0.0,0.0,無,
竹北市,房地(土地+建物),新竹縣竹北市嘉仁街６５號二樓之二,9.89,住,,,1100730,土地1建物1車位0,二層,五層,套房(1房1廳1衛),商業用,鋼筋混凝土造,0991202,38.36,1,1,1,有,有,2650000,69082,,0.0,0,,RPQOMLNKQHGGFBJ48EA,22.11,5.54,0.0,有,0261
竹北市,房地(土地+建物)+車位,新竹縣竹北市北新一街１９號七樓之七,14.01,商,,,1100710,土地1建物1車位1,七層,二十四層,住宅大樓(11層含以上有電梯),住家用,鋼筋混凝土造,1091225,159.23000000000002,3,2,2,有,有,13550000,85097,坡道平面,29.41,0,,RPTNMLRKQHGGFBJ09EA,82.17,0.0,5.72,有,0262
芎林鄉,土地,下山段下山小段26-8地號,23.44,,特定農業區,農牧用地,1100721,土地1建物0車位0,,,其他,,,,0.0,0,0,0,有,無,212695,9074,,0.0,0,,RPXNMLMJQHGGFCJ88DA,0.0,0.0,0.0,無,0024
芎林鄉,土地,下山段下山小段26-4地號,68.31,,特定農業區,甲種建築用地,1100711,土地2建物0車位0,,,其他,,,,0.0,0,0,0,有,無,1682400,24629,,0.0,0,增值稅由買方支付,RPPOMLMJQHGGFCJ18DA,0.0,0.0,0.0,無,0024
竹東鎮,房地(土地+建物),新竹縣竹東鎮仁愛路３７０巷１３弄５號,88.51,住,,,1100711,土地3建物1車位0,全,四層,透天厝,住家用,鋼筋混凝土造,1090121,226.45,4,2,2,有,無,14500000,64032,,0.0,0,,RPUOMLTKPHGGFCJ76DA,206.41,0.0,20.04,有,0265
寶山鄉,土地,洽水段378地號,492.36,,山坡地保育區,丙種建築用地,1100711,土地1建物0車位0,,,其他,,,,0.0,0,0,0,有,無,11500000,23357,,0.0,0,,RPROMLTKPHGGFCJ09DA,0.0,0.0,0.0,無,
竹東鎮,房地(土地+建物)+車位,新竹縣竹東鎮光明路１２６巷８７弄３號十四樓,22.74,都市：其他:科技商務服務專用區,,,1100711,土地3建物1車位1,十四層,十四層,住宅大樓(11層含以上有電梯),辦公用,鋼筋混凝土造,1040325,154.33999999999997,3,2,2,有,有,9420000,61034,坡道平面,0.0,0,陽台外推；,RPQOMLQKPHGGFCJ68DA,80.51,0.0,6.51,有,0266
湖口鄉,房地(土地+建物),新竹縣湖口鄉榮光一路１９８號,86.48,,鄉村區,乙種建築用地,1100713,土地4建物1車位0,全,四層,透天厝,住家用,鋼筋混凝土造,1040821,240.43,9,2,10,有,有,11500000,47831,,0.0,0,,RPPNMLOJQHGGFDJ38DA,206.0,0.0,34.43,無,0267
湖口鄉,房地(土地+建物),新竹縣湖口鄉新興路忠信四巷６號,70.13,,鄉村區,乙種建築用地,1100710,土地1建物1車位0,全,二層,透天厝,住家用,加強磚造,0730701,107.0,5,3,2,有,無,5100000,47664,,0.0,0,頂樓增建其他增建；,RPRNMLLMPHGGFDJ48DA,107.0,0.0,0.0,無,0268
湖口鄉,房地(土地+建物),新竹縣湖口鄉大勇路二巷５３號五樓,23.6,,工業區,丁種建築用地,1100705,土地1建物1車位0,五層,五層,公寓(5樓含以下無電梯),住家用,鋼筋混凝土造,0871006,67.07,2,2,1,有,無,1750000,26092,,0.0,0,,RPRNMLRJPHGGFDJ78DA,40.63,8.92,12.2,無,
新埔鎮,土地,義民段2274-4地號,249.0,,特定農業區,農牧用地,1100730,土地1建物0車位0,,,其他,,,,0.0,0,0,0,有,無,3000000,12048,,0.0,0,,RPSQMLMKQHGGFBJ68DA,0.0,0.0,0.0,無,0269
竹北市,房地(土地+建物)+車位,新竹縣竹北市高鐵七路６５號十七樓之二十七,6.6,商,,,1100729,土地1建物1車位1,十七層,十八層,住宅大樓(11層含以上有電梯),商業用,鋼筋混凝土造,0990208,65.92999999999999,1,1,1,有,有,6880000,104353,坡道機械,18.82,0,,RPSPMLNKQHGGFBJ68DA,26.58,0.0,3.62,有,
竹北市,房地(土地+建物)+車位,新竹縣竹北市中山路２３２巷１弄１號,202.02,工,,,1100726,土地4建物1車位1,全,四層,透天厝,商業用,鋼筋混凝土造,0950808,394.19,6,2,5,有,有,24500000,62153,一樓平面,0.0,0,,RPPNMLNKQHGGFBJ18DA,351.67,4.63,31.88,有,
竹北市,房地(土地+建物)+車位,新竹縣竹北市六家五路一段３６０號十二樓,37.29,住,,,1100715,土地1建物1車位1,十二層,二十層,住宅大樓(11層含以上有電梯),住家用,鋼筋混凝土造,1060705,207.10000000000002,3,1,2,有,有,26000000,125543,坡道平面,38.83,0,,RPOPMLQKQHGGFBJ58DA,94.32,0.0,9.58,有,0270
竹北市,土地,斗崙段頂斗崙小段121-2地號,92.0,都市：其他:道路用地,,,1100730,土地1建物0車位0,,,其他,,,,0.0,0,0,0,有,無,10360764,112617,,0.0,0,包含公共設施保留地用地；,RPPNMLMKQHGGFBJ08DA,0.0,0.0,0.0,無,0120
新埔鎮,房地(土地+建物)+車位,新竹縣新埔鎮田新路４８６號十樓,17.22,商,,,1100708,土地1建物1車位1,十層,十五層,住宅大樓(11層含以上有電梯),住家用,鋼筋混凝土造,1090519,164.64999999999998,3,2,2,有,有,11250000,68327,坡道平面,26.33,0,,RPOOMLMKQHGGFBJ08DA,81.51,4.04,9.03,有,0272
關西鎮,土地,西安段803-6地號,11.21,商,,,1100726,土地1建物0車位0,,,其他,,,,0.0,0,0,0,有,無,1713785,152880,,0.0,0,,RPRNMLRJQHGGFBJ68DA,0.0,0.0,0.0,無,
關西鎮,土地,西安段803-4地號,5.16,商,,,1100712,土地1建物0車位0,,,其他,,,,0.0,0,0,0,有,無,788860,152880,,0.0,0,,RPSNMLRJQHGGFBJ78DA,0.0,0.0,0.0,無,
關西鎮,土地,西安段803-5地號,6.11,商,,,1100707,土地1建物0車位0,,,其他,,,,0.0,0,0,0,有,無,667212,109200,,0.0,0,,RPTNMLRJQHGGFBJ88DA,0.0,0.0,0.0,無,
關西鎮,土地,西安段803-3地號,4.38,商,,,1100710,土地1建物0車位0,,,其他,,,,0.0,0,0,0,有,無,478296,109200,,0.0,0,,RPUNMLRJQHGGFBJ98DA,0.0,0.0,0.0,無,
關西鎮,土地,西安段803-1地號,1.72,商,,,1100715,土地1建物0車位0,,,其他,,,,0.0,0,0,0,有,無,187824,109200,,0.0,0,,RPVNMLRJQHGGFBJ09DA,0.0,0.0,0.0,無,
竹北市,房地(土地+建物),新竹縣竹北市文興路一段４０號等,277.63,住,,,1100718,土地2建物7車位0,五層,六層,華廈(10層含以下有電梯),住家用,鋼筋混凝土造,0930311,1020.02,0,0,0,無,無,100580000,98606,,0.0,0,,RPTNMLKKQHGGFBJ28DA,524.14,19.21,10.41,有,
竹北市,房地(土地+建物)+車位,新竹縣竹北市聯發街２５號十四樓,26.56,住,,,1100715,土地1建物1車位1,十四層，夾層,十四層,住宅大樓(11層含以上有電梯),住家用,鋼筋混凝土造,1040519,175.54000000000002,3,2,2,有,有,18550000,105674,坡道平面,30.42,0,,RPUNMLTJQHGGFBJ56DA,84.24,8.98,4.71,有,0273
竹北市,房地(土地+建物)+車位,新竹縣竹北市福興一路２０號八樓之三,11.33,商,,,1100717,土地1建物1車位1,八層,十五層,住宅大樓(11層含以上有電梯),住家用,鋼筋混凝土造,0991120,129.66,2,1,3,有,有,10360000,79901,坡道平面,0.0,0,衛浴外推其他增建；,RPVNMLRKQHGGFBJ56DA,50.27,0.0,17.4,有,0274
竹北市,房地(土地+建物)+車位,新竹縣竹北市興學街１２號十一樓,40.05,住,,,1100710,土地1建物1車位2,十一層,十三層,住宅大樓(11層含以上有電梯),住家用,鋼筋混凝土造,1000512,253.37,3,2,2,有,有,24380000,96223,坡道平面,57.76,0,陽台加窗其他增建；,RPXNMLRKQHGGFBJ76DA,118.9,6.26,11.76,有,
竹北市,房地(土地+建物)+車位,新竹縣竹北市復興二路７１號,28.33,住,,,1100713,土地1建物1車位4,一層,十三層,住宅大樓(11層含以上有電梯),商業用,鋼筋混凝土造,1001222,198.4,2,0,2,有,有,25300000,127520,坡道機械,75.36,0,,RPXNMLOKPHGGFBJ98DA,77.46,0.0,20.65,有,0275
竹北市,房地(土地+建物),新竹縣竹北市中正西路６４５巷１號,103.15,,特定農業區,甲種建築用地,1100724,土地2建物1車位0,全,五層,透天厝,住家用,鋼筋混凝土造,1011227,322.72,4,2,3,有,無,20500000,63523,,0.0,0,,RPWPMLOJQHGGFBJ09DA,319.25,0.0,3.47,有,0276
竹北市,房地(土地+建物),新竹縣竹北市鳳岡路五段６４２巷１８弄２８號,104.79,,鄉村區,乙種建築用地,1100722,土地3建物1車位0,全,三層,透天厝,住家用,鋼筋混凝土造,1070130,145.53,3,2,3,有,有,8500000,58407,,0.0,0,,RPQOMLLKQHGGFBJ18DA,139.06,1.04,5.24,無,0277
竹北市,房地(土地+建物),新竹縣竹北市光明九路１６８號二樓之一,5.84,商,,,1100721,土地3建物1車位0,二層,十一層,住宅大樓(11層含以上有電梯),商業用,鋼筋混凝土造,0980225,46.870000000000005,1,1,1,有,有,5000000,106678,,0.0,0,夾層；,RPVNMLMKQHGGFBJ68DA,30.32,2.78,0.0,有,0278
竹北市,房地(土地+建物)+車位,新竹縣竹北市北新一街１９號二十一樓之三,10.83,商,,,1100713,土地1建物1車位1,二十一層,二十四層,住宅大樓(11層含以上有電梯),住家用,鋼筋混凝土造,1091225,128.54000000000002,2,2,1,有,有,9800000,76241,坡道平面,29.41,0,,RPWOMLQKQHGGFBJ66DA,61.98,0.0,5.36,有,0279
竹北市,房地(土地+建物)+車位,新竹縣竹北市福興東路二段１１９號,32.8,住,,,1100720,土地1建物1車位2,一層，二層,十五層,住宅大樓(11層含以上有電梯),商辦用,鋼筋混凝土造,1061020,224.28,2,0,2,有,有,26000000,115927,坡道平面,82.12,0,含租約；,RPQOMLQKQHGGFBJ68DA,104.16,7.29,0.0,有,0280
竹北市,房地(土地+建物),新竹縣竹北市縣政十街６號四樓之七,6.23,商,,,1100720,土地1建物1車位0,四層,十層,華廈(10層含以下有電梯),商業用,鋼筋混凝土造,0950908,47.33,1,1,1,有,有,4600000,97190,,0.0,0,夾層；,RPQPMLNKQHGGFBJ48DA,26.85,2.19,0.0,有,
湖口鄉,房地(土地+建物),新竹縣湖口鄉安宅一街１４５號五樓,37.13,,工業區,丁種建築用地,1100717,土地1建物1車位0,五層,五層,華廈(10層含以下有電梯),住家用,鋼筋混凝土造,0810305,105.63,3,2,2,有,有,4500000,42602,,0.0,0,,RPOOMLKLPHGGFDJ08DA,81.04,0.0,11.13,有,
新豐鄉,土地,瑞興段912-1地號,3249.0,,特定農業區,農牧用地,1100714,土地2建物0車位0,,,其他,,,,0.0,0,0,0,有,無,7990000,2459,,0.0,0,,RPWNMLKMPHGGFDJ88DA,0.0,0.0,0.0,無,0281
湖口鄉,房地(土地+建物),新竹縣湖口鄉吉祥街８２巷３８號,21.57,,工業區,丁種建築用地,1100712,土地1建物1車位0,見其他登記事項,五層,華廈(10層含以下有電梯),住家用,鋼筋混凝土造,1040105,87.08,3,1,2,有,有,4650000,53399,,0.0,0,,RPRNMLRLPHGGFDJ98DA,60.19,5.46,4.2,有,0282
新豐鄉,房地(土地+建物),新竹縣新豐鄉中崙２８５之２７號二樓,29.85,,特定農業區,甲種建築用地,1100725,土地1建物1車位0,二層,五層,公寓(5樓含以下無電梯),住家用,鋼筋混凝土造,0850711,96.67,3,2,1,有,有,2700000,27930,,0.0,0,陽台採光罩增建其他增建；,RPROMLOJQHGGFDJ68DA,69.28,0.0,5.9,無,0283
新豐鄉,土地,新庄子段1025-3地號,331.0,農,,,1100727,土地1建物0車位0,,,其他,,,,0.0,0,0,0,有,無,1800000,5438,,0.0,0,,RPWNMLPJQHGGFDJ56DA,0.0,0.0,0.0,無,
芎林鄉,土地,下山段下山小段26-4地號,31.42,,特定農業區,甲種建築用地,1100724,土地1建物0車位0,,,其他,,,,0.0,0,0,0,有,無,998000,31763,,0.0,0,土地增值稅由買方支付,RPQOMLMJQHGGFCJ28DA,0.0,0.0,0.0,無,0009
竹東鎮,土地,柯子湖段2-3地號,646.5,工,,,1100730,土地1建物0車位0,,,其他,,,,0.0,0,0,0,有,無,19500000,30162,,0.0,0,,RPSNMLOJQHGGFCJ58DA,0.0,0.0,0.0,無,0206
芎林鄉,房地(土地+建物),新竹縣芎林鄉文富街１７８號,116.13,住,,,1100701,土地2建物1車位0,全,四層,透天厝,住家用,鋼筋混凝土造,1091124,238.46,3,2,4,有,無,18880000,79175,,0.0,0,,RPUNMLSLPHGGFCJ66DA,218.52,0.0,19.94,無,
竹東鎮,房地(土地+建物)+車位,新竹縣竹東鎮北興路二段８１巷６弄６號九、十樓,26.95,住,,,1100708,土地1建物1車位1,九層，十層,十四層,住宅大樓(11層含以上有電梯),住家用,鋼筋混凝土造,0890421,246.07,4,2,3,有,有,9700000,39420,坡道平面,0.0,0,含土地增值稅或其他稅費；含仲介費；陽台外推；,RPVNMLQKQHGGFCJ56DA,140.94,0.0,18.05,有,
竹北市,房地(土地+建物)+車位,新竹縣竹北市光明九路８之１０號四樓,16.63,商,,,1100703,土地1建物1車位1,四層,十四層,住宅大樓(11層含以上有電梯),住家用,鋼筋混凝土造,0941107,185.99,4,2,2,有,有,13380000,71939,坡道平面,0.0,0,,RPSNMLSKQHGGFBJ09EA,99.4,3.13,14.63,有,0286
竹北市,房地(土地+建物)+車位,新竹縣竹北市興隆路一段５２７號二十一樓,72.14,住,,,1100716,土地1建物1車位2,二十一層,二十四層,住宅大樓(11層含以上有電梯),住家用,鋼筋混凝土造,1020515,426.98,5,2,4,有,有,42800000,109823,坡道平面,64.58,3000000,陽台外推；,RPUOMLRKQHGGFBJ66EA,212.26,18.08,27.4,有,0287
竹北市,房地(土地+建物)+車位,新竹縣竹北市六家七路５５號二樓,26.31,住,,,1100711,土地1建物1車位1,二層,十層,華廈(10層含以下有電梯),住家用,鋼筋混凝土造,0950712,150.93,3,2,2,有,有,12760000,84543,坡道平面,0.0,0,,RPOOMLNKQHGGFBJ28EA,79.13,3.1,8.2,有,
竹北市,房地(土地+建物)+車位,新竹縣竹北市新光一街５８號十樓,21.0,住,,,1100717,土地1建物1車位1,十層,十三層,住宅大樓(11層含以上有電梯),住家用,鋼筋混凝土造,1030826,144.87,2,2,2,有,有,10150000,70063,坡道平面,36.61,0,,RPPOMLNKQHGGFBJ38EA,62.14,6.22,5.46,有,0288
湖口鄉,房地(土地+建物)+車位,新竹縣湖口鄉貴州街１００巷３號十四樓之３,29.69,住,,,1100709,土地1建物1車位1,十四層,十四層,住宅大樓(11層含以上有電梯),住家用,鋼筋混凝土造,1090122,172.11,3,2,2,有,有,8080000,48204,坡道平面,26.27,1050000,,RPPNMLQKQHGGFDJ68DA,87.14,0.0,10.54,有,
湖口鄉,房地(土地+建物)+車位,新竹縣湖口鄉貴州街１００巷５號十四樓之３,32.29,住,,,1100731,土地1建物1車位2,十四層,十四層,住宅大樓(11層含以上有電梯),住家用,鋼筋混凝土造,1090122,196.10000000000002,3,2,2,有,有,9150000,49805,坡道平面,52.54,2000000,,RPQNMLQKQHGGFDJ78DA,87.14,0.0,10.54,有,
湖口鄉,房地(土地+建物)+車位,新竹縣湖口鄉貴州街１００巷３號二樓之７,35.66,住,,,1100724,土地1建物1車位2,二層,十四層,住宅大樓(11層含以上有電梯),住家用,鋼筋混凝土造,1090122,213.87,3,2,2,有,有,9300000,45249,坡道平面,52.54,2000000,,RPRNMLQKQHGGFDJ88DA,91.86,0.0,17.85,有,
湖口鄉,房地(土地+建物),新竹縣湖口鄉安宅十街５１號四樓之１,15.28,,工業區,丁種建築用地,1100701,土地1建物1車位0,四層,五層,華廈(10層含以下有電梯),住家用,鋼筋混凝土造,1100322,60.480000000000004,2,1,2,有,有,4150000,68618,,0.0,0,,RPRNMLNKQHGGFDJ58DA,46.03,0.0,4.28,有,
湖口鄉,房地(土地+建物),新竹縣湖口鄉東成街７６號,107.16,,特定農業區,甲種建築用地,1100703,土地1建物1車位0,全,四層,透天厝,住家用,鋼筋混凝土造,0810805,208.71,7,0,7,有,無,4900000,23478,,0.0,0,未登記建物；,RPSQMLQKQHGGFDJ66DA,190.39,4.13,14.19,無,0289
新豐鄉,房地(土地+建物)+車位,新竹縣新豐鄉莊敬街５９巷１號二樓之１,24.49,,鄉村區,乙種建築用地,1100717,土地1建物1車位1,二層,六層,華廈(10層含以下有電梯),住家用,鋼筋混凝土造,1090312,89.84,3,2,2,有,有,5950000,62231,升降機械,6.28,750000,,RPTNMLRKQHGGFDJ56DA,56.95,0.0,5.92,有,
湖口鄉,房地(土地+建物),新竹縣湖口鄉信昌一街５３巷１號,138.97,,鄉村區,乙種建築用地,1100709,土地5建物1車位0,全,五層,透天厝,住家用,鋼筋混凝土造,1031216,238.6,5,2,4,有,無,11000000,46102,,0.0,0,,RPQNMLRKQHGGFDJ98EA,224.96,0.0,13.64,無,0290
竹東鎮,房地(土地+建物),新竹縣竹東鎮自強路１０號四樓,19.39,住,,,1100723,土地1建物1車位0,四層,十一層,住宅大樓(11層含以上有電梯),住家用,鋼筋混凝土造,0870929,116.07,3,2,2,有,有,4350000,37477,,0.0,0,陽台外推；,RPOOMLQKQHGGFCJ68EA,80.74,0.0,12.15,有,
竹東鎮,土地,二重埔段200-223地號,662.0,工,,,1100707,土地1建物0車位0,,,其他,,,,0.0,0,0,0,有,無,15319000,23140,,0.0,0,,RPOOMLSKQHGGFCJ88EA,0.0,0.0,0.0,無,
新豐鄉,房地(土地+建物),新竹縣新豐鄉紅毛１４１之２號,628.0,,特定農業區,甲種建築用地,1100728,土地2建物1車位0,全,二層,透天厝,住商用,鋼筋混凝土造,1050811,235.3,0,0,0,無,無,17500000,74373,,0.0,0,,RPVNMLRKQHGGFDJ76DA,235.3,0.0,0.0,無,0291
湖口鄉,房地(土地+建物),新竹縣湖口鄉蘭州一街７５號,166.29,,工業區,丁種建築用地,1100707,土地1建物1車位0,全,五層,透天厝,住家用,鋼筋混凝土造,1080804,746.36,33,0,33,有,無,46550000,62369,,0.0,0,陽台外推；頂樓加蓋；夾層；其他增建；,RPXNMLLKQHGGFDJ98DA,688.0,0.0,58.36,有,
竹北市,房地(土地+建物)+車位,新竹縣竹北市惟馨街９５號七樓之一,81.5,工,,,1100715,土地1建物1車位4,七層,十三層,廠辦,工業用,鋼筋混凝土造,1060712,466.82,0,0,0,無,有,25000000,53554,坡道平面,106.83,0,,RPPNMLQKQHGGFBJ58EA,198.31,0.0,0.0,有,
竹東鎮,房地(土地+建物),新竹縣竹東鎮幸福路１２１巷２１號八樓,13.24,住,,,1100709,土地1建物1車位0,八層,十三層,住宅大樓(11層含以上有電梯),住家用,鋼筋混凝土造,0840801,87.75,2,2,1,有,有,3550000,40456,,0.0,0,含傢俱設備費；含土地增值稅或其他稅費；,RPPOMLQKQHGGFCJ68DA,60.43,0.0,4.71,有,0292
竹東鎮,房地(土地+建物),新竹縣竹東鎮康莊街２６巷５５號,122.52,,山坡地保育區,丙種建築用地,1100709,土地6建物1車位0,全,四層,透天厝,住家用,鋼筋混凝土造,0860128,232.11,5,2,4,有,有,7800000,33605,,0.0,0,其他增建；,RPTNMLKKQHGGFCJ38DA,184.25,47.86,0.0,無,
湖口鄉,房地(土地+建物),新竹縣湖口鄉信昌六街１巷１１號,72.89,,鄉村區,乙種建築用地,1100725,土地4建物1車位0,全,四層,透天厝,住家用,鋼筋混凝土造,1100330,208.03,3,2,3,有,有,9370000,45042,,0.0,0,,RPRNMLQLPHGGFDJ88DA,194.55,0.0,13.48,無,
新豐鄉,土地,明新段109地號,13.92,,一般農業區,水利用地,1100721,土地1建物0車位0,,,其他,,,,0.0,0,0,0,有,無,94000,6753,,0.0,0,親友、員工、共有人或其他特殊關係間之交易；,RPPNMLPLPHGGFDJ58DA,0.0,0.0,0.0,無,0021
湖口鄉,房地(土地+建物),新竹縣湖口鄉達生八街６０３號,123.5,都市：其他:住(一),,,1100712,土地2建物1車位0,全,四層,透天厝,住家用,鋼筋混凝土造,1071017,266.0,4,2,4,有,無,16800000,63158,,0.0,0,,RPRNMLMJQHGGFDJ38DA,231.65,13.88,20.47,無,
湖口鄉,房地(土地+建物),新竹縣湖口鄉信昌六街１巷２號,80.53,,鄉村區,乙種建築用地,1100718,土地4建物1車位0,全,四層,透天厝,住家用,鋼筋混凝土造,1100330,247.12,3,2,3,有,有,11680000,47264,,0.0,0,,RPTNMLTKPHGGFDJ66DA,231.48,0.0,15.64,無,
湖口鄉,房地(土地+建物),新竹縣湖口鄉信昌六街１巷１號,77.78,,鄉村區,乙種建築用地,1100715,土地4建物1車位0,全,四層,透天厝,住家用,鋼筋混凝土造,1100330,231.46,3,2,3,有,有,9900000,42772,,0.0,0,,RPPNMLTKPHGGFDJ88DA,222.98,0.0,8.48,無,
竹北市,土地,站後段47-1地號,51.23,都市：其他:道路用地,,,1100726,土地1建物0車位0,,,其他,,,,0.0,0,0,0,有,無,2848336,55599,,0.0,0,包含公共設施保留地用地；,RPPNMLLKQHGGFBJ97DA,0.0,0.0,0.0,無,
竹北市,房地(土地+建物)+車位,新竹縣竹北市中正西路１５９８巷１２弄３７號四樓,23.03,,鄉村區,乙種建築用地,1100721,土地2建物1車位1,四層,五層,華廈(10層含以下有電梯),住家用,鋼筋混凝土造,1031216,84.61,2,1,1,有,有,4900000,57913,一樓平面,0.0,0,陽台外推；其他增建；,RPSOMLLKQHGGFBJ38DA,52.43,0.0,5.14,有,0294
竹北市,土地,溝貝段297地號,2967.0,,特定農業區,農牧用地,1100716,土地1建物0車位0,,,其他,,,,0.0,0,0,0,有,無,29700000,10010,,0.0,0,,RPVNMLQJQHGGFBJ98DA,0.0,0.0,0.0,無,
竹北市,房地(土地+建物)+車位,新竹縣竹北市勝利十一路１０６號五樓,13.08,商,,,1100709,土地1建物1車位2,五層,二十一層,住宅大樓(11層含以上有電梯),住家用,鋼筋混凝土造,1050921,169.06,3,2,2,有,有,15830000,93635,坡道機械,39.88,0,,RPSOMLSKQHGGFBJ09DA,74.25,0.01,8.49,有,0295
竹北市,房地(土地+建物),新竹縣竹北市麻園三路２４０巷２２號,3057.35,,山坡地保育區,農牧用地,1100720,土地3建物1車位0,全,三層,透天厝,農業用,鋼筋混凝土造,0960621,273.16,6,2,5,有,有,18000000,65895,,0.0,0,,RPSPMLQKQHGGFBJ98DA,251.67,0.0,21.49,無,
竹北市,房地(土地+建物)+車位,新竹縣竹北市興隆路三段３０１號二十一樓,70.72,住,,,1100705,土地1建物1車位2,二十一層,二十五層,住宅大樓(11層含以上有電梯),住家用,鋼筋混凝土造,1001223,453.21000000000004,4,2,3,有,有,39900000,88039,坡道平面,0.0,0,,RPSNMLRKQHGGFBJ88DA,221.04,10.89,26.3,有,
竹北市,房地(土地+建物),新竹縣竹北市勝利七街一段１６２號三樓,9.8,商,,,1100702,土地1建物1車位0,三層,十二層,住宅大樓(11層含以上有電梯),商業用,鋼筋混凝土造,0930921,60.730000000000004,3,1,1,有,有,6450000,106208,,0.0,0,陽台外推；夾層；,RPWNMLTKQHGGFBJ86DA,33.24,0.0,8.1,有,0296
新埔鎮,土地,文山段137地號,396.7,,特定農業區,農牧用地,1100728,土地1建物0車位0,,,其他,,,,0.0,0,0,0,有,無,5000000,12604,,0.0,0,含租約；,RPQQMLNJQHGGFBJ48DA,0.0,0.0,0.0,無,0297
竹北市,房地(土地+建物)+車位,新竹縣竹北市光明六路東二段３７３號十六樓,56.74,住,,,1100724,土地1建物1車位2,十六層,二十四層,住宅大樓(11層含以上有電梯),住家用,鋼筋混凝土造、鋼骨鋼筋混凝土造,1070809,381.25,3,2,3,有,有,54200000,159019,坡道平面,62.42,3500000,,RPVPMLQLPHGGFBJ66DA,173.17,16.97,23.6,有,
竹北市,房地(土地+建物)+車位,新竹縣竹北市光明六路東二段３７３號十三樓,56.25,住,,,1100707,土地1建物1車位2,十三層,二十四層,住宅大樓(11層含以上有電梯),住家用,鋼筋混凝土造、鋼骨鋼筋混凝土造,1070809,378.6,3,2,3,有,有,51650000,152919,坡道平面,62.42,3300000,,RPTQMLOKPHGGFBJ88DA,171.77,15.23,24.92,有,
關西鎮,房地(土地+建物),新竹縣關西鎮十六張１７１號,153.46,農,,,1100709,土地1建物1車位0,全,二層,透天厝,住家用,加強磚造,,141.5,5,3,2,有,無,2200000,15548,,0.0,0,親友、員工、共有人或其他特殊關係間之交易；,RPTNMLOKPHGGFBJ58DA,141.5,0.0,0.0,無,
竹北市,土地,中興段10地號,201.0,都市：其他:道路用地,,,1100706,土地2建物0車位0,,,其他,,,,0.0,0,0,0,有,無,21711318,108017,,0.0,0,包含公共設施保留地用地；,RPUOMLNKPHGGFBJ68DA,0.0,0.0,0.0,無,0068
竹北市,房地(土地+建物),新竹縣竹北市復興五街１８號,75.68,住,,,1100712,土地1建物1車位0,全,四層,透天厝,住家用,鋼筋混凝土造,0930823,211.32,5,2,4,有,無,22500000,106474,,0.0,0,1樓、2樓、3樓陽台外推,RPQPMLNLPHGGFBJ48DA,166.43,21.74,23.15,無,
竹北市,房地(土地+建物)+車位,新竹縣竹北市隘口六街１５９號六樓之八,19.82,住,,,1100713,土地1建物1車位1,六層,九層,華廈(10層含以下有電梯),住家用,鋼筋混凝土造,0961228,125.82000000000001,2,2,1,有,有,10980000,87268,坡道平面,39.56,0,,RPTPMLKLPHGGFBJ48DA,56.54,1.47,3.27,有,0299
竹北市,房地(土地+建物),新竹縣竹北市嘉興路２７７巷２９號,14.0,住,,,1100719,土地1建物1車位0,一層,八層,華廈(10層含以下有電梯),住家用,鋼筋混凝土造,0850821,96.89,2,1,1,有,有,5200000,53669,,0.0,0,,RPROMLTKQHGGFBJ09DA,49.11,4.64,0.0,有,0300
竹北市,房地(土地+建物)+車位,新竹縣竹北市興隆路一段５３９號二十一樓,65.32,住,,,1100723,土地1建物1車位2,二十一層,二十四層,住宅大樓(11層含以上有電梯),住家用,鋼筋混凝土造,1011030,374.12,3,2,3,有,有,38000000,101572,坡道平面,0.0,4000000,,RPVPMLQKQHGGFBJ66DA,183.15,18.23,21.91,有,0301
竹北市,房地(土地+建物),新竹縣竹北市鳳岡路五段６４２巷１７弄２號,60.87,,鄉村區,乙種建築用地,1100722,土地3建物1車位0,全,四層,透天厝,住家用,鋼筋混凝土造,1070130,139.79,3,1,3,有,有,7200000,51506,,0.0,0,,RPXNMLSKQHGGFBJ86DA,138.71,0.89,0.0,無,0302
竹北市,房地(土地+建物)+車位,新竹縣竹北市勝利十一路１０６號十五樓,13.08,商,,,1100705,土地1建物1車位1,十五層,二十一層,住宅大樓(11層含以上有電梯),住家用,鋼筋混凝土造,1050921,159.01999999999998,3,2,2,有,有,16300000,102503,坡道平面,29.83,0,,RPRPMLRKQHGGFBJ98DA,74.25,0.01,8.49,有,0303
湖口鄉,房地(土地+建物),新竹縣湖口鄉明德街２２９巷１１弄９號七樓,14.55,住,,,1100727,土地1建物1車位0,七層,九層,華廈(10層含以下有電梯),住家用,鋼筋混凝土造,0840313,119.84,3,2,2,有,有,3000000,25033,,0.0,0,,RPTNMLQJQHGGFDJ98DA,66.49,0.54,6.57,有,
竹東鎮,房地(土地+建物),新竹縣竹東鎮公園路１５２號三樓之３,12.0,住,,,1100720,土地1建物1車位0,三層,七層,華廈(10層含以下有電梯),住家用,鋼筋混凝土造,0890401,61.63,1,1,1,有,有,1490000,24177,,0.0,0,,RPTNMLLKQHGGFCJ48DA,42.23,0.0,6.86,有,
竹東鎮,房地(土地+建物)+車位,新竹縣竹東鎮竹中路５１巷１３弄１８號五樓,24.34,都市：其他:住二,,,1100727,土地2建物1車位1,五層,六層,華廈(10層含以下有電梯),住家用,鋼筋混凝土造,1031118,95.91,2,2,1,有,有,8400000,87582,坡道機械,0.0,0,,RPRNMLSLPHGGFCJ98DA,47.79,1.64,7.41,有,0304
寶山鄉,土地,龍居段301地號,2500.0,,山坡地保育區,農牧用地,1100706,土地1建物0車位0,,,其他,,,,0.0,0,0,0,有,無,10580000,4232,,0.0,0,,RPPNMLLMPHGGFCJ18DA,0.0,0.0,0.0,無,
竹東鎮,房地(土地+建物)+車位,新竹縣竹東鎮三重一路５４號五樓,24.52,都市：其他:住一,,,1100717,土地2建物1車位1,五層,六層,華廈(10層含以下有電梯),住家用,鋼筋混凝土造,0820106,120.13999999999999,3,2,2,有,有,4000000,33294,坡道平面,0.0,0,,RPPNMLQKQHGGFCJ58DA,73.45,0.51,5.61,有,
橫山鄉,土地,豐鄉段1184-3地號,1033.51,,山坡地保育區,林業用地,1100729,土地6建物0車位0,,,其他,,,,0.0,0,0,0,有,無,4800000,4644,,0.0,0,買賣總價款含土地改良費用環境綠美化工程費用未登記建物；農作物；,RPTNMLTKQHGGFCJ66DA,0.0,0.0,0.0,無,
竹東鎮,房地(土地+建物)+車位,新竹縣竹東鎮北興路三段２４７之６號十三樓,32.01,住,,,1100709,土地1建物1車位1,十三層,十三層,住宅大樓(11層含以上有電梯),住家用,鋼筋混凝土造,1041019,189.26,3,2,2,有,有,10300000,54422,坡道平面,32.22,0,,RPUNMLTKQHGGFCJ76DA,93.86,0.0,11.52,有,0305
竹北市,土地,新國段450地號,83.08,都市：其他:道路用地,,,1100726,土地1建物0車位0,,,其他,,,,0.0,0,0,0,有,無,5568036,67020,,0.0,0,包含公共設施保留地用地；,RPSOMLTKQHGGFBJ66EA,0.0,0.0,0.0,無,
竹北市,土地,新國段780-1地號,196.1,都市：其他:道路用地,,,1100726,土地3建物0車位0,,,其他,,,,0.0,0,0,0,有,無,10887528,55520,,0.0,0,包含公共設施保留地用地；,SPSOMLTKQHGGFBJ76EA,0.0,0.0,0.0,無,0306
竹北市,土地,嘉興段66地號,21.2,都市：其他:道路用地,,,1100726,土地2建物0車位0,,,其他,,,,0.0,0,0,0,有,無,1999435,94313,,0.0,0,包含公共設施保留地用地；,TPSOMLTKQHGGFBJ86EA,0.0,0.0,0.0,無,
竹北市,房地(土地+建物),新竹縣竹北市光明九路６６號四樓之三,4.77,商,,,1100727,土地1建物1車位0,四層,九層,套房(1房1廳1衛),商業用,鋼筋混凝土造,0931115,29.79,1,1,1,有,有,2650000,88956,,0.0,0,,RPOOMLKLQHGGFBJ08EA,19.94,0.0,0.0,有,
竹北市,房地(土地+建物)+車位,新竹縣竹北市光明十一路１巷５０弄１８號十三樓,16.07,商,,,1100710,土地1建物1車位1,十三層,十四層,住宅大樓(11層含以上有電梯),住家用,鋼筋混凝土造,1041204,136.0,2,2,1,有,有,11580000,85147,坡道平面,34.05,0,,RPXNMLQKQHGGFBJ76EA,61.06,0.0,7.84,有,0307
新豐鄉,房地(土地+建物),新竹縣新豐鄉青埔子１１６之２０號,66.38,,特定農業區,甲種建築用地,1100718,土地5建物1車位0,全,四層,透天厝,住家用,鋼筋混凝土造,0840516,137.3,4,1,2,有,無,2080000,15149,,0.0,0,親友、員工、共有人或其他特殊關係間之交易；,RPQNMLTKQHGGFDJ09DA,123.95,8.01,5.34,無,0308
新豐鄉,房地(土地+建物),新竹縣新豐鄉埔頂２７５之１８號,84.56,,特定農業區,甲種建築用地,1100721,土地2建物1車位0,全,四層,透天厝,住家用,鋼筋混凝土造,1100318,170.21,4,2,5,有,無,6000000,35251,,0.0,0,,RPRNMLTKQHGGFDJ56DA,166.39,0.0,3.82,無,
湖口鄉,房地(土地+建物),新竹縣湖口鄉民生街４１２巷１５號,97.0,住,,,1100716,土地2建物1車位0,全,二層,透天厝,住家用,加強磚造,0770808,133.12,4,2,2,有,無,6800000,51082,,0.0,0,其他增建；,RPTNMLTKQHGGFDJ76DA,108.0,14.99,10.13,無,
湖口鄉,房地(土地+建物),新竹縣湖口鄉民享街１０號四樓之２,10.98,,工業區,丁種建築用地,1100730,土地1建物1車位0,四層,五層,華廈(10層含以下有電梯),住家用,鋼筋混凝土造,1000905,66.1,3,0,3,有,有,3130000,47352,,0.0,0,,RPVNMLTKQHGGFDJ96DA,40.86,7.94,5.88,有,0309
竹北市,房地(土地+建物)+車位,新竹縣竹北市成功八路１８８號十七樓之二,20.54,商,,,1100711,土地1建物1車位2,十七層,十九層,住宅大樓(11層含以上有電梯),住家用,鋼筋混凝土造,1031009,253.22000000000003,3,2,2,有,有,25880000,102204,坡道平面,62.68,0,,RPROMLKLQHGGFBJ38EA,112.04,11.74,6.02,有,0310
竹北市,房地(土地+建物)+車位,新竹縣竹北市文化街１６巷８號十一樓,25.91,住,,,1100727,土地1建物1車位1,十一層,十三層,住宅大樓(11層含以上有電梯),住家用,鋼筋混凝土造,0940616,154.65,3,2,2,有,有,12500000,80833,坡道平面,0.0,0,陽台外推；,RPSOMLKLQHGGFBJ48EA,79.59,3.87,8.41,有,
竹東鎮,房地(土地+建物),新竹縣竹東鎮北興路三段５８０巷１３號三樓,13.72,住,,,1100711,土地1建物1車位0,三層,十二層,住宅大樓(11層含以上有電梯),住家用,鋼筋混凝土造,0961224,115.25,3,2,2,有,有,5000000,43384,,0.0,0,,RPRNMLKLQHGGFCJ38EA,74.6,0.0,7.02,有,0311
北埔鄉,土地,湖西段514-10地號,2585.02,,山坡地保育區,農牧用地,1100730,土地1建物0車位0,,,其他,,,,0.0,0,0,0,有,無,2800000,1083,,0.0,0,,RPQNMLRKQHGGFCJ88EA,0.0,0.0,0.0,無,
竹東鎮,房地(土地+建物),新竹縣竹東鎮杞林路５５號,148.0,住,,,1100705,土地2建物1車位0,全,五層,透天厝,住商用,鋼筋混凝土造,0710123,490.1,8,2,5,有,無,16880000,34442,,0.0,0,其他增建；,RPOOMLKLQHGGFCJ18EA,490.1,0.0,0.0,無,0312
竹東鎮,房地(土地+建物)+車位,新竹縣竹東鎮世界街７１巷２２號四樓,31.06,住,,,1100718,土地3建物1車位1,四層,四層,公寓(5樓含以下無電梯),住家用,鋼筋混凝土造,0851231,130.49,4,2,2,有,有,2900000,22224,坡道平面,24.18,0,夾層；,RPPOMLKLQHGGFCJ28EA,69.37,0.33,10.7,無,
竹東鎮,房地(土地+建物),新竹縣竹東鎮和江街１５６巷１４號四樓,11.9,商,,,1100715,土地2建物1車位0,四層,九層,華廈(10層含以下有電梯),住家用,鋼筋混凝土造,0850506,86.61999999999999,3,2,1,有,有,3300000,38097,,0.0,0,,RPRNMLNLQHGGFCJ68EA,61.18,2.53,7.86,有,
芎林鄉,房地(土地+建物)+車位,新竹縣芎林鄉文山路１０００巷１５號,33.73,,特定農業區,甲種建築用地,1100723,土地1建物1車位1,一層,五層,公寓(5樓含以下無電梯),住家用,鋼筋混凝土造,0830401,112.44,3,2,1,有,有,2500000,22234,升降機械,0.0,0,親友、員工、共有人或其他特殊關係間之交易；,RPSOMLKLQHGGFCJ48DA,67.48,6.32,0.0,無,0313
竹東鎮,土地,志學段714地號,61.59,都市：其他:住一,,,1100729,土地2建物0車位0,,,其他,,,,0.0,0,0,0,有,無,1040000,16886,,0.0,0,親友、員工、共有人或其他特殊關係間之交易；未登記建物；,RPVOMLKLQHGGFCJ78DA,0.0,0.0,0.0,無,0314
竹東鎮,房地(土地+建物),新竹縣竹東鎮頭重埔４８號之２１,65.17,,特定農業區,甲種建築用地,1100710,土地3建物1車位0,全,三層,透天厝,住家用,鋼筋混凝土造,0870313,182.95,4,2,5,有,有,6350000,34709,,0.0,0,陽台外推；,RPPNMLRKQHGGFCJ68DA,156.62,5.07,4.91,無,
竹東鎮,土地,資源段1713地號,47.0,住,,,1100721,土地2建物0車位0,,,其他,,,,0.0,0,0,0,有,無,3900000,82979,,0.0,0,含土地增值稅或其他稅費；含仲介費；含地政士服務費；,RPSNMLMKQHGGFCJ48DA,0.0,0.0,0.0,無,0315
竹東鎮,房地(土地+建物)+車位,新竹縣竹東鎮竹中路５１巷１３弄８號三樓,24.34,都市：其他:住二,,,1100712,土地2建物1車位1,三層,六層,華廈(10層含以下有電梯),住家用,鋼筋混凝土造,1031118,99.99000000000001,3,2,2,有,有,8620000,86209,坡道機械,0.0,0,,RPPNMLSKPHGGFCJ68DA,57.81,0.0,1.5,有,0316
竹北市,土地,興崙段275地號,173.25,農,,,1100722,土地2建物0車位0,,,其他,,,,0.0,0,0,0,有,無,6288000,36294,,0.0,0,農作物；,RPQOMLTJQHGGFBJ88DA,0.0,0.0,0.0,無,
竹北市,房地(土地+建物)+車位,新竹縣竹北市新光一街６６號二樓,25.01,住,,,1100721,土地1建物1車位1,二層,十三層,住宅大樓(11層含以上有電梯),住家用,鋼筋混凝土造,1030826,161.92000000000002,3,2,2,有,有,11100000,68552,坡道平面,36.61,0,,RPROMLMKQHGGFBJ38DA,74.13,6.2,5.09,有,0317
竹北市,房地(土地+建物)+車位,新竹縣竹北市莊敬五街４３號二樓,11.1,商,,,1100721,土地1建物1車位1,二層,十五層,住宅大樓(11層含以上有電梯),住家用,鋼筋混凝土造,0940923,132.60999999999999,2,2,2,有,有,11200000,84465,坡道平面,0.0,0,,RPXNMLKLQHGGFBJ78DA,52.83,3.13,20.61,有,
竹北市,土地,縣福段417地號,134.99,住,,,1100710,土地1建物0車位0,,,其他,,,,0.0,0,0,0,有,無,16560000,122676,,0.0,0,含土地增值稅或其他稅費；含仲介費；含地政士服務費；,RPQNMLNLQHGGFBJ38DA,0.0,0.0,0.0,無,
竹北市,車位,新竹縣竹北市嘉豐六路二段８５號,1.55,住,,,1100715,土地1建物1車位1,一層,十四層,其他,商業用,鋼筋混凝土造,0980106,31.330000000000002,0,0,0,有,有,600000,,坡道平面,31.33,600000,僅車位交易；,RPXOMLQKPHGGFBJ66DA,0.0,0.0,0.0,有,0318
竹北市,房地(土地+建物),新竹縣竹北市光明九路１０之９號十三樓,12.58,商,,,1100712,土地1建物1車位0,十三層,十四層,住宅大樓(11層含以上有電梯),住家用,鋼筋混凝土造,0941107,130.74,3,2,2,有,有,9400000,71893,,0.0,0,,RPTNMLMLPHGGFBJ48DA,77.41,2.79,6.48,有,
竹北市,車位,新竹縣竹北市嘉豐六路二段８５號,1.55,住,,,1100723,土地1建物1車位1,一層,十四層,其他,商業用,鋼筋混凝土造,0980106,31.330000000000002,0,0,0,有,有,480000,,坡道平面,31.33,480000,僅車位交易；,RPQPMLQLPHGGFBJ78DA,0.0,0.0,0.0,有,0318
竹北市,車位,新竹縣竹北市六家五路二段２１０號,2.1,住,,,1100712,土地1建物1車位1,一層,二十四層,其他,商業用,鋼筋混凝土造,1010328,31.669999999999998,0,0,0,有,有,700000,,坡道平面,31.67,700000,僅車位交易；,RPRPMLQLPHGGFBJ88DA,0.0,0.0,0.0,有,0073
竹北市,土地,竹北段551地號,12.0,住,,,1100707,土地1建物0車位0,,,其他,,,,0.0,0,0,0,有,無,726000,60500,,0.0,0,畸零地或有合併使用效益；,RPSNMLTJPHGGFBJ88DA,0.0,0.0,0.0,無,
竹北市,房地(土地+建物)+車位,新竹縣竹北市興隆路五段２６３號,25.78,住,,,1100722,土地1建物1車位3,一層，見其他登記事項,十四層,住宅大樓(11層含以上有電梯),商業用,鋼筋混凝土造,1070613,232.69,0,0,2,有,有,16300000,70050,坡道平面,104.37,0,,RPOOMLLLPHGGFBJ97DA,76.45,0.0,12.99,有,
竹北市,房地(土地+建物)+車位,新竹縣竹北市六家五路一段２１９號三樓,16.37,商,,,1100725,土地1建物1車位1,三層,十四層,住宅大樓(11層含以上有電梯),住家用,鋼筋混凝土造,1030127,119.42999999999999,2,2,2,有,有,10900000,91267,坡道機械,0.0,0,,RPTOMLOJQHGGFBJ68DA,63.6,3.18,2.82,有,0321
竹北市,房地(土地+建物)+車位,新竹縣竹北市新光一街５０號四樓,28.21,住,,,1100720,土地1建物1車位1,四層,十三層,住宅大樓(11層含以上有電梯),住家用,鋼筋混凝土造,1030826,189.49,4,2,2,有,有,14680000,77471,坡道平面,36.61,0,陽台外推；,RPSPMLKLQHGGFBJ48DA,83.85,9.15,11.23,有,0322
新埔鎮,房地(土地+建物),新竹縣新埔鎮文山路頭山段７６３巷６號,2199.87,,山坡地保育區,農牧用地,1100710,土地5建物1車位0,一層，二層，三層，屋頂突出物,三層,農舍,農業用,鋼筋混凝土造,1031116,288.89,4,2,4,有,有,27500000,,,0.0,0,其他增建；,RPOOMLRKQHGGFBJ58DA,274.88,2.73,11.28,無,
竹北市,土地,興崙段828-4地號,301.0,都市：其他:道路用地,,,1100722,土地1建物0車位0,,,其他,,,,0.0,0,0,0,有,無,17530240,58240,,0.0,0,包含公共設施保留地用地；,RPVPMLSKQHGGFBJ86DA,0.0,0.0,0.0,無,
竹北市,房地(土地+建物)+車位,新竹縣竹北市勝利八街一段２３１號二十七樓之六,9.38,商,,,1100724,土地1建物1車位1,二十七層,二十七層,住宅大樓(11層含以上有電梯),住家用,鋼筋混凝土造,1050608,125.03,3,2,2,有,有,13660000,109254,坡道平面,29.81,0,,RPQPMLSKQHGGFBJ98DA,56.55,1.39,6.53,有,0323
竹北市,房地(土地+建物)+車位,新竹縣竹北市隘口三街５８號四樓,39.08,住,,,1100731,土地1建物1車位1,四層,十三層,住宅大樓(11層含以上有電梯),住家用,鋼筋混凝土造,1050512,243.42,3,2,2,有,有,17600000,72303,坡道平面,0.0,0,,RPQPMLNLQHGGFBJ58DA,106.52,10.88,15.95,有,0324
竹北市,土地,府前段175地號,67.12,住,,,1100702,土地1建物0車位0,,,其他,,,,0.0,0,0,0,有,無,4500000,67044,,0.0,0,,RPUOMLOLQHGGFBJ98DA,0.0,0.0,0.0,無,0325
竹北市,土地,溪洲段396地號,1500.0,,特定農業區,農牧用地,1100731,土地1建物0車位0,,,其他,,,,0.0,0,0,0,有,無,20200000,13467,,0.0,0,,RPQPMLOLQHGGFBJ68DA,0.0,0.0,0.0,無,
竹東鎮,房地(土地+建物)+車位,新竹縣竹東鎮北興路一段５６０巷９號十樓,16.36,住,,,1100723,土地1建物1車位1,十層,十層,華廈(10層含以下有電梯),辦公用,鋼筋混凝土造,0991231,95.39,3,2,2,有,有,6100000,63948,坡道平面,32.72,0,,RPQNMLMJQHGGFCJ18DA,39.31,2.53,3.26,有,
橫山鄉,土地,田寮段1197-15地號,1177.75,,山坡地保育區,農牧用地,1100728,土地2建物0車位0,,,其他,,,,0.0,0,0,0,有,無,1000000,849,,0.0,0,,RPUNMLOLQHGGFCJ98DA,0.0,0.0,0.0,無,
竹東鎮,房地(土地+建物),新竹縣竹東鎮仁愛路４１９巷１弄７號,72.0,住,,,1100725,土地1建物1車位0,全,三層,透天厝,住家用,鋼筋混凝土造,,193.98,5,2,3,有,無,7800000,40210,,0.0,0,其他增建；,RPSNMLNLQHGGFCJ78EA,193.98,0.0,0.0,無,
竹東鎮,房地(土地+建物),新竹縣竹東鎮和江街１５６巷８號五樓,13.15,商,,,1100705,土地2建物1車位0,五層,八層,華廈(10層含以下有電梯),住家用,鋼筋混凝土造,0850506,98.15,3,1,1,有,有,3000000,30565,,0.0,0,親友、員工、共有人或其他特殊關係間之交易；,RPSNMLKLQHGGFCJ48EA,60.76,0.0,7.38,有,
芎林鄉,土地,竹林段137-2地號,1049.8,,特定農業區,農牧用地,1100713,土地1建物0車位0,,,其他,,,,0.0,0,0,0,有,無,12000000,11431,,0.0,0,,RPWNMLSKQHGGFCJ96EA,0.0,0.0,0.0,無,
竹北市,房地(土地+建物)+車位,新竹縣竹北市文平路２８６號九樓,46.86,住,,,1100715,土地1建物1車位2,九層,十層,華廈(10層含以下有電梯),住家用,鋼筋混凝土造,0940527,282.38,4,2,2,有,有,26000000,105984,坡道平面,63.48,2800000,,RPOPMLNLQHGGFBJ48EA,140.9,11.37,12.0,有,
竹北市,房地(土地+建物)+車位,新竹縣竹北市福興東路二段１２３號四樓之一,28.3,住,,,1100724,土地1建物1車位1,四層,十五層,住宅大樓(11層含以上有電梯),住家用,鋼筋混凝土造,1061020,193.76999999999998,3,2,2,有,有,22000000,113537,坡道平面,39.59,0,,RPPPMLNLQHGGFBJ58EA,92.66,6.39,4.97,有,0326
新豐鄉,土地,福興段後湖子小段1989地號,1536.0,,特定農業區,農牧用地,1100705,土地2建物0車位0,,,其他,,,,0.0,0,0,0,有,無,4880000,3177,,0.0,0,,RPXNMLSKQHGGFDJ07DA,0.0,0.0,0.0,無,0327
新豐鄉,土地,池和段903-20地號,134.8,,鄉村區,乙種建築用地,1100730,土地3建物0車位0,,,其他,,,,0.0,0,0,0,有,無,856300,6352,,0.0,0,親友、員工、共有人或其他特殊關係間之交易；,RPROMLSKQHGGFDJ56DA,0.0,0.0,0.0,無,
新豐鄉,房地(土地+建物),新竹縣新豐鄉中崙３２７之２０號七樓,30.79,,特定農業區,甲種建築用地,1100708,土地1建物1車位0,七層,七層,華廈(10層含以下有電梯),住家用,鋼筋混凝土造,0860804,102.5,3,1,2,有,有,3160000,30829,,0.0,0,,RPWTMLKLQHGGFDJ86DA,69.91,0.0,10.12,有,0328
新豐鄉,土地,新豐段762地號,2277.0,,特定農業區,農牧用地,1100722,土地1建物0車位0,,,其他,,,,0.0,0,0,0,有,無,6147900,2700,,0.0,0,,RPRTMLKLQHGGFDJ98DA,0.0,0.0,0.0,無,
新豐鄉,房地(土地+建物),新竹縣新豐鄉崁頭１１６之８號,109.73,,特定農業區,甲種建築用地,1100731,土地2建物1車位0,全,三層,透天厝,住家用,鋼筋混凝土造,1040601,173.79,4,2,3,有,無,7100000,40854,,0.0,0,,RPRTMLTJQHGGFDJ07DA,146.68,0.0,27.11,無,0329
新豐鄉,房地(土地+建物),新竹縣新豐鄉坑子口４５８之１５號,227.0,,特定農業區,農牧用地,1100705,土地4建物1車位0,全,四層,透天厝,住家用,鋼筋混凝土造,1100622,164.24,4,2,3,有,有,8100000,49318,,0.0,0,預售屋、或土地及建物分件登記案件；,RPUNMLPKQHGGFDJ09DA,158.75,0.0,5.49,無,
湖口鄉,土地,湖南段1886地號,941.0,,特定農業區,農牧用地,1100714,土地2建物0車位0,,,其他,,,,0.0,0,0,0,有,無,4150000,4410,,0.0,0,,RPXNMLNLQHGGFDJ66DA,0.0,0.0,0.0,無,0330
湖口鄉,房地(土地+建物),新竹縣湖口鄉達生六街１３號,88.8,都市：其他:住(一),,,1100714,土地1建物1車位0,全,四層,透天厝,住家用,鋼筋混凝土造,1050620,200.71,5,2,3,有,無,13800000,68756,,0.0,0,,RPVNMLOLQHGGFDJ56DA,165.43,7.58,27.7,無,0331
湖口鄉,土地,北安段253-142地號,1186.88,,一般農業區,農牧用地,1100719,土地1建物0車位0,,,其他,,,,0.0,0,0,0,有,無,4110614,3463,,0.0,0,,RPOPMLTKQHGGFDJ09DA,0.0,0.0,0.0,無,0332
竹北市,房地(土地+建物),新竹縣竹北市長青路一段１０８巷６２弄３５號二樓,64.54,,特定農業區,農牧用地,1100711,土地4建物1車位0,二層,五層,華廈(10層含以下有電梯),住家用,鋼筋混凝土造,1100407,82.64,2,2,1,有,有,6150000,74419,,0.0,0,,RPWNMLQKQHGGFBJ66EA,58.53,0.0,5.05,有,0333
湖口鄉,房地(土地+建物),新竹縣湖口鄉仁樂路２３號,24.65,,工業區,丁種建築用地,1100703,土地1建物1車位0,一層，夾層,五層,公寓(5樓含以下無電梯),住家用,鋼筋混凝土造,0970315,96.71000000000001,3,1,2,有,有,12300000,127184,,0.0,0,其他增建；,RPPNMLPLQHGGFDJ78EA,86.09,0.0,5.64,無,0334
橫山鄉,土地,沙坑貳段208地號,2188.32,,山坡地保育區,農牧用地,1100724,土地1建物0車位0,,,其他,,,,0.0,0,0,0,有,無,4250000,1942,,0.0,0,,RPPNMLPLQHGGFCJ68EA,0.0,0.0,0.0,無,
橫山鄉,土地,沙坑貳段211地號,970.1,,山坡地保育區,農牧用地,1100722,土地1建物0車位0,,,其他,,,,0.0,0,0,0,有,無,3050000,3144,,0.0,0,,RPQNMLPLQHGGFCJ78EA,0.0,0.0,0.0,無,0335
竹東鎮,房地(土地+建物)+車位,新竹縣竹東鎮龍鳳路１８之１號十五樓,16.61,商,,,1100729,土地1建物1車位1,十五層,十五層,住宅大樓(11層含以上有電梯),住家用,鋼筋混凝土造,1100317,122.35,2,2,1,有,有,7450000,60891,坡道平面,30.57,0,,RPOOMLNLQHGGFCJ38DA,57.82,0.0,4.25,有,0336
竹東鎮,房地(土地+建物),新竹縣竹東鎮北興路三段１６巷６號,83.42,住,,,1100701,土地2建物1車位0,全,三層,透天厝,住家用,鋼筋混凝土造,1040501,254.54999999999998,4,2,5,有,無,13800000,54213,,0.0,0,其他增建；,RPQOMLQJQHGGFCJ68DA,230.16,0.0,4.54,無,0337
竹北市,房地(土地+建物),新竹縣竹北市光明九路７６號四樓之七,5.53,商,,,1100715,土地1建物1車位0,四層,十層,套房(1房1廳1衛),商業用,鋼筋混凝土造,0940603,36.87,1,1,1,有,有,3500000,94928,,0.0,0,,RPQOMLMKQHGGFBJ28DA,23.0,0.52,1.27,有,
竹北市,房地(土地+建物)+車位,新竹縣竹北市東興路一段３９８號七樓之五,22.94,住,,,1100717,土地1建物1車位1,七層,十四層,住宅大樓(11層含以上有電梯),住家用,鋼筋混凝土造,1050606,137.73,2,2,1,有,有,14380000,104407,坡道平面,28.76,0,,RPSOMLOLQHGGFBJ78DA,63.81,1.54,8.75,有,0338
竹北市,房地(土地+建物)+車位,新竹縣竹北市光明六路東二段２８３號十樓,34.47,住,,,1100728,土地1建物1車位1,十層,十三層,住宅大樓(11層含以上有電梯),住家用,ＲＣ造１３樓基礎,1060626,231.32,2,2,1,有,有,22200000,111189,坡道平面,44.7,1450000,本案內含獎勵停車位持分1/33。車位交易總額為145萬元整（土地款為新台幣84萬1000元整，建物款為新台幣60萬9000元整）。,RPPOMLSKQHGGFBJ78DA,80.52,3.29,10.48,有,
竹北市,土地,省道段1436地號,16.77,都市：其他:道路用地,,,1100722,土地1建物0車位0,,,其他,,,,0.0,0,0,0,有,無,1620334,96621,,0.0,0,包含公共設施保留地用地；,RPWOMLNLQHGGFBJ09DA,0.0,0.0,0.0,無,0339
竹北市,房地(土地+建物)+車位,新竹縣竹北市復興三路一段１９７號九樓之二,45.81,住,,,1100711,土地1建物1車位1,九層,二十二層,住宅大樓(11層含以上有電梯),住家用,鋼筋混凝土造,1071121,318.52,4,2,3,有,無,38860000,128872,坡道平面,28.62,1500000,,RPVNMLKLPHGGFBJ48DA,166.0,0.0,24.34,有,
竹北市,房地(土地+建物)+車位,新竹縣竹北市中和街１９巷６號五樓,19.9,住,,,1100711,土地1建物1車位1,五層,十層,華廈(10層含以下有電梯),住家用,鋼筋混凝土造,0980728,117.42999999999999,2,2,2,有,有,7000000,59610,坡道機械,0.0,0,陽台外推；,RPOSMLOKPHGGFBJ58DA,56.8,6.85,4.37,有,
新埔鎮,房地(土地+建物),新竹縣新埔鎮義民路三段６９２號,773.76,,山坡地保育區,農牧用地,1100719,土地2建物1車位0,一層，二層，屋頂突出物,二層,農舍,農業用,鋼筋混凝土造,0931104,147.37,5,2,3,有,無,27000000,,,0.0,0,其他增建；,RPVNMLMLPHGGFBJ68DA,147.37,0.0,0.0,無,
竹北市,房地(土地+建物),新竹縣竹北市新民街３３號五樓,16.23,住,,,1100724,土地1建物1車位0,五層,五層,華廈(10層含以下有電梯),住家用,鋼筋混凝土造,0841116,71.38,2,2,2,有,有,4820000,67526,,0.0,0,其他增建；,RPUNMLSLPHGGFBJ56DA,50.82,0.0,7.01,有,
竹北市,房地(土地+建物),新竹縣竹北市福興東路二段３６巷２８號,112.33,住,,,1100727,土地1建物1車位0,全,二層,透天厝,住家用,加強磚造,,140.72,5,1,2,有,無,19150000,136086,,0.0,0,,RPSOMLNLQHGGFBJ68DA,140.72,0.0,0.0,無,
竹北市,房地(土地+建物)+車位,新竹縣竹北市六家一路一段１１６號七樓,33.84,住,,,1100710,土地1建物1車位2,七層,十層,華廈(10層含以下有電梯),住家用,鋼筋混凝土造,0930901,208.04,4,2,2,有,有,18000000,86522,坡道平面,0.0,0,陽台有遮雨窗其他增建；,RPWNMLOLQHGGFBJ09DA,101.04,0.0,8.16,有,
竹北市,房地(土地+建物)+車位,新竹縣竹北市福興一路９８號二十五樓,23.16,商,,,1100713,土地1建物1車位2,二十五層,二十七層,住宅大樓(11層含以上有電梯),住家用,鋼筋混凝土造,1031203,263.0,2,2,2,有,有,22000000,83650,坡道平面,60.0,0,,RPRNMLPLQHGGFBJ68DA,119.25,8.5,10.84,有,0340
竹北市,房地(土地+建物),新竹縣竹北市復興一街２５３號十樓之十七,5.38,商,,,1100725,土地1建物1車位0,十層,十六層,住宅大樓(11層含以上有電梯),商業用,鋼筋混凝土造,0970915,50.349999999999994,2,1,1,有,有,6800000,135055,,0.0,0,夾層；,RPTNMLPLQHGGFBJ88DA,28.6,0.66,4.14,有,
竹東鎮,土地,員崠段1292地號,1317.47,,山坡地保育區,林業用地,1100721,土地4建物0車位0,,,其他,,,,0.0,0,0,0,有,無,10700000,8122,,0.0,0,未登記建物；,RPPOMLTLPHGGFCJ98DA,0.0,0.0,0.0,無,0341
寶山鄉,土地,寶斗仁段寶斗仁小段392-40地號,2692.83,,山坡地保育區,農牧用地,1100723,土地3建物0車位0,,,其他,,,,0.0,0,0,0,有,無,7000000,2599,,0.0,0,未登記建物；,RPRNMLNKQHGGFCJ48DA,0.0,0.0,0.0,無,
竹東鎮,房地(土地+建物),新竹縣竹東鎮龍鳳路２０之１號四樓,17.04,商,,,1100724,土地1建物1車位0,四層,十五層,住宅大樓(11層含以上有電梯),住家用,鋼筋混凝土造,1100317,93.81,2,2,1,有,有,5500000,58629,,0.0,0,,RPXNMLNKQHGGFCJ09DA,59.45,0.0,3.84,有,0342
竹東鎮,土地,柯子湖段347-12地號,330.96,工,,,1100706,土地1建物0車位0,,,其他,,,,0.0,0,0,0,有,無,7250000,21906,,0.0,0,,RPQOMLNKQHGGFCJ48DA,0.0,0.0,0.0,無,0343
北埔鄉,土地,埔興段390地號,413.26,住,,,1100723,土地1建物0車位0,,,其他,,,,0.0,0,0,0,有,無,6100000,14761,,0.0,0,,RPWOMLKLQHGGFCJ88DA,0.0,0.0,0.0,無,
竹東鎮,房地(土地+建物),新竹縣竹東鎮北興路三段５１２號六樓,15.75,住,,,1100707,土地1建物1車位0,六層,九層,華廈(10層含以下有電梯),住家用,鋼筋混凝土造,0820925,103.63,3,2,2,有,有,3850000,37151,,0.0,0,其他增建；,RPQOMLTKPHGGFCJ98DA,68.42,0.0,9.03,有,0344
竹東鎮,房地(土地+建物)+車位,新竹縣竹東鎮北興路一段５６０巷１號四樓,20.75,住,,,1100725,土地1建物1車位1,四層,十層,華廈(10層含以下有電梯),辦公用,鋼筋混凝土造,0991231,112.75,3,2,2,有,有,7120000,63149,坡道平面,0.0,0,夾層；,RPRNMLPLQHGGFCJ88EA,49.62,4.79,3.14,有,
尖石鄉,土地,煤源段558-1地號,394.0,,山坡地保育區,交通用地,1100722,土地2建物0車位0,,,其他,,,,0.0,0,0,0,有,無,39400,100,,0.0,0,,RPVNMLRKQHGGFCJ76EA,0.0,0.0,0.0,無,
竹東鎮,房地(土地+建物)+車位,新竹縣竹東鎮北興路二段２１號八樓之８,17.06,住,,,1100720,土地1建物1車位1,八層,十層,華廈(10層含以下有電梯),住家用,鋼筋混凝土造,0870113,138.76,3,2,2,有,有,6600000,47564,坡道機械,0.0,0,,RPVNMLOLQHGGFCJ56EA,85.24,0.0,12.99,有,0345
竹北市,房地(土地+建物)+車位,新竹縣竹北市光明六路東二段３２１號十五樓,46.45,住,,,1100710,土地1建物1車位2,十五層,二十二層,住宅大樓(11層含以上有電梯),住家用,鋼筋混凝土造,1021107,310.69,4,2,3,有,有,31000000,99778,坡道平面,0.0,0,,RPUNMLOLQHGGFBJ98EA,151.38,3.57,14.93,有,0346
關西鎮,房地(土地+建物),新竹縣關西鎮中豐路一段３１２巷２０號,116.14,住,,,1100731,土地2建物1車位0,全,二層,透天厝,住家用,加強磚造,0700810,105.56,3,1,2,有,無,5900000,55892,,0.0,0,,RPSNMLPLQHGGFBJ88EA,105.56,0.0,0.0,無,
竹北市,房地(土地+建物)+車位,新竹縣竹北市光明九路８之２號十一樓,12.13,商,,,1100728,土地1建物1車位1,十一層,十四層,住宅大樓(11層含以上有電梯),住家用,鋼筋混凝土造,0941107,139.66,3,2,2,有,有,12500000,89503,坡道機械,0.0,0,,RPQOMLPLQHGGFBJ78EA,74.17,2.64,5.93,有,
湖口鄉,房地(土地+建物),新竹縣湖口鄉蘭州一街７０號二樓,21.69,,工業區,丁種建築用地,1100708,土地1建物1車位0,二層,五層,公寓(5樓含以下無電梯),住家用,鋼筋混凝土造,0850629,90.3,4,0,4,有,無,3500000,38760,,0.0,0,,RPQTMLKLQHGGFDJ88DA,74.38,0.0,8.42,無,0347
新豐鄉,房地(土地+建物),新竹縣新豐鄉坪頂三街１２號,66.31,,鄉村區,乙種建築用地,1100703,土地3建物1車位0,全,四層,透天厝,住家用,鋼筋混凝土造,1030910,224.23,4,2,4,有,有,11500000,51287,,0.0,0,陽台外推；,RPRNMLPLQHGGFDJ88DA,183.07,13.16,28.0,無,0348
湖口鄉,房地(土地+建物),新竹縣湖口鄉湖中路４５１巷２８弄１１號,1737.0,,特定農業區,農牧用地,1100723,土地1建物1車位0,全,三層,透天厝,農業用,鋼筋混凝土造,0920328,461.35,10,2,6,有,無,20250000,43893,,0.0,0,,RPTTMLTJQHGGFDJ27DA,416.5,17.85,27.0,無,
湖口鄉,土地,中義段663地號,236.92,都市：其他:住(一),,,1100729,土地1建物0車位0,,,其他,,,,0.0,0,0,0,有,無,16120000,68040,,0.0,0,,RPQTMLTJQHGGFDJ96DA,0.0,0.0,0.0,無,
湖口鄉,土地,中義段664地號,216.76,都市：其他:住(一),,,1100728,土地1建物0車位0,,,其他,,,,0.0,0,0,0,有,無,16390000,75614,,0.0,0,,RPOSMLTJQHGGFDJ66DA,0.0,0.0,0.0,無,0349
湖口鄉,房地(土地+建物),新竹縣湖口鄉中山一街１５１巷３號,77.26,都市：其他:住(一),,,1100723,土地2建物1車位0,全,四層,透天厝,住家用,鋼筋混凝土造,1090623,176.48,3,2,4,有,無,10920000,61877,,0.0,0,,RPOOMLPLQHGGFDJ68DA,167.93,0.0,8.55,無,
新豐鄉,房地(土地+建物),新竹縣新豐鄉泰安街３３巷３９號,156.83,住,,,1100728,土地3建物1車位0,全,二層,透天厝,住家用,鋼筋混凝土造,0810806,195.33,6,2,2,有,無,7500000,38397,,0.0,0,親友、員工、共有人或其他特殊關係間之交易；,RPUNMLOLQHGGFDJ09DA,174.96,9.64,10.73,無,
湖口鄉,房地(土地+建物),新竹縣湖口鄉新湖路１６巷１２號,114.94,住,,,1100713,土地2建物2車位0,全,二層,透天厝,住家用,加強磚造,,176.4,12,2,15,有,無,10000000,56689,,0.0,0,其他增建；未登記建物；,RPQNMLPLQHGGFDJ78DA,176.4,0.0,0.0,無,
湖口鄉,房地(土地+建物),新竹縣湖口鄉新生三路５９之１號,20.97,,工業區,丁種建築用地,1100709,土地1建物1車位0,一層，夾層,五層,公寓(5樓含以下無電梯),住家用,鋼筋混凝土造,0880910,79.96000000000001,3,2,2,有,無,6200000,77539,,0.0,0,夾層部分增建其他增建；,RPSNMLSKQHGGFDJ56DA,68.7,0.0,0.0,無,
竹北市,房地(土地+建物)+車位,新竹縣竹北市新泰路５３巷６號十二樓,17.53,商,,,1100724,土地1建物1車位1,十二層,十二層,住宅大樓(11層含以上有電梯),住家用,鋼筋混凝土造,0941116,145.34,3,2,2,有,有,9000000,61924,坡道平面,0.0,0,,RPOQMLQLQHGGFBJ88EA,78.74,3.06,9.13,有,
竹北市,房地(土地+建物)+車位,新竹縣竹北市勝利十一路９２號十六樓,9.55,商,,,1100725,土地1建物1車位1,十六層,二十一層,住宅大樓(11層含以上有電梯),住家用,鋼筋混凝土造,1050921,125.97999999999999,2,2,1,有,有,12500000,99222,坡道平面,29.83,0,,RPQQMLQLQHGGFBJ09EA,54.34,2.4,4.89,有,0350
竹北市,房地(土地+建物)+車位,新竹縣竹北市興隆路二段１０１號七樓,88.04,住,,,1100717,土地1建物1車位4,七層,二十五層,住宅大樓(11層含以上有電梯),住家用,鋼筋混凝土造,1020131,530.3,4,2,5,有,有,46000000,86743,坡道平面,94.92,0,車位序號3、4現況變更為一個坡道平面車位。,RPQOMLRLQHGGFBJ98EA,251.84,7.8,36.04,有,0351
竹東鎮,房地(土地+建物),新竹縣竹東鎮光武街８１巷１號,140.0,住,,,1100718,土地1建物1車位0,全,三層,透天厝,住家用,鋼筋混凝土造,0940615,249.4,7,2,5,有,無,11580000,46431,,0.0,0,,RPQNMLRLQHGGFCJ98EA,238.5,10.9,0.0,無,
寶山鄉,房地(土地+建物)+車位,新竹縣寶山鄉雙豐二街２５巷６號五樓,23.86,住,,,1100728,土地1建物1車位1,五層,六層,華廈(10層含以下有電梯),住家用,鋼筋混凝土造,0821117,101.07,2,2,2,有,有,4800000,47492,一樓平面,0.0,0,其他增建；,RPOOMLPLQHGGFCJ58DA,66.21,0.0,8.26,有,
竹東鎮,土地,陸豐段582-19地號,666.61,,特定農業區,農牧用地,1100724,土地3建物0車位0,,,其他,,,,0.0,0,0,0,有,無,5242000,7864,,0.0,0,未登記建物；,RPROMLPLQHGGFCJ88DA,0.0,0.0,0.0,無,
竹東鎮,房地(土地+建物)+車位,新竹縣竹東鎮幸福路１２１巷１５號七樓,13.24,住,,,1100710,土地1建物1車位1,七層,十三層,住宅大樓(11層含以上有電梯),住家用,鋼筋混凝土造,0840801,119.69,2,1,1,有,有,3800000,31751,坡道平面,0.0,0,其他增建；,RPPNMLPLPHGGFCJ48DA,60.58,0.0,4.52,有,
竹北市,房地(土地+建物)+車位,新竹縣竹北市社崙街２１號,28.08,住,,,1100718,土地1建物1車位1,一層，見其他登記事項,十五層,住宅大樓(11層含以上有電梯),住家用,鋼筋混凝土造,1030901,176.79,3,2,2,有,有,18680000,105662,坡道平面,30.78,0,夾層；其他增建；,RPTOMLQLQHGGFBJ09DA,80.73,5.26,14.75,有,0352
竹北市,房地(土地+建物)+車位,新竹縣竹北市復興三路二段８號十七樓,41.44,商,,,1100724,土地1建物1車位2,十七層,二十一層,住宅大樓(11層含以上有電梯),住家用,鋼筋混凝土造,1050111,372.07,4,2,3,有,有,49500000,133039,坡道平面,79.32,0,,RPSNMLQLQHGGFBJ88DA,181.57,0.0,14.02,有,0353
竹北市,房地(土地+建物)+車位,新竹縣竹北市六家七路８號十樓,35.83,住,,,1100725,土地1建物1車位2,十層,十二層,住宅大樓(11層含以上有電梯),住家用,鋼筋混凝土造,0950907,223.28000000000003,4,2,2,有,有,22550000,100994,坡道平面,0.0,0,陽台外推；,RPWNMLPLQHGGFBJ56DA,116.84,1.37,11.62,有,
竹北市,房地(土地+建物),新竹縣竹北市縣政十街６８號七樓之三,7.26,商,,,1100723,土地1建物1車位0,七層,八層,套房(1房1廳1衛),住家用,鋼筋混凝土造,0850130,44.35,1,1,1,有,無,3150000,71026,,0.0,0,,RPPPMLOLQHGGFBJ58DA,26.6,0.0,3.18,有,
竹北市,房地(土地+建物)+車位,新竹縣竹北市文興路１５３號八樓,57.13,商,,,1100729,土地1建物1車位3,八層,二十六層,住宅大樓(11層含以上有電梯),住家用,鋼筋混凝土造,1011228,568.6600000000001,4,2,3,有,有,61000000,107270,坡道平面,0.0,0,,RPQNMLPLQHGGFBJ58DA,288.2,17.95,25.65,有,0354
竹北市,房地(土地+建物),新竹縣竹北市和平街１８號七樓之九,2.85,商,,,1100722,土地1建物1車位0,七層,七層,套房(1房1廳1衛),商業用,鋼筋混凝土造,0861009,19.56,1,0,1,有,無,880000,44990,,0.0,0,,RPRNMLRLPHGGFBJ78DA,13.09,0.0,0.0,有,0355
竹北市,房地(土地+建物)+車位,新竹縣竹北市十興路二段１４０號四樓,23.57,住,,,1100725,土地1建物1車位1,四層,十四層,住宅大樓(11層含以上有電梯),住家用,鋼筋混凝土造,1080929,160.60000000000002,3,2,2,有,有,17000000,105853,坡道平面,28.86,0,,RPPNMLSLPHGGFBJ68DA,73.33,8.14,6.87,有,0356
竹北市,車位,新竹縣竹北市六家五路二段２０８號,2.66,住,,,1100730,土地1建物1車位1,一層,十五層,其他,商業用,鋼筋混凝土造,0980504,32.11,0,0,0,有,有,400000,,坡道平面,32.12,400000,僅車位交易；,RPOPMLOJQHGGFBJ28DA,0.0,0.0,0.0,有,0357
竹北市,房地(土地+建物)+車位,新竹縣竹北市環北路一段１０７巷２３號七樓,29.03,住,,,1100725,土地1建物1車位1,七層,十五層,住宅大樓(11層含以上有電梯),住家用,鋼筋混凝土造,1010827,184.71,3,2,2,有,有,14500000,78501,坡道平面,35.75,0,,RPVOMLNLQHGGFBJ98DA,85.18,10.92,7.35,有,0358
關西鎮,土地,老寮段191-2地號,832.16,,山坡地保育區,農牧用地,1100724,土地5建物0車位0,,,其他,,,,0.0,0,0,0,有,無,1500000,1803,,0.0,0,親友、員工、共有人或其他特殊關係間之交易；,RPPNMLMLQHGGFBJ18DA,0.0,0.0,0.0,無,
竹北市,房地(土地+建物)+車位,新竹縣竹北市福興一路２２號九樓之一,14.36,商,,,1100716,土地1建物1車位1,九層,十五層,住宅大樓(11層含以上有電梯),住家用,鋼筋混凝土造,0991120,153.29,3,2,2,有,有,12500000,81545,坡道平面,0.0,0,,RPQNMLRLQHGGFBJ78DA,77.61,3.09,5.15,有,0359
竹北市,房地(土地+建物)+車位,新竹縣竹北市興隆路一段６３３號二樓之一,15.79,住,,,1100712,土地1建物1車位1,二層,十五層,住宅大樓(11層含以上有電梯),住家用,鋼筋混凝土造,1071026,112.66,2,2,1,有,有,11400000,101189,坡道平面,33.03,0,,RPRNMLRLQHGGFBJ88DA,43.08,4.12,4.68,有,0360
竹北市,房地(土地+建物),新竹縣竹北市鳳岡路一段３９８巷２１弄３５號,74.53,,山坡地保育區,丙種建築用地,1100718,土地2建物1車位0,全,四層,透天厝,住家用,鋼筋混凝土造,0891123,138.41,4,2,3,有,有,6250000,45156,,0.0,0,頂樓加蓋；,RPSOMLRLQHGGFBJ09DA,125.72,2.27,10.42,無,
竹北市,房地(土地+建物)+車位,新竹縣竹北市北新一街６號四樓,10.86,商,,,1100712,土地1建物1車位1,四層,二十四層,住宅大樓(11層含以上有電梯),住家用,鋼筋混凝土造,1080416,125.03,2,2,1,有,有,10550000,84380,坡道平面,28.17,0,陽台加窗其他增建；,RPTOMLKMQHGGFBJ58DA,59.03,0.0,6.98,有,0361
竹北市,房地(土地+建物),新竹縣竹北市新興路２１號二樓,18.92,住,,,1100718,土地1建物1車位0,二層,八層,華廈(10層含以下有電梯),住家用,鋼筋混凝土造,0830730,105.19,3,2,2,有,有,5550000,52762,,0.0,0,,RPSOMLQKQHGGFBJ88DA,78.64,0.0,9.13,有,0362
湖口鄉,土地,下北勢段下北勢小段544-2地號,3193.0,,特定農業區,農牧用地,1100727,土地1建物0車位0,,,其他,,,,0.0,0,0,0,有,無,15260000,4779,,0.0,0,,RPQNMLTLPHGGFDJ09DA,0.0,0.0,0.0,無,0363
新豐鄉,土地,福興段員山子小段958-2地號,3225.0,,特定農業區,農牧用地,1100720,土地1建物0車位0,,,其他,,,,0.0,0,0,0,有,無,10000000,3101,,0.0,0,,RPROMLMLPHGGFDJ58DA,0.0,0.0,0.0,無,0364
湖口鄉,房地(土地+建物)+車位,新竹縣湖口鄉三明街３號十三樓,15.15,住,,,1100718,土地1建物1車位1,十三層,十四層,住宅大樓(11層含以上有電梯),住家用,鋼筋混凝土造,0971009,150.2,3,2,1,有,有,5910000,39348,坡道平面,0.0,0,,RPQNMLTKPHGGFDJ98DA,72.71,2.5,9.78,有,0365
寶山鄉,土地,寶斗仁段深井小段212-7地號,2025.0,,山坡地保育區,林業用地,1100727,土地1建物0車位0,,,其他,,,,0.0,0,0,0,有,無,3824000,1888,,0.0,0,,RPPNMLRLQHGGFCJ78DA,0.0,0.0,0.0,無,
尖石鄉,土地,煤源段649-4地號,1645.0,,山坡地保育區,林業用地,1100701,土地1建物0車位0,,,其他,,,,0.0,0,0,0,有,無,500000,304,,0.0,0,,RPXNMLRLQHGGFCJ96DA,0.0,0.0,0.0,無,
竹北市,房地(土地+建物),新竹縣竹北市縣政二十一街１３巷１號,62.14,住,,,1100716,土地1建物1車位0,全,四層,透天厝,住家用,鋼筋混凝土造,0891106,216.23,3,2,3,有,無,15600000,72145,,0.0,0,陽台外推；,RPSOMLPLQHGGFBJ98EA,166.72,25.55,23.96,無,
新埔鎮,房地(土地+建物),新竹縣新埔鎮福三街５３巷８號,61.93,,鄉村區,乙種建築用地,1100725,土地3建物1車位0,全,四層,透天厝,住家用,鋼筋混凝土造,1080830,165.52,4,2,3,有,無,15380000,92919,,0.0,0,陽台外推；夾層；其他增建；,RPTOMLPLQHGGFBJ09EA,148.5,3.81,13.21,無,0366
竹北市,房地(土地+建物),新竹縣竹北市中華路５０７號,130.84,住,,,1100727,土地1建物1車位0,全,二層,透天厝,住家用,加強磚造,0630521,167.34,4,2,2,有,無,14600000,87248,,0.0,0,,RPRNMLQLQHGGFBJ88EA,167.34,0.0,0.0,無,
湖口鄉,房地(土地+建物)+車位,新竹縣湖口鄉中正路三段２６巷２５弄１７號,60.78,農,,,1100715,土地3建物1車位1,一層,九層,華廈(10層含以下有電梯),住家用,鋼筋混凝土造,1090429,144.45,3,2,2,有,有,7100000,49152,一樓平面,0.0,0,,RPTOMLPLQHGGFDJ56DA,113.0,0.0,0.0,有,0367
新豐鄉,土地,福興段後湖子小段870地號,3000.0,,特定農業區,農牧用地,1100707,土地2建物0車位0,,,其他,,,,0.0,0,0,0,有,無,8167500,2723,,0.0,0,,RPUOMLPLQHGGFDJ66DA,0.0,0.0,0.0,無,
新豐鄉,房地(土地+建物),新竹縣新豐鄉建興路一段１８９巷８弄１２號,57.59,住,,,1100730,土地1建物1車位0,全,二層,透天厝,住家用,加強磚造,0690212,83.72,3,1,2,有,無,5700000,68084,,0.0,0,頂樓加蓋；其他增建；,RPWNMLRKQHGGFDJ86DA,83.72,0.0,0.0,無,0368
湖口鄉,土地,長威段75地號,10343.76,,特定農業區,農牧用地,1100720,土地4建物0車位0,,,其他,,,,0.0,0,0,0,有,無,36357810,3515,,0.0,0,,RPPNMLPKQHGGFDJ58DA,0.0,0.0,0.0,無,
竹北市,房地(土地+建物)+車位,新竹縣竹北市三民路５４８號十二樓之一,11.36,住,,,1100709,土地2建物1車位1,十二層,十二層,住宅大樓(11層含以上有電梯),住家用,鋼筋混凝土造,0850703,105.52000000000001,3,2,1,有,有,5000000,47384,坡道機械,0.0,0,含租約；,RPROMLRLQHGGFBJ09EA,71.24,0.0,14.1,有,
竹東鎮,房地(土地+建物),新竹縣竹東鎮北興路三段４９９之１號九樓,16.19,住,,,1100731,土地1建物1車位0,九層,十層,華廈(10層含以下有電梯),住家用,鋼筋混凝土造,0830506,105.11,3,2,2,有,有,4200000,39958,,0.0,0,,RPTNMLLMQHGGFCJ78EA,80.04,1.62,7.45,有,0369
北埔鄉,房地(土地+建物),新竹縣北埔鄉埔心街１０９巷３９弄７號,85.59,住,,,1100726,土地2建物1車位0,全,四層,透天厝,住家用,鋼筋混凝土造,1061005,201.9,3,2,4,有,無,7500000,37147,,0.0,0,,RPPOMLQLQHGGFCJ78DA,183.8,0.0,18.1,無,
芎林鄉,土地,上德段67地號,536.68,住,,,1100708,土地1建物0車位0,,,其他,,,,0.0,0,0,0,有,無,55000000,102482,,0.0,0,,RPQNMLTJPHGGFCJ78DA,0.0,0.0,0.0,無,0370
湖口鄉,房地(土地+建物),新竹縣湖口鄉中山路一段１３３巷３３弄６號,72.0,,特定農業區,甲種建築用地,1100710,土地1建物1車位0,全,二層,透天厝,住家用,加強磚造,,103.2,5,3,3,有,無,5000000,48450,,0.0,0,頂樓加蓋；,RPQOMLOKPHGGFDJ58DA,103.2,0.0,0.0,無,
湖口鄉,房地(土地+建物),新竹縣湖口鄉國光街１３號,62.69,住,,,1100709,土地1建物1車位0,全,四層,透天厝,住家用,鋼筋混凝土造,1100528,208.36,3,2,4,有,無,11000000,52793,,0.0,0,,RPQNMLMKPHGGFDJ28DA,188.31,0.0,20.05,無,
竹北市,房地(土地+建物),新竹縣竹北市嘉豐一街１００巷５號,80.64,住,,,1100705,土地1建物1車位0,全,四層,透天厝,住商用,鋼筋混凝土造,0920508,208.21,5,2,4,有,無,20600000,98939,,0.0,0,加蓋採光罩陽台外推；頂樓加蓋；其他增建；,RPRPMLLMQHGGFBJ58DA,163.2,17.65,27.36,無,
竹北市,房地(土地+建物)+車位,新竹縣竹北市嘉勤北路７５號七樓,19.49,住,,,1100710,土地1建物1車位1,七層,十二層,住宅大樓(11層含以上有電梯),住家用,鋼筋混凝土造,0950519,111.38,2,2,1,有,有,8350000,74969,坡道機械,28.15,0,,RPVOMLPLQHGGFBJ56DA,45.3,0.0,3.18,有,0371
竹北市,房地(土地+建物)+車位,新竹縣竹北市新光一街７６號二樓,15.61,住,,,1100719,土地1建物1車位1,二層,十三層,住宅大樓(11層含以上有電梯),住家用,鋼筋混凝土造,1030826,120.87,2,2,1,有,有,7400000,61223,坡道平面,36.61,0,陽台外推；其他增建；,RPPOMLQLQHGGFBJ68DA,45.92,3.48,8.02,有,0372
竹北市,房地(土地+建物)+車位,新竹縣竹北市勝利八街一段２３３號十六樓之七,8.68,商,,,1100711,土地1建物1車位1,十六層,二十七層,住宅大樓(11層含以上有電梯),住家用,鋼筋混凝土造,1050608,114.91999999999999,2,2,1,有,有,10400000,90498,坡道平面,29.81,0,,RPSOMLQLQHGGFBJ98DA,50.54,1.25,6.15,有,0373
新埔鎮,土地,巨埔段705-3地號,2500.0,,一般農業區,農牧用地,1100714,土地1建物0車位0,,,其他,,,,0.0,0,0,0,有,無,9000000,3600,,0.0,0,親友、員工、共有人或其他特殊關係間之交易；,RPROMLOLQHGGFBJ68DA,0.0,0.0,0.0,無,
竹北市,房地(土地+建物)+車位,新竹縣竹北市復興一街１９１號,29.75,住,,,1100724,土地1建物1車位1,一層，二層，見其他登記事項,十三層,住宅大樓(11層含以上有電梯),商業用,鋼筋混凝土造,0980121,187.93,0,0,2,有,有,18680000,99404,坡道平面,0.0,0,,RPTOMLLJRHGGFBJ48DA,108.03,14.28,5.2,有,0374
竹北市,房地(土地+建物),新竹縣竹北市中華路３５２之１號六樓,8.99,住,,,1100723,土地1建物1車位0,六層,十二層,住宅大樓(11層含以上有電梯),住家用,鋼筋混凝土造,0820923,70.97,2,1,2,有,有,2300000,32408,,0.0,0,,RPTPMLKMQHGGFBJ68DA,46.11,1.01,7.08,有,
竹北市,房地(土地+建物)+車位,新竹縣竹北市興隆路三段３０３號十三樓,72.07,住,,,1100725,土地1建物1車位3,十三層,二十五層,住宅大樓(11層含以上有電梯),住家用,鋼筋混凝土造,1001223,483.25,4,2,3,有,有,39080000,87961,坡道平面,90.12,4500000,,RPOPMLQJQHGGFBJ48DA,221.08,10.89,26.3,有,
竹北市,房地(土地+建物)+車位,新竹縣竹北市興隆路三段３０１號十二樓,72.07,住,,,1100718,土地1建物1車位3,十二層,二十五層,住宅大樓(11層含以上有電梯),住家用,鋼筋混凝土造,1001223,483.25,4,2,3,有,有,39680000,87961,坡道平面,90.12,5100000,,RPUOMLQJQHGGFBJ98DA,221.08,10.89,26.3,有,
關西鎮,房地(土地+建物),新竹縣關西鎮育賢街１２８巷１１號,126.45,住,,,1100730,土地2建物1車位0,全,四層,透天厝,住家用,鋼筋混凝土造,1090609,232.96,5,3,5,有,無,13100000,56233,,0.0,0,,RPSNMLMJQHGGFBJ28DA,210.19,0.0,22.77,無,
湖口鄉,房地(土地+建物)+車位,新竹縣湖口鄉中山二街１號二樓,43.72,都市：其他:住(一),,,1100721,土地1建物1車位1,二層,五層,華廈(10層含以下有電梯),住家用,鋼筋混凝土造,1061101,98.53,3,2,2,有,有,6600000,66985,一樓平面,0.0,0,,RPWNMLQJQHGGFDJ66DA,71.76,0.0,7.29,有,0375
湖口鄉,房地(土地+建物)+車位,新竹縣湖口鄉中山二街５之１號,61.54,都市：其他:住(一),,,1100721,土地2建物2車位1,一層,五層,華廈(10層含以下有電梯),住家用,鋼筋混凝土造,1061101,135.0,3,2,2,有,有,8000000,59259,一樓平面,37.31,0,,RPRNMLKMPHGGFDJ38DA,70.92,0.0,7.29,有,0376
竹東鎮,房地(土地+建物),新竹縣竹東鎮仁愛路３７０巷１３弄７號,76.51,住,,,1100725,土地3建物1車位0,全,四層,透天厝,住家用,鋼筋混凝土造,1090121,227.1,4,2,2,有,無,14210000,62572,,0.0,0,,RPUOMLRLPHGGFCJ66DA,207.06,0.0,20.04,有,0377
尖石鄉,土地,煤源段121地號,33318.0,,山坡地保育區,農牧用地,1100721,土地6建物0車位0,,,其他,,,,0.0,0,0,0,有,無,17000000,510,,0.0,0,,RPVNMLPLQHGGFCJ56DA,0.0,0.0,0.0,無,
北埔鄉,土地,南埔段番婆坑小段22-4地號,60.0,,山坡地保育區,交通用地,1100715,土地1建物0車位0,,,其他,,,,0.0,0,0,0,有,無,16200,270,,0.0,0,,RPPNMLLLQHGGFCJ18DA,0.0,0.0,0.0,無,
北埔鄉,土地,南埔段番婆坑小段236地號,97.0,,山坡地保育區,農牧用地,1100715,土地1建物0車位0,,,其他,,,,0.0,0,0,0,有,無,26190,270,,0.0,0,,RPQNMLLLQHGGFCJ28DA,0.0,0.0,0.0,無,
竹東鎮,房地(土地+建物)+車位,新竹縣竹東鎮龍鳳路３０之９號四樓,20.99,商,,,1100727,土地1建物1車位1,四層,十五層,住宅大樓(11層含以上有電梯),住家用,鋼筋混凝土造,1100317,148.76999999999998,3,2,2,有,有,8200000,55119,坡道平面,30.57,0,,RPWNMLKMQHGGFCJ88DA,73.12,0.0,8.08,有,0378
寶山鄉,房地(土地+建物),新竹縣寶山鄉竹安一路２６巷１４號,504.1,,山坡地保育區,丙種建築用地,1100731,土地5建物1車位0,全,三層,透天厝,住家用,鋼筋混凝土造,0910401,340.86,6,3,4,有,有,26000000,76278,,0.0,0,未登記建物；,RPQPMLLMQHGGFCJ58DA,321.71,0.0,19.15,無,
竹東鎮,房地(土地+建物),新竹縣竹東鎮長春路三段３７４號三樓之７,12.24,住,,,1100728,土地1建物2車位0,三層,七層,華廈(10層含以下有電梯),住家用,鋼筋混凝土造,0830303,89.47,3,2,1,有,有,2800000,31295,,0.0,0,,RPSOMLLMQHGGFCJ78EA,51.52,0.0,11.67,有,
竹東鎮,房地(土地+建物)+車位,新竹縣竹東鎮自由街１２０巷５號三樓之１,17.72,都市：其他:住一,,,1100720,土地1建物1車位1,三層,十一層,住宅大樓(11層含以上有電梯),住家用,鋼筋混凝土造,0851224,99.59,2,1,1,有,有,4000000,40165,坡道平面,0.0,0,,RPTOMLLMQHGGFCJ88EA,52.77,0.89,6.98,有,0379
竹東鎮,房地(土地+建物),新竹縣竹東鎮中興路二段１２２巷１弄２號,85.62,,特定農業區,甲種建築用地,1100724,土地2建物1車位0,全,四層,透天厝,住家用,鋼筋混凝土造,0790423,189.13,5,2,2,有,無,8880000,46952,,0.0,0,頂樓加蓋；,RPPNMLQLQHGGFCJ78EA,187.43,0.0,1.7,無,
竹北市,房地(土地+建物)+車位,新竹縣竹北市文興路二段５１３號二樓,26.47,商,,,1100726,土地1建物1車位2,二層,二十三層,住宅大樓(11層含以上有電梯),住家用,鋼筋混凝土造,0990106,303.19,4,2,2,有,有,29380000,96906,坡道平面,66.46,0,,RPXNMLRLQHGGFBJ96EA,146.94,2.68,19.69,有,0380
關西鎮,土地,高橋段635地號,3433.74,,山坡地保育區,農牧用地,1100722,土地1建物0車位0,,,其他,,,,0.0,0,0,0,有,無,16500000,4805,,0.0,0,,RPPNMLRLQHGGFBJ78EA,0.0,0.0,0.0,無,
竹北市,土地,國義段92地號,778.18,住,,,1100712,土地1建物0車位0,,,其他,,,,0.0,0,0,0,有,無,109827607,141134,,0.0,0,含土地增值稅或其他稅費40060元；含仲介費916930元；含地政士服務費35000元；其他 建案開發:17145617元；,RPPOMLLMQHGGFBJ38EA,0.0,0.0,0.0,無,0381
湖口鄉,土地,成功段770-1地號,230.89,,特定農業區,水利用地,1100722,土地1建物0車位0,,,其他,,,,0.0,0,0,0,有,無,872764,3780,,0.0,0,水利地承購；協議價購；,RPXTMLKLQHGGFDJ96DA,0.0,0.0,0.0,無,0382
湖口鄉,土地,成功段770-1地號,46.18,,特定農業區,水利用地,1100722,土地1建物0車位0,,,其他,,,,0.0,0,0,0,有,無,174560,3780,,0.0,0,水利地承購；協議價購；,RPOUMLKLQHGGFDJ78DA,0.0,0.0,0.0,無,0382
湖口鄉,土地,成功段770-1地號,46.18,,特定農業區,水利用地,1100722,土地1建物0車位0,,,其他,,,,0.0,0,0,0,有,無,174560,3780,,0.0,0,水利地承購；協議價購；,RPPUMLKLQHGGFDJ88DA,0.0,0.0,0.0,無,0382
湖口鄉,土地,成功段770-1地號,46.18,,特定農業區,水利用地,1100722,土地1建物0車位0,,,其他,,,,0.0,0,0,0,有,無,174560,3780,,0.0,0,水利地承購；協議價購；,RPQUMLKLQHGGFDJ98DA,0.0,0.0,0.0,無,0382
湖口鄉,土地,成功段770-1地號,46.18,,特定農業區,水利用地,1100722,土地1建物0車位0,,,其他,,,,0.0,0,0,0,有,無,174560,3780,,0.0,0,水利地承購；協議價購；,RPRUMLKLQHGGFDJ09DA,0.0,0.0,0.0,無,0382
湖口鄉,土地,成功段770-1地號,46.18,,特定農業區,水利用地,1100722,土地1建物0車位0,,,其他,,,,0.0,0,0,0,有,無,174560,3780,,0.0,0,水利地承購；協議價購；,RPSUMLKLQHGGFDJ56DA,0.0,0.0,0.0,無,0382
湖口鄉,土地,成功段770-1地號,461.77,,特定農業區,水利用地,1100722,土地1建物0車位0,,,其他,,,,0.0,0,0,0,有,無,1745491,3780,,0.0,0,水利地承購；協議價購；,RPTUMLKLQHGGFDJ66DA,0.0,0.0,0.0,無,0382
湖口鄉,土地,成功段770-1地號,461.77,,特定農業區,水利用地,1100722,土地1建物0車位0,,,其他,,,,0.0,0,0,0,有,無,1745491,3780,,0.0,0,水利地承購；協議價購；,RPVTMLKLQHGGFDJ76DA,0.0,0.0,0.0,無,0382
新豐鄉,房地(土地+建物)+車位,新竹縣新豐鄉康樂路一段５１０巷３號五樓之４,21.86,,鄉村區,乙種建築用地,1100726,土地2建物1車位1,五層,十一層,住宅大樓(11層含以上有電梯),住家用,鋼筋混凝土造,1060523,91.50999999999999,2,2,1,有,有,5980000,65348,其他,0.0,0,,RPUOMLKMQHGGFDJ88DA,52.64,7.19,4.03,有,0390
新豐鄉,土地,福興段員山子小段298-4地號,1506.0,,特定農業區,農牧用地,1100728,土地2建物0車位0,,,其他,,,,0.0,0,0,0,有,無,5700000,3785,,0.0,0,,RPSNMLLMQHGGFDJ68DA,0.0,0.0,0.0,無,
湖口鄉,房地(土地+建物),新竹縣湖口鄉介壽街３６巷８號,77.44,,鄉村區,乙種建築用地,1100705,土地1建物1車位0,全,二層,透天厝,住家用,加強磚造,0691218,95.52,2,4,3,有,無,5250000,54962,,0.0,0,頂樓加蓋；其他增建；,RPTNMLLMQHGGFDJ78DA,95.52,0.0,0.0,無,0391
湖口鄉,土地,德興段177地號,139.54,住,,,1100728,土地1建物0車位0,,,其他,,,,0.0,0,0,0,有,無,8442000,60499,,0.0,0,,RPUNMLLMQHGGFDJ88DA,0.0,0.0,0.0,無,
湖口鄉,房地(土地+建物)+車位,新竹縣湖口鄉大勇路１巷５７號四樓之１,22.93,,工業區,丁種建築用地,1100720,土地1建物1車位1,四層,五層,華廈(10層含以下有電梯),住家用,鋼筋混凝土造,1080529,97.53999999999999,3,2,2,有,有,5500000,56387,其他,0.0,0,,RPPOMLLMQHGGFDJ48DA,62.06,0.0,8.6,有,
新豐鄉,房地(土地+建物),新竹縣新豐鄉榮華街４８號,78.09,,鄉村區,乙種建築用地,1100725,土地1建物1車位0,全,二層,透天厝,住家用,加強磚造,0680528,107.5,4,1,3,有,無,3560000,33116,,0.0,0,親友、員工、共有人或其他特殊關係間之交易；,RPPOMLLJRHGGFDJ28DA,107.5,0.0,0.0,無,0392
湖口鄉,房地(土地+建物)+車位,新竹縣湖口鄉松江二街１０１號三樓之３,18.59,,工業區,丁種建築用地,1100725,土地1建物1車位1,三層,五層,公寓(5樓含以下無電梯),住家用,鋼筋混凝土造,1020610,89.05,3,2,2,有,有,4600000,51656,其他,0.0,0,,RPROMLKMQHGGFDJ58DA,54.72,5.4,6.4,無,0393
竹北市,房地(土地+建物)+車位,新竹縣竹北市莊敬五街４８號十樓,17.19,商,,,1100720,土地1建物1車位1,十層,十五層,住宅大樓(11層含以上有電梯),住家用,鋼筋混凝土造,0950519,189.17000000000002,4,2,2,有,有,18600000,98324,坡道平面,0.0,1300000,,RPTPMLLMQHGGFBJ88EA,113.55,5.12,3.76,有,0394
竹北市,房地(土地+建物)+車位,新竹縣竹北市環北路一段７１巷１６號二樓,31.29,住,,,1100716,土地1建物1車位2,二層,十四層,住宅大樓(11層含以上有電梯),住家用,鋼筋混凝土造,1021015,215.95999999999998,3,2,2,有,有,15400000,71310,坡道平面,0.0,0,,RPTPMLMJRHGGFBJ78EA,93.42,8.24,4.22,有,0395
竹東鎮,房地(土地+建物),新竹縣竹東鎮中興路二段３１８巷３２弄２１號八樓,14.36,工,,,1100720,土地6建物2車位0,八層,十一層,住宅大樓(11層含以上有電梯),住家用,鋼筋混凝土造,0821214,74.09,2,1,2,有,有,2360000,31853,,0.0,0,志學段11641164-1地號及968996997建號成交金額1500000萬元1房1廳1衛。志學段944945946993地號及542建號成交金額860000萬元，1房1衛。,RPOOMLLMQHGGFCJ28DA,54.74,0.83,3.31,有,0396
竹東鎮,房地(土地+建物)+車位,新竹縣竹東鎮世界街７１巷１６號一樓,22.62,住,,,1100712,土地3建物1車位1,一層,四層,公寓(5樓含以下無電梯),住家用,鋼筋混凝土造,0851231,104.57,3,2,2,有,有,3880000,37104,坡道平面,28.04,0,,RPPOMLKMQHGGFCJ28DA,51.8,0.33,5.77,無,
竹東鎮,土地,三重埔段102地號,897.0,工,,,1100715,土地1建物0車位0,,,其他,,,,0.0,0,0,0,有,無,21700000,24192,,0.0,0,,RPUNMLPLQHGGFCJ09DA,0.0,0.0,0.0,無,
峨眉鄉,土地,石井段1153地號,336.09,,山坡地保育區,農牧用地,1100716,土地1建物0車位0,,,其他,,,,0.0,0,0,0,有,無,369699,1100,,0.0,0,親友、員工、共有人或其他特殊關係間之交易；畸零地或有合併使用效益；,RPSOMLTLPHGGFCJ66DA,0.0,0.0,0.0,無,
峨眉鄉,土地,石井段1138地號,151.2,,山坡地保育區,農牧用地,1100716,土地1建物0車位0,,,其他,,,,0.0,0,0,0,有,無,166320,1100,,0.0,0,親友、員工、共有人或其他特殊關係間之交易；畸零地或有合併使用效益；,RPTOMLTLPHGGFCJ76DA,0.0,0.0,0.0,無,
新埔鎮,土地,石頭坑段572-16地號,2067.25,,山坡地保育區,林業用地,1100716,土地5建物0車位0,,,其他,,,,0.0,0,0,0,有,無,5900000,2854,,0.0,0,,RPRPMLKMQHGGFBJ48DA,0.0,0.0,0.0,無,0397
竹北市,房地(土地+建物)+車位,新竹縣竹北市嘉興二街１５號十一樓,25.27,住,,,1100713,土地1建物1車位2,十一層,十四層,住宅大樓(11層含以上有電梯),住家用,鋼筋混凝土造,1040901,200.49,3,2,2,有,有,12500000,62347,坡道平面,0.0,0,親友、員工、共有人或其他特殊關係間之交易；,RPPPMLLMQHGGFBJ38DA,79.34,3.99,9.99,有,0398
新埔鎮,土地,義民段502地號,2697.0,,特定農業區,農牧用地,1100729,土地2建物0車位0,,,其他,,,,0.0,0,0,0,有,無,16310000,6047,,0.0,0,,RPOPMLOLQHGGFBJ48DA,0.0,0.0,0.0,無,
竹北市,房地(土地+建物)+車位,新竹縣竹北市隘口七街２０號四樓,25.0,住,,,1100706,土地1建物1車位1,四層,十二層,住宅大樓(11層含以上有電梯),住家用,鋼筋混凝土造,1081004,131.78,2,2,1,有,有,11500000,87267,坡道平面,41.35,0,,RPWNMLTKPHGGFBJ76DA,52.52,0.0,4.94,有,0399
竹東鎮,房地(土地+建物)+車位,新竹縣竹東鎮龍鳳路２２號十三樓,16.91,商,,,1100705,土地1建物1車位1,十三層,十五層,住宅大樓(11層含以上有電梯),住家用,鋼筋混凝土造,1100317,123.88,2,2,1,有,有,7600000,61350,坡道平面,30.57,0,,RPUOMLMJRHGGFCJ78DA,58.94,0.0,4.08,有,0400
竹東鎮,土地,油林段2-19地號,4659.0,,一般農業區,農牧用地,1100714,土地3建物0車位0,,,其他,,,,0.0,0,0,0,有,無,32414993,6958,,0.0,0,,RPOPMLLMQHGGFCJ38DA,0.0,0.0,0.0,無,
竹東鎮,房地(土地+建物)+車位,新竹縣竹東鎮中央路５９號五樓,22.98,商,,,1100728,土地2建物1車位1,五層,七層,華廈(10層含以下有電梯),住家用,鋼筋混凝土造,0820129,148.37,4,2,2,有,有,5600000,37743,坡道平面,0.0,0,陽台外推；,RPWNMLMJRHGGFCJ98EA,95.05,0.0,8.66,有,
竹東鎮,房地(土地+建物)+車位,新竹縣竹東鎮光明路１２６巷８７弄５８號十一樓,21.48,都市：其他:科技商務服務專用區,,,1100726,土地3建物1車位1,十一層,十四層,住宅大樓(11層含以上有電梯),辦公用,鋼筋混凝土造,1040325,149.54,3,2,2,有,有,8320000,55641,坡道平面,0.0,0,其他增建；,RPQNMLMJRHGGFCJ38EA,75.76,0.0,9.07,有,0401
竹北市,房地(土地+建物)+車位,新竹縣竹北市文信路３０號九樓,42.22,住,,,1100718,土地1建物1車位2,九層,十層,華廈(10層含以下有電梯),住家用,鋼筋混凝土造,0980903,266.65,4,2,2,有,有,24080000,90306,坡道平面,70.78,0,,RPVQMLMJRHGGFBJ09EA,119.48,13.62,8.28,有,0402
竹北市,房地(土地+建物)+車位,新竹縣竹北市成功十街８３號八樓,32.72,住,,,1100705,土地1建物1車位1,八層,十五層,住宅大樓(11層含以上有電梯),住家用,鋼筋混凝土造,1051102,204.7,4,2,2,有,有,27800000,135809,坡道平面,28.51,0,,RPTOMLNJRHGGFBJ78EA,100.93,8.53,12.24,有,0403
新豐鄉,房地(土地+建物),新竹縣新豐鄉中崙３２７之２７號四樓,24.63,,特定農業區,甲種建築用地,1100728,土地1建物1車位0,四層,七層,華廈(10層含以下有電梯),住家用,鋼筋混凝土造,0860804,83.00999999999999,2,2,1,有,有,2600000,31322,,0.0,0,,RPWNMLOLQHGGFDJ66DA,56.05,0.0,9.78,有,0404
新豐鄉,房地(土地+建物),新竹縣新豐鄉坑子口１８５號,143.73,,山坡地保育區,丙種建築用地,1100708,土地1建物1車位0,全,一層,透天厝,住家用,加強磚造,,82.71,4,2,2,有,無,5000000,60452,,0.0,0,,RPPOMLKMQHGGFDJ38DA,82.71,0.0,0.0,無,
新豐鄉,房地(土地+建物),新竹縣新豐鄉忠孝路２８號,76.73,住,,,1100710,土地1建物1車位0,全,四層,透天厝,住商用,鋼筋混凝土造,0870528,240.4,6,3,4,有,無,13100000,54493,,0.0,0,其他增建；,RPTNMLQLQHGGFDJ56DA,212.67,15.54,12.19,無,
湖口鄉,房地(土地+建物),新竹縣湖口鄉文化路１１２號,99.0,,工業區,丁種建築用地,1100715,土地1建物1車位0,全,三層,透天厝,住家用,鋼筋混凝土造,0820626,218.41,5,2,1,有,無,17000000,77835,,0.0,0,頂樓鐵皮、防火巷增建其他增建；,RPVOMLSKQHGGFDJ96DA,185.73,12.38,20.3,無,
新豐鄉,房地(土地+建物),新竹縣新豐鄉埔頂２７４之３號,1016.0,,特定農業區,農牧用地,1100719,土地1建物1車位0,全,一層,透天厝,農業用,加強磚造,,163.21,6,2,1,有,無,6000000,36762,,0.0,0,其他增建；未登記建物；,RPSNMLTKQHGGFDJ66DA,163.21,0.0,0.0,無,
竹北市,房地(土地+建物)+車位,新竹縣竹北市興隆路五段１６９號四樓,79.25,住,,,1100726,土地1建物1車位6,四層,二十二層,住宅大樓(11層含以上有電梯),住家用,鋼筋混凝土造,0981230,559.28,4,2,4,有,有,48500000,104386,坡道平面,169.38,7800000,,RPOPMLNJRHGGFBJ38EA,215.88,6.95,26.33,有,0405
竹北市,房地(土地+建物),新竹縣竹北市光明六路２３９巷２６弄２號,106.44,住,,,1100724,土地2建物1車位0,全,五層,透天厝,住家用,鋼筋混凝土造,0970825,274.86,5,2,5,有,無,21460000,78076,,0.0,0,陽台外推；其他增建；,RPPPMLNJRHGGFBJ48EA,230.22,32.91,11.73,無,0406
關西鎮,房地(土地+建物),新竹縣關西鎮光明路５２巷７號五樓,47.02,住,,,1100726,土地1建物1車位0,五層,五層,公寓(5樓含以下無電梯),住家用,鋼筋混凝土造,0850227,129.75,2,1,1,有,無,2700000,20809,,0.0,0,,RPVNMLQJRHGGFBJ56EA,107.57,0.61,12.14,無,
寶山鄉,房地(土地+建物),新竹縣寶山鄉雙豐二街１５２號二樓,28.52,住,,,1100704,土地1建物1車位0,二層,七層,華廈(10層含以下有電梯),住家用,鋼筋混凝土造,1050929,92.61,2,2,1,有,有,6800000,73426,,0.0,0,,RPPNMLNJRHGGFCJ38EA,56.41,0.0,7.86,有,0407
竹東鎮,房地(土地+建物),新竹縣竹東鎮北興路二段１１巷５號一樓,13.74,商,,,1100725,土地3建物1車位0,一層,九層,華廈(10層含以下有電梯),住家用,鋼筋混凝土造,0840619,88.97,3,2,1,有,有,3500000,39339,,0.0,0,,RPPNMLLMQHGGFCJ28DA,61.9,8.04,0.0,有,0408
竹東鎮,房地(土地+建物),新竹縣竹東鎮永康街７９號五樓,15.87,住,,,1100718,土地1建物1車位0,五層,八層,華廈(10層含以下有電梯),住家用,鋼筋混凝土造,0821016,100.56,3,2,2,有,有,3250000,32319,,0.0,0,,RPXNMLNJRHGGFCJ09DA,66.73,1.3,7.74,有,0409
竹東鎮,房地(土地+建物),新竹縣竹東鎮金福街６之１０號,112.15,,山坡地保育區,丙種建築用地,1100715,土地4建物1車位0,全,四層,透天厝,住家用,鋼筋混凝土造,1010322,173.07,4,2,4,有,有,12300000,71070,,0.0,0,,RPSOMLNJRHGGFCJ68DA,166.89,0.0,6.18,無,0410
新豐鄉,房地(土地+建物),新竹縣新豐鄉員山１３１之６８號,82.13,,山坡地保育區,丙種建築用地,1100724,土地4建物1車位0,全,三層,透天厝,住家用,鋼筋混凝土造,1100129,159.04,4,2,3,有,有,9680000,60865,,0.0,0,,RPTNMLQLPHGGFDJ09DA,143.74,0.0,15.3,無,0411
竹北市,房地(土地+建物)+車位,新竹縣竹北市莊敬三路２７８號十三樓,21.75,商,,,1100701,土地1建物1車位2,十三層,二十九層,住宅大樓(11層含以上有電梯),住家用,鋼筋混凝土造,1040417,277.03999999999996,3,2,2,有,有,27200000,98181,坡道平面,0.0,0,,RPQPMLRJPHGGFBJ68DA,134.53,4.75,11.23,有,0412
竹北市,房地(土地+建物)+車位,新竹縣竹北市文興路二段５１７號二十一樓,34.92,商,,,1100714,土地1建物1車位2,二十一層,二十三層,住宅大樓(11層含以上有電梯),住家用,鋼筋混凝土造,0990106,383.94,4,2,3,有,有,35000000,91160,坡道平面,71.38,0,,RPRNMLKLPHGGFBJ08DA,196.97,7.77,19.48,有,0413
竹北市,房地(土地+建物)+車位,新竹縣竹北市光明九路８之１號十四樓,15.28,商,,,1100731,土地1建物1車位1,十四層,十四層,住宅大樓(11層含以上有電梯),住家用,鋼筋混凝土造,0941107,171.92000000000002,4,2,2,有,有,15980000,92950,坡道平面,0.0,0,,RPVNMLLMQHGGFBJ78DA,96.44,2.3,8.04,有,
竹北市,房地(土地+建物),新竹縣竹北市光明九路２６２號,84.85,住,,,1100729,土地1建物1車位0,全,三層,透天厝,住家用,鋼筋混凝土造,0820104,227.69,8,3,5,有,無,20073700,88162,,0.0,0,1.本案共8房3廳5衛1樓1廳1衛；2樓2房1衛；3樓2房2衛；增建4樓4房1廳1衛；增建5樓1廳2.本案總價款內含建物加值型營業稅其他增建；,RPTPMLPLQHGGFBJ09DA,218.8,8.89,0.0,無,
竹北市,房地(土地+建物),新竹縣竹北市勝利七街一段１６６號三樓,8.36,商,,,1100725,土地1建物1車位0,三層,十二層,住宅大樓(11層含以上有電梯),商業用,鋼筋混凝土造,0930921,51.849999999999994,3,2,1,有,有,4700000,90646,,0.0,0,夾層；,RPROMLKLQHGGFBJ28DA,29.73,0.0,5.57,有,
新埔鎮,房地(土地+建物),新竹縣新埔鎮福德街５９２號,78.11,住,,,1100728,土地2建物1車位0,全,四層,透天厝,住商用,鋼筋混凝土造,1070523,228.25,3,2,4,有,有,15680000,68697,,0.0,0,,RPQOMLQJRHGGFBJ68DA,201.24,10.44,16.57,無,0414
竹北市,房地(土地+建物)+車位,新竹縣竹北市新溪街１９號二樓,35.79,住,,,1100721,土地1建物1車位2,二層,十二層,住宅大樓(11層含以上有電梯),住家用,鋼筋混凝土造,1050408,204.86,3,2,2,有,有,13500000,65899,坡道平面,60.04,0,,RPPNMLMJRHGGFBJ08DA,87.19,4.75,9.58,有,
竹北市,房地(土地+建物)+車位,新竹縣竹北市隘口六街１３９號十二樓之二,25.03,住,,,1100719,土地1建物1車位3,十二層,十二層,住宅大樓(11層含以上有電梯),住家用,鋼筋混凝土造,0991231,162.94,3,2,2,有,有,16500000,101264,坡道機械,36.06,0,本標的車位原先是3個機械式車位，實際現況改為1個坡道平面車位。,RPSRMLMJRHGGFBJ78DA,77.93,2.41,6.25,有,
新埔鎮,房地(土地+建物),新竹縣新埔鎮泰陽二街３巷６號,111.51,住,,,1100703,土地1建物1車位0,全,二層,透天厝,住家用,加強磚造,0631122,90.4,4,2,2,有,無,5700000,63053,,0.0,0,頂樓加蓋；其他增建；,RPPSMLMJRHGGFBJ58DA,90.4,0.0,0.0,無,
新埔鎮,土地,南平段1018-8地號,811.93,,山坡地保育區,農牧用地,1100721,土地3建物0車位0,,,其他,,,,0.0,0,0,0,有,無,2500000,3079,,0.0,0,農作物；機電設備；,RPRNMLNJRHGGFBJ38DA,0.0,0.0,0.0,無,0415
關西鎮,土地,大旱坑段大東坑小段96地號,882.0,,山坡地保育區,丙種建築用地,1100731,土地2建物0車位0,,,其他,,,,0.0,0,0,0,有,無,9800000,11111,,0.0,0,農作物；,RPXPMLMJRHGGFBJ09DA,0.0,0.0,0.0,無,0416
竹北市,房地(土地+建物),新竹縣竹北市中正東路３９３巷６號二樓之一,18.27,商,,,1100728,土地1建物1車位0,二層,七層,華廈(10層含以下有電梯),住家用,鋼筋混凝土造,0851206,114.52000000000001,3,2,2,有,有,6200000,54139,,0.0,0,,RPWOMLQJRHGGFBJ66DA,68.59,0.0,5.94,有,
竹北市,房地(土地+建物)+車位,新竹縣竹北市新工五路１１號五樓之九,41.98,住,,,1100729,土地1建物2車位1,五層,十層,華廈(10層含以下有電梯),住家用,鋼筋混凝土造,1030128,209.53,2,2,3,有,有,10700000,51067,坡道平面,33.69,0,,RPOPMLQJRHGGFBJ58DA,111.96,6.5,7.81,有,0417
竹北市,房地(土地+建物)+車位,新竹縣竹北市文興路１６５號七樓,26.84,商,,,1100726,土地1建物1車位2,七層,十九層,住宅大樓(11層含以上有電梯),住家用,鋼筋混凝土造,1000510,295.91999999999996,3,2,3,有,有,25560000,86375,坡道平面,76.48,0,,RPWNMLRJRHGGFBJ66DA,137.08,3.9,12.77,有,
關西鎮,房地(土地+建物),新竹縣關西鎮青山街８０之１號,93.66,住,,,1100718,土地1建物1車位0,全,四層,透天厝,住家用,鋼筋混凝土造,1100421,210.61,3,3,5,有,無,10150000,48193,,0.0,0,,RPQOMLQLQHGGFBJ78DA,203.26,0.0,7.35,無,
竹北市,房地(土地+建物)+車位,新竹縣竹北市嘉豐二街一段１９８號四樓之一,31.34,住,,,1100724,土地1建物1車位1,四層,八層,華廈(10層含以下有電梯),住家用,鋼筋混凝土造,1010206,194.14,3,2,2,有,有,17000000,87566,升降平面,0.0,0,雨遮當陽台使用陽台外推；其他增建；,RPQOMLLMQHGGFBJ38DA,80.71,15.7,10.11,有,0418
竹北市,房地(土地+建物)+車位,新竹縣竹北市科大一路１１９號二樓,47.5,住,,,1100729,土地1建物1車位2,二層,十四層,住宅大樓(11層含以上有電梯),住家用,鋼筋混凝土造,1030715,311.20000000000005,4,2,2,有,有,17300000,55591,坡道平面,0.0,0,,RPQNMLMJQHGGFBJ08DA,139.27,5.02,15.57,有,0419
竹北市,房地(土地+建物)+車位,新竹縣竹北市日興一街４８號四樓,35.07,住,,,1100704,土地1建物1車位2,四層,十三層,住宅大樓(11層含以上有電梯),住家用,鋼筋混凝土造,0960517,206.51,4,2,2,有,有,15190000,73556,坡道平面,52.94,0,,RPRSMLTJPHGGFBJ66DA,96.18,6.71,9.9,有,
湖口鄉,房地(土地+建物),新竹縣湖口鄉德和路７６巷５弄２號五樓,38.57,,鄉村區,乙種建築用地,1100729,土地1建物1車位0,五層,五層,華廈(10層含以下有電梯),住家用,鋼筋混凝土造,0891018,111.22,3,2,2,有,有,3980000,35785,,0.0,0,,RPVNMLNJQHGGFDJ88DA,82.98,0.0,7.9,有,
竹東鎮,房地(土地+建物),新竹縣竹東鎮學府東路４４７巷３２號,179.8,,山坡地保育區,丙種建築用地,1100720,土地1建物1車位0,全,四層,透天厝,住家用,鋼筋混凝土造,0951215,312.6,4,2,4,有,有,17500000,55982,,0.0,0,,RPWPMLPLQHGGFCJ86DA,253.56,17.07,41.97,無,
竹東鎮,房地(土地+建物),新竹縣竹東鎮東昇路１１９號,53.0,住,,,1100726,土地1建物1車位0,全,五層,透天厝,住家用,鋼筋混凝土造,0951210,213.99,4,2,4,有,無,11000000,51404,,0.0,0,,RPPOMLPLQHGGFCJ68DA,176.41,0.0,37.58,無,0420
竹東鎮,房地(土地+建物)+車位,新竹縣竹東鎮光明路１２６巷９３號十二樓,23.63,都市：其他:科技商務服務專用區,,,1100724,土地3建物1車位1,十二層,十四層,住宅大樓(11層含以上有電梯),辦公用,鋼筋混凝土造,1040325,161.65,4,2,2,有,有,9950000,61553,坡道平面,0.0,0,含裝潢費；含傢俱設備費；含土地增值稅或其他稅費；含仲介費；陽台外推；,RPXOMLKLQHGGFCJ98DA,83.87,0.0,8.38,有,0421
寶山鄉,房地(土地+建物),新竹縣寶山鄉竹安路４５巷１９號,1045.57,,山坡地保育區,丙種建築用地,1100715,土地7建物1車位0,全,三層,透天厝,住家用,鋼筋混凝土造,0910319,808.36,6,3,4,有,有,36000000,44535,,0.0,0,,RPPOMLSJRHGGFCJ88DA,746.89,0.0,61.47,無,
竹東鎮,土地,旭光段408地號,241.87,住,,,1100717,土地4建物0車位0,,,其他,,,,0.0,0,0,0,有,無,17000000,70286,,0.0,0,,RPPPMLLMQHGGFCJ48DA,0.0,0.0,0.0,無,
竹東鎮,房地(土地+建物),新竹縣竹東鎮北興路三段５７６號三樓,15.29,住,,,1100727,土地1建物1車位0,三層,十二層,住宅大樓(11層含以上有電梯),住家用,鋼筋混凝土造,0961224,128.49,3,2,2,有,有,5600000,43583,,0.0,0,,RPTOMLMJRHGGFCJ68DA,80.19,1.51,11.74,有,
竹東鎮,土地,二重埔段236-1地號,412.0,工,,,1100707,土地1建物0車位0,,,其他,,,,0.0,0,0,0,有,無,9596000,23291,,0.0,0,農作物；,RPWNMLNJRHGGFCJ98DA,0.0,0.0,0.0,無,
竹東鎮,土地,二重埔段273-73地號,1104.0,工,,,1100721,土地1建物0車位0,,,其他,,,,0.0,0,0,0,有,無,27385000,24805,,0.0,0,,RPPOMLLLPHGGFCJ18DA,0.0,0.0,0.0,無,0422
竹東鎮,房地(土地+建物),新竹縣竹東鎮長春路一段１６４號,111.0,住,,,1100726,土地1建物1車位0,全,三層,透天厝,住家用,加強磚造,,227.7,0,0,0,無,無,10200000,44796,,0.0,0,,RPTOMLQJRHGGFCJ56EA,227.7,0.0,0.0,無,
芎林鄉,土地,赤柯寮段422地號,2525.43,,山坡地保育區,農牧用地,1100702,土地7建物0車位0,,,其他,,,,0.0,0,0,0,有,無,8600000,3405,,0.0,0,,RPOOMLRJRHGGFCJ78EA,0.0,0.0,0.0,無,
新豐鄉,土地,後湖段埔頂小段1269地號,1689.0,,特定農業區,農牧用地,1100711,土地1建物0車位0,,,其他,,,,0.0,0,0,0,有,無,5365000,3176,,0.0,0,,RPOOMLQJRHGGFDJ78EA,0.0,0.0,0.0,無,
竹東鎮,房地(土地+建物),新竹縣竹東鎮三重一路３４號四樓,26.66,都市：其他:住一,,,1100731,土地2建物1車位0,四層,六層,華廈(10層含以下有電梯),住家用,鋼筋混凝土造,0820106,114.14,3,2,2,有,有,3880000,33993,,0.0,0,含土地增值稅或其他稅費；含仲介費；含地政士服務費；其他；,RPSNMLKMQHGGFCJ58EA,77.12,0.65,10.87,有,
竹北市,房地(土地+建物),新竹縣竹北市華興街３５７巷７弄８號三樓,29.11,住,,,1100729,土地2建物1車位0,三層,五層,公寓(5樓含以下無電梯),住家用,鋼筋混凝土造,0810620,98.98,4,2,2,有,無,4100000,41423,,0.0,0,,RPRPMLRJRHGGFBJ09EA,81.54,0.0,10.82,無,
竹北市,房地(土地+建物)+車位,新竹縣竹北市復興三路一段３０號四樓,35.5,住,,,1100725,土地1建物1車位1,四層,十層,華廈(10層含以下有電梯),住家用,鋼筋混凝土造,0950524,184.73000000000002,4,2,2,有,有,17220000,93217,坡道平面,36.48,0,陽台外推；,RPTPMLQJRHGGFBJ56EA,100.14,2.04,9.63,有,0423
新豐鄉,房地(土地+建物)+車位,新竹縣新豐鄉康泰路２４６之１號十樓,14.51,住,,,1100725,土地1建物1車位1,十層,十層,華廈(10層含以下有電梯),住家用,鋼筋混凝土造,0931108,135.67000000000002,3,2,2,有,有,6300000,46436,坡道平面,0.0,0,,RPTNMLNJRHGGFDJ78DA,73.58,1.82,8.83,有,
湖口鄉,房地(土地+建物)+車位,新竹縣湖口鄉中山路一段６０５號,19.8,商,,,1100709,土地1建物1車位1,一層，二層,十二層,住宅大樓(11層含以上有電梯),住商用,鋼筋混凝土造,1090122,149.83,0,0,0,無,有,12000000,93134,坡道平面,28.5,700000,,RPUNMLQJRHGGFDJ56DA,76.34,0.0,5.09,有,
湖口鄉,房地(土地+建物)+車位,新竹縣湖口鄉明德街６０之８號三樓,34.35,都市：其他:市場,,,1100731,土地1建物1車位1,三層,五層,華廈(10層含以下有電梯),住家用,鋼筋混凝土造,0850624,158.15,3,2,2,有,無,5500000,34777,坡道平面,0.0,0,,RPPNMLNJRHGGFDJ38DA,94.59,0.0,4.2,有,
湖口鄉,房地(土地+建物)+車位,新竹縣湖口鄉德和路７６巷４６弄８號五樓,67.71,,鄉村區,乙種建築用地,1100725,土地1建物1車位1,五層,五層,華廈(10層含以下有電梯),住家用,鋼筋混凝土造,0891123,162.43,4,1,2,有,有,4680000,28812,坡道平面,0.0,0,,RPOOMLLJRHGGFDJ18DA,100.5,0.0,8.78,有,0424
湖口鄉,房地(土地+建物),新竹縣湖口鄉德和路６０巷１６弄１號,78.0,,一般農業區,甲種建築用地,1100731,土地1建物1車位0,全,三層,透天厝,住家用,鋼筋混凝土造,0820830,159.66,4,2,3,有,有,6100000,38206,,0.0,0,,RPOOMLQJRHGGFDJ68DA,144.48,10.68,4.5,無,
湖口鄉,房地(土地+建物),新竹縣湖口鄉民和街１９之１號五樓,12.42,,工業區,丁種建築用地,1100725,土地1建物1車位0,五層,五層,華廈(10層含以下有電梯),住家用,鋼筋混凝土造,0990615,74.24,3,2,2,有,有,3900000,52532,,0.0,0,,RPSOMLQJRHGGFDJ09DA,44.63,10.79,7.37,有,0425
新豐鄉,土地,青埔子段313地號,1511.0,,特定農業區,農牧用地,1100724,土地1建物0車位0,,,其他,,,,0.0,0,0,0,有,無,5484000,3629,,0.0,0,,RPSNMLRJRHGGFDJ09DA,0.0,0.0,0.0,無,0426
新豐鄉,房地(土地+建物),新竹縣新豐鄉坪頂一街１０２號,70.46,,鄉村區,乙種建築用地,1100721,土地5建物1車位0,全,四層,透天厝,住家用,鋼筋混凝土造,1010910,164.26,5,2,3,有,有,12000000,73055,,0.0,0,其他增建；,RPTTMLKLQHGGFDJ56DA,147.17,3.12,13.97,無,0427
竹北市,房地(土地+建物),新竹縣竹北市新民街１７６巷３１號,73.37,住,,,1100730,土地2建物1車位0,全,四層,透天厝,住家用,鋼筋混凝土造,1020318,229.35,4,3,4,有,有,18360000,80052,,0.0,0,陽台外推；,RPPPMLSJRHGGFBJ98EA,179.69,0.0,22.68,無,0428
竹東鎮,土地,柯子湖段181-17地號,470.0,,山坡地保育區,丙種建築用地,1100728,土地1建物0車位0,,,其他,,,,0.0,0,0,0,有,無,8100000,17234,,0.0,0,,RPROMLTLPHGGFCJ56DA,0.0,0.0,0.0,無,
竹東鎮,土地,二重埔段200-224地號,331.0,工,,,1100706,土地1建物0車位0,,,其他,,,,0.0,0,0,0,有,無,7100000,21450,,0.0,0,農作物；,RPVNMLNJRHGGFCJ88DA,0.0,0.0,0.0,無,0429
竹東鎮,房地(土地+建物)+車位,新竹縣竹東鎮中興路二段１０１巷３３號十樓,67.47,,特定農業區,丁種建築用地,1100724,土地3建物1車位1,十層,十四層,住宅大樓(11層含以上有電梯),其他,鋼筋混凝土造,1020822,277.06,4,2,3,有,有,10000000,36093,坡道平面,0.0,0,含土地增值稅或其他稅費；親友、員工、共有人或其他特殊關係間之交易；,RPOOMLQJRHGGFCJ58DA,166.55,0.0,9.01,有,0430
竹北市,房地(土地+建物),新竹縣竹北市聯興三街４０６巷１２號,91.13,,特定農業區,甲種建築用地,1100723,土地2建物1車位0,全,四層,透天厝,住家用,鋼筋混凝土造,0841123,253.52,5,2,3,有,無,9550000,37670,,0.0,0,頂樓加蓋；,RPUOMLTLPHGGFBJ76DA,208.1,30.46,14.96,無,
竹北市,房地(土地+建物)+車位,新竹縣竹北市六家二街２７巷１９號,81.82,住,,,1100705,土地2建物1車位1,全,四層,透天厝,住家用,鋼筋混凝土造,0930119,238.31,4,1,3,有,無,20000000,83924,坡道平面,0.0,0,,RPQRMLQLQHGGFBJ09DA,193.52,0.7,23.81,無,
竹北市,房地(土地+建物)+車位,新竹縣竹北市聯發街１５號十四樓,26.56,住,,,1100725,土地1建物1車位1,十四層，夾層,十四層,住宅大樓(11層含以上有電梯),住家用,鋼筋混凝土造,1040519,175.7,3,2,2,有,有,18620000,105976,坡道平面,30.42,0,夾層；,RPWOMLSKQHGGFBJ86DA,84.22,8.98,4.71,有,0431
關西鎮,土地,石光段515地號,161.65,,鄉村區,乙種建築用地,1100728,土地2建物0車位0,,,其他,,,,0.0,0,0,0,有,無,7300000,45159,,0.0,0,,RPXOMLRJRHGGFBJ86DA,0.0,0.0,0.0,無,
竹北市,房地(土地+建物)+車位,新竹縣竹北市福興東路一段２６３號二樓,38.88,住,,,1100730,土地1建物1車位2,二層,十三層,住宅大樓(11層含以上有電梯),住家用,鋼筋混凝土造,1030121,277.33000000000004,0,2,2,有,有,24320000,87693,坡道平面,65.44,0,毛胚屋；,RPUPMLQJRHGGFBJ56DA,123.34,4.28,11.35,有,0432
竹北市,房地(土地+建物)+車位,新竹縣竹北市六家五路二段２３２號,69.4,住,,,1100704,土地1建物2車位2,一層，二層,二十四層,住宅大樓(11層含以上有電梯),住商用,鋼筋混凝土造,1010328,406.84000000000003,0,0,0,無,有,35700000,87747,坡道平面,0.0,0,,RPWNMLNJRHGGFBJ88DA,259.71,0.0,21.9,有,
竹北市,房地(土地+建物),新竹縣竹北市文采街３６巷１１號,163.59,住,,,1100727,土地2建物1車位0,全,五層,透天厝,住家用,鋼筋混凝土造,0920714,502.25,5,2,4,有,有,36500000,72673,,0.0,0,天井其他增建；,RPWOMLQLQHGGFBJ76DA,430.56,11.19,17.73,有,
竹北市,房地(土地+建物)+車位,新竹縣竹北市興隆路三段３０１號十四樓,72.07,住,,,1100720,土地1建物1車位3,十四層,二十五層,住宅大樓(11層含以上有電梯),住家用,鋼筋混凝土造,1001223,483.25,4,2,3,有,有,38500000,86485,坡道平面,90.12,4500000,,RPVOMLQJQHGGFBJ09DA,221.08,10.89,26.3,有,
峨眉鄉,房地(土地+建物),新竹縣峨眉鄉社寮坑１７號,28260.0,,山坡地保育區,林業用地,1100726,土地15建物1車位0,全,二層,透天厝,農業用,加強磚造,,237.34,4,2,2,有,無,16300000,68678,,0.0,0,,RPPNMLMLQHGGFCJ28DA,237.34,0.0,0.0,無,
竹東鎮,土地,二重埔段231-3地號,1553.0,都市：其他:保護區,,,1100718,土地5建物0車位0,,,其他,,,,0.0,0,0,0,有,無,35720000,23001,,0.0,0,,RPUNMLKLPHGGFCJ48DA,0.0,0.0,0.0,無,
竹東鎮,房地(土地+建物),新竹縣竹東鎮忠孝街１４２巷３號,129.13,,鄉村區,乙種建築用地,1100704,土地1建物1車位0,全,二層,透天厝,住家用,加強磚造,,114.75,3,2,2,有,無,4700000,40959,,0.0,0,其他增建；,RPTNMLRJRHGGFCJ56EA,114.75,0.0,0.0,無,
竹北市,房地(土地+建物),新竹縣竹北市三民路７７號,73.0,住,,,1100727,土地1建物1車位0,全,三層,透天厝,住家用,鋼筋混凝土造,,187.65,4,2,3,有,無,19900000,106048,,0.0,0,其他增建；,RPPOMLSJRHGGFBJ88EA,187.65,0.0,0.0,無,
竹北市,房地(土地+建物)+車位,新竹縣竹北市興隆路一段５６３號十五樓,81.54,住,,,1100712,土地1建物1車位3,十五層,二十五層,住宅大樓(11層含以上有電梯),住家用,鋼筋混凝土造,1031102,482.40999999999997,4,2,4,有,有,41000000,92323,坡道平面,87.06,4500000,總價拆分土地拆分價金為新台幣2706萬元整建物拆分價金1394萬元整,RPSPMLRJRHGGFBJ56EA,229.43,8.17,33.35,有,
竹北市,房地(土地+建物),新竹縣竹北市文昌街２４巷１號,188.09,住,,,1100713,土地2建物1車位0,全,二層,透天厝,住家用,加強磚造,,124.0,5,2,2,有,無,16500000,133065,,0.0,0,,RPUOMLRJRHGGFBJ66EA,124.0,0.0,0.0,無,
湖口鄉,房地(土地+建物),新竹縣湖口鄉成功路９２８巷８０弄２２號,109.96,,特定農業區,甲種建築用地,1100731,土地4建物1車位0,全,三層,透天厝,住家用,鋼筋混凝土造,1050608,210.06,3,2,3,有,無,9200000,43797,,0.0,0,,RPTQMLQKQHGGFDJ76DA,202.14,7.92,0.0,無,
湖口鄉,房地(土地+建物),新竹縣湖口鄉中成路１６２巷１１號,80.3,,特定農業區,甲種建築用地,1100713,土地2建物1車位0,全,三層,透天厝,住家用,鋼筋混凝土造,,186.0,5,2,3,有,無,7400000,39785,,0.0,0,,RPQNMLSJRHGGFDJ98DA,166.74,0.0,6.34,無,
竹東鎮,土地,竹東段竹東小段377-16地號,1.0,住,,,1100603,土地1建物0車位0,,,其他,,,,0.0,0,0,0,有,無,96800,0,,0.0,0,,RPQOMLOJOHGGFCJ28DA,0.0,0.0,0.0,無,
芎林鄉,土地,鹿寮坑段239-24地號,8016.0,,工業區,丁種建築用地,1100601,土地3建物0車位0,,,其他,,,,0.0,0,0,0,有,無,225000000,28069,,0.0,0,,RPRNMLLKOHGGFCJ08DA,0.0,0.0,0.0,無,
竹北市,房地(土地+建物)+車位,光明十八街７０號九樓,32.09,住,,,1100601,土地1建物1車位2,九層,十三層,住宅大樓(11層含以上有電梯),住家用,鋼筋混凝土造,1021025,230.82999999999998,3,2,2,有,有,15500000,90953,坡道平面,84.6,2200000,,RPTPMLPKOHGGFBJ88EA,89.89,0.0,11.75,有,0433
竹北市,房地(土地+建物),北新一街８號,17.97,商,,,1100602,土地1建物1車位0,一層，見其他登記事項,二十四層,住宅大樓(11層含以上有電梯),住商用,鋼筋混凝土造,1080416,171.04000000000002,1,2,1,有,有,17000000,99392,,0.0,0,,RPSNMLPKOHGGFBJ58EA,110.54,0.0,6.08,有,0434
湖口鄉,房地(土地+建物),達生路２６９號,85.1,住,,,1100601,土地1建物1車位0,全,四層,透天厝,住商用,鋼筋混凝土造,1031130,202.32,4,2,3,有,無,13600000,67220,,0.0,0,其他增建；含租約；,RPVNMLPKOHGGFDJ98DA,182.74,0.0,19.58,無,
竹北市,房地(土地+建物)+車位,福興一路２０號九樓之三,11.33,商,,,1100603,土地1建物1車位2,九層,十五層,住宅大樓(11層含以上有電梯),住家用,鋼筋混凝土造,0991120,114.48,3,0,3,有,有,7300000,63767,其他,0.0,0,,RPOTMLLKOHGGFBJ28DA,50.25,0.0,17.4,有,0435
竹北市,房地(土地+建物),三民路１４號二樓之一,13.8,住,,,1100601,土地1建物1車位0,二層,五層,華廈(10層含以下有電梯),住家用,鋼筋混凝土造,0810615,49.72,3,2,2,有,有,1052123,21161,,0.0,0,親友、員工、共有人或其他特殊關係間之交易；,RPVNMLPKOHGGFBJ78DA,39.3,0.0,4.38,有,
湖口鄉,房地(土地+建物)+車位,中山一街８號二樓之１,45.06,都市：其他:住(一),,,1100607,土地2建物1車位1,二層,五層,華廈(10層含以下有電梯),住家用,鋼筋混凝土造,1081129,101.21,3,2,2,有,有,6600000,65211,坡道平面,0.0,0,,RPQPMLSJOHGGFDJ88DA,71.76,0.0,7.29,有,0436
湖口鄉,土地,德盛段1576地號,1303.05,,特定農業區,農牧用地,1100602,土地3建物0車位0,,,其他,,,,0.0,0,0,0,有,無,5290000,4060,,0.0,0,,RPOOMLMJOHGGFDJ97DA,0.0,0.0,0.0,無,
橫山鄉,土地,豐鄉段260地號,105.1,,山坡地保育區,丙種建築用地,1100606,土地1建物0車位0,,,其他,,,,0.0,0,0,0,有,無,750000,7136,,0.0,0,,RPQOMLRJOHGGFCJ58DA,0.0,0.0,0.0,無,
竹北市,土地,興崙段352地號,24.07,都市：其他:道路用地,,,1100609,土地1建物0車位0,,,其他,,,,0.0,0,0,0,有,無,596960,24801,,0.0,0,包含公共設施保留地用地；,RPSOMLTJOHGGFBJ88DA,0.0,0.0,0.0,無,0437
竹北市,土地,府前段971地號,2.08,都市：其他:道路用地,,,1100610,土地1建物0車位0,,,其他,,,,0.0,0,0,0,有,無,200000,96154,,0.0,0,包含公共設施保留地用地；,RPRNMLKKOHGGFBJ87DA,0.0,0.0,0.0,無,0438
竹北市,土地,省道段155地號,68.82,住,,,1100605,土地1建物0車位0,,,其他,,,,0.0,0,0,0,有,無,5470000,79483,,0.0,0,親友、員工、共有人或其他特殊關係間之交易；,RPRPMLQKOHGGFBJ68DA,0.0,0.0,0.0,無,
關西鎮,土地,錦山段334-449地號,1923.19,,山坡地保育區,農牧用地,1100603,土地3建物0車位0,,,其他,,,,0.0,0,0,0,有,無,600000,312,,0.0,0,,RPPRMLPKOHGGFBJ58DA,0.0,0.0,0.0,無,
竹東鎮,房地(土地+建物),新民路９３巷３０號,49.0,住,,,1100601,土地1建物1車位0,全,四層,透天厝,住商用,鋼筋混凝土造,1091013,180.06,4,3,4,有,無,13500000,74975,,0.0,0,,RPROMLRKOHGGFCJ78DA,157.46,0.0,22.6,無,
橫山鄉,土地,橫村段508-6地號,4.94,,鄉村區,乙種建築用地,1100604,土地1建物0車位0,,,其他,,,,0.0,0,0,0,有,無,109520,22170,,0.0,0,政府機關標讓售；,RPXNMLLLOHGGFCJ88EA,0.0,0.0,0.0,無,
橫山鄉,土地,橫村段508-7地號,15.54,,鄉村區,乙種建築用地,1100604,土地1建物0車位0,,,其他,,,,0.0,0,0,0,有,無,344522,22170,,0.0,0,政府機關標讓售；,SPXNMLLLOHGGFCJ98EA,0.0,0.0,0.0,無,
五峰鄉,土地,竹林段544-3地號,14852.0,,山坡地保育區,林業用地,1100608,土地2建物0車位0,,,其他,,,,0.0,0,0,0,有,無,1678500,113,,0.0,0,,RPPOMLLLOHGGFCJ18EA,0.0,0.0,0.0,無,
寶山鄉,土地,寶東段726-1地號,132.55,,山坡地保育區,丙種建築用地,1100601,土地1建物0車位0,,,其他,,,,0.0,0,0,0,有,無,1603855,12100,,0.0,0,,RPVNMLLLOHGGFCJ58DA,0.0,0.0,0.0,無,
湖口鄉,房地(土地+建物)+車位,中山路一段６１３號,36.36,商,,,1100604,土地1建物1車位1,一層，二層,十二層,住宅大樓(11層含以上有電梯),住商用,鋼筋混凝土造,1090122,256.46999999999997,0,0,0,無,有,19890000,83958,坡道平面,28.5,750000,,RPUNMLSKOHGGFDJ56DA,144.88,0.0,8.13,有,
湖口鄉,房地(土地+建物),達生八街５２號,94.39,都市：其他:住(一),,,1100601,土地3建物1車位0,全,四層,透天厝,住家用,鋼筋混凝土造,1020730,193.67,5,2,4,有,無,11700000,60412,,0.0,0,,RPOOMLRJOHGGFDJ48DA,193.67,0.0,0.0,無,0439
竹北市,土地,中興段495地號,5.79,都市：其他:道路用地,,,1100609,土地1建物0車位0,,,其他,,,,0.0,0,0,0,有,無,375000,64767,,0.0,0,包含公共設施保留地用地；,RPUPMLTJOHGGFBJ56DA,0.0,0.0,0.0,無,0116
竹北市,房地(土地+建物)+車位,勝利八街一段３９５號二樓,10.32,商,,,1100607,土地1建物1車位1,二層,二十九層,住宅大樓(11層含以上有電梯),住家用,鋼筋混凝土造,1070418,124.47,2,2,1,有,有,13500000,108460,坡道平面,24.96,0,,RPVNMLTJOHGGFBJ09DA,57.17,0.0,8.97,有,0441
竹北市,房地(土地+建物)+車位,縣政九路１３５巷１０號六樓,27.37,商,,,1100604,土地1建物1車位2,六層,十二層,住宅大樓(11層含以上有電梯),住家用,鋼筋混凝土造,0911213,252.3,5,2,2,有,有,20680000,81966,坡道平面,42.03,0,,RPSNMLSKOHGGFBJ78DA,141.57,10.57,13.1,有,0442
竹北市,房地(土地+建物)+車位,新興路３１９號三樓之二,30.36,,特定農業區,甲種建築用地,1100609,土地1建物1車位1,三層,五層,華廈(10層含以下有電梯),住家用,鋼筋混凝土造,1030526,103.00999999999999,2,2,1,有,無,6920000,67178,一樓平面,0.0,0,,RPQNMLSKOHGGFBJ58DA,59.63,1.62,7.74,有,0443
關西鎮,土地,石光段547地號,13.84,,特定農業區,甲種建築用地,1100601,土地1建物0車位0,,,其他,,,,0.0,0,0,0,有,無,200000,14451,,0.0,0,兄弟間之買賣本案含未登記建物格局為2房1廳1衛親友、員工、共有人或其他特殊關係間之交易；未登記建物；,RPSNMLQKOHGGFBJ58DA,0.0,0.0,0.0,無,
竹北市,土地,竹義段263地號,546.43,都市：其他:道路用地,,,1100611,土地12建物0車位0,,,其他,,,,0.0,0,0,0,有,無,35500000,64967,,0.0,0,包含公共設施保留地用地；,RPQWMLMLOHGGFBJ98DA,0.0,0.0,0.0,無,
關西鎮,土地,石門段141-68地號,228.32,,山坡地保育區,農牧用地,1100610,土地2建物0車位0,,,其他,,,,0.0,0,0,0,有,無,690663,3025,,0.0,0,,RPSQMLSKOHGGFBJ09DA,0.0,0.0,0.0,無,0444
關西鎮,土地,石門段141-66地號,242.32,,山坡地保育區,農牧用地,1100610,土地2建物0車位0,,,其他,,,,0.0,0,0,0,有,無,733013,3025,,0.0,0,,RPQQMLSKOHGGFBJ88DA,0.0,0.0,0.0,無,0444
竹北市,房地(土地+建物)+車位,興隆路一段３８７號十三樓,86.53,住,,,1100607,土地1建物1車位3,十三層，十四層,十四層,住宅大樓(11層含以上有電梯),住家用,鋼筋混凝土造,1010531,534.2,3,2,4,有,有,39800000,74504,坡道平面,94.68,0,,RPPQMLRJOHGGFBJ58DA,253.03,14.78,36.71,有,0446
湖口鄉,房地(土地+建物),安宅五街１０２號,24.86,,工業區,丁種建築用地,1100609,土地1建物1車位0,一層,五層,華廈(10層含以下有電梯),住家用,鋼筋混凝土造,0940113,78.58,2,2,2,有,有,5500000,69992,,0.0,0,,RPRNMLSKOHGGFDJ88DA,61.06,4.56,4.49,有,
竹東鎮,房地(土地+建物),新竹縣竹東鎮榮華街９０號,35.5,商,,,1100603,土地1建物1車位0,全,四層,透天厝,住家用,鋼筋混凝土造,,97.72,4,2,3,有,無,3000000,30700,,0.0,0,頂樓加蓋；急買急賣；瑕疵物件；受債權債務關係影響或債務抵償；,RPSNMLLLOHGGFCJ28DA,97.72,0.0,0.0,無,
竹東鎮,房地(土地+建物),新竹縣竹東鎮世界街８５巷７號三樓,31.66,住,,,1100609,土地3建物1車位0,三層,四層,公寓(5樓含以下無電梯),住家用,鋼筋混凝土造,0851231,107.01,4,2,2,有,有,2400000,22428,,0.0,0,,RPUNMLSKOHGGFCJ09DA,69.86,0.33,10.76,無,0447
竹北市,土地,中興段765地號,98.84,都市：其他:道路用地,,,1100616,土地1建物0車位0,,,其他,,,,0.0,0,0,0,有,無,3355258,33946,,0.0,0,包含公共設施保留地用地；,RPVPMLQKOHGGFBJ56EA,0.0,0.0,0.0,無,0448
竹北市,土地,中興段745地號,215.25,住,,,1100616,土地1建物0車位0,,,其他,,,,0.0,0,0,0,有,無,19938158,92628,,0.0,0,,RPOQMLQKOHGGFBJ58EA,0.0,0.0,0.0,無,0449
竹北市,土地,中興段797地號,484.92,住,,,1100616,土地1建物0車位0,,,其他,,,,0.0,0,0,0,有,無,66706584,137562,,0.0,0,,SPOQMLQKOHGGFBJ68EA,0.0,0.0,0.0,無,
竹北市,房地(土地+建物)+車位,民權街１７巷９號十五樓之六,7.38,商,,,1100610,土地1建物1車位1,十五層,十九層,住宅大樓(11層含以上有電梯),住家用,鋼筋混凝土造,0840420,110.94,1,2,1,有,有,3500000,31549,坡道平面,0.0,0,,RPXOMLMLOHGGFBJ98EA,59.39,0.0,0.0,有,
五峰鄉,土地,石鹿段141地號,23578.0,,山坡地保育區,林業用地,1100603,土地4建物0車位0,,,其他,,,,0.0,0,0,0,有,無,2197700,93,,0.0,0,,RPUNMLLLOHGGFCJ58EA,0.0,0.0,0.0,無,0450
峨眉鄉,土地,石井段1114地號,280.79,,山坡地保育區,農牧用地,1100615,土地1建物0車位0,,,其他,,,,0.0,0,0,0,有,無,120000,427,,0.0,0,,RPRNMLNLOHGGFCJ48EA,0.0,0.0,0.0,無,
湖口鄉,土地,八德段1地號,185.2,,山坡地保育區,農牧用地,1100610,土地1建物0車位0,,,其他,,,,0.0,0,0,0,有,無,1850000,9989,,0.0,0,,RPVOMLLLOHGGFDJ78DA,0.0,0.0,0.0,無,0451
新豐鄉,房地(土地+建物),建興路一段１５５巷２９之１號十一樓,18.49,住,,,1100606,土地1建物1車位0,十一層,十一層,公寓(5樓含以下無電梯),住家用,鋼筋混凝土造,0910401,62.22,7,1,7,有,無,3600000,57859,,0.0,0,,RPXNMLRKOHGGFDJ76DA,37.19,5.14,7.6,無,
五峰鄉,土地,花園段385-46地號,3024.0,,山坡地保育區,農牧用地,1100601,土地1建物0車位0,,,其他,,,,0.0,0,0,0,有,無,2100000,694,,0.0,0,,RPSOMLPKOHGGFCJ68DA,0.0,0.0,0.0,無,
竹北市,土地,府前段971地號,12.46,都市：其他:道路用地,,,1100605,土地1建物0車位0,,,其他,,,,0.0,0,0,0,有,無,815949,65485,,0.0,0,包含公共設施保留地用地；,RPSOMLLLOHGGFBJ28DA,0.0,0.0,0.0,無,0438
竹北市,土地,興崙段277地號,8.36,農,,,1100615,土地1建物0車位0,,,其他,,,,0.0,0,0,0,有,無,220000,26316,,0.0,0,,RPRPMLOLOHGGFBJ58DA,0.0,0.0,0.0,無,0453
竹北市,土地,興崙段277地號,4.18,農,,,1100609,土地1建物0車位0,,,其他,,,,0.0,0,0,0,有,無,110000,26316,,0.0,0,,RPTPMLOLOHGGFBJ78DA,0.0,0.0,0.0,無,0453
竹北市,土地,府前段958地號,7.0,都市：其他:道路用地,,,1100615,土地1建物0車位0,,,其他,,,,0.0,0,0,0,有,無,168750,24107,,0.0,0,包含公共設施保留地用地；,RPWTMLMLOHGGFBJ66DA,0.0,0.0,0.0,無,0115
竹北市,土地,府前段958地號,3.11,都市：其他:道路用地,,,1100615,土地1建物0車位0,,,其他,,,,0.0,0,0,0,有,無,75000,24116,,0.0,0,包含公共設施保留地用地；,RPOUMLMLOHGGFBJ58DA,0.0,0.0,0.0,無,0115
竹北市,土地,府前段958地號,1.55,都市：其他:道路用地,,,1100615,土地1建物0車位0,,,其他,,,,0.0,0,0,0,有,無,37500,24194,,0.0,0,包含公共設施保留地用地；,RPQUMLMLOHGGFBJ78DA,0.0,0.0,0.0,無,0115
竹北市,土地,府前段958地號,7.0,都市：其他:道路用地,,,1100615,土地1建物0車位0,,,其他,,,,0.0,0,0,0,有,無,168750,24107,,0.0,0,包含公共設施保留地用地；,RPTUMLMLOHGGFBJ09DA,0.0,0.0,0.0,無,0115
關西鎮,土地,錦山段172地號,1179.0,,山坡地保育區,農牧用地,1100609,土地1建物0車位0,,,其他,,,,0.0,0,0,0,有,無,1300000,1103,,0.0,0,,RPWNMLLLOHGGFBJ58DA,0.0,0.0,0.0,無,
關西鎮,土地,老社寮段293地號,8506.0,,山坡地保育區,農牧用地,1100610,土地2建物0車位0,,,其他,,,,0.0,0,0,0,有,無,1900000,223,,0.0,0,,RPPRMLSKOHGGFBJ88DA,0.0,0.0,0.0,無,
新埔鎮,房地(土地+建物),關埔路內立段１５５號,864.0,,工業區,丁種建築用地,1100603,土地4建物1車位0,全,一層,透天厝,工業用,鋼造,0810110,263.5,0,0,0,無,無,6900000,26186,,0.0,0,夾層；其他增建；未登記建物；未登記建物；,RPQQMLRJOHGGFBJ68DA,263.5,0.0,0.0,無,0459
竹北市,土地,斗崙段頂斗崙小段134-3地號,71.29,都市：其他:道路用地,,,1100610,土地4建物0車位0,,,其他,,,,0.0,0,0,0,有,無,5862672,82237,,0.0,0,包含公共設施保留地用地；,RPVOMLKKOHGGFBJ38DA,0.0,0.0,0.0,無,0460
竹北市,土地,斗崙段頂斗崙小段134-3地號,71.94,都市：其他:道路用地,,,1100610,土地5建物0車位0,,,其他,,,,0.0,0,0,0,有,無,5906040,82097,,0.0,0,包含公共設施保留地用地；,RPTOMLKKOHGGFBJ18DA,0.0,0.0,0.0,無,0461
新豐鄉,房地(土地+建物),員山１２９號,16.88,,一般農業區,甲種建築用地,1100616,土地1建物1車位0,一層,四層,公寓(5樓含以下無電梯),住家用,加強磚造,,30.79,1,1,1,有,無,600000,19487,,0.0,0,,RPTNMLOLOHGGFDJ78DA,30.79,0.0,0.0,無,0462
竹東鎮,房地(土地+建物),新竹縣竹東鎮三重路４６號六樓之４,5.56,都市：其他:住一,,,1100610,土地4建物1車位0,六層,十層,華廈(10層含以下有電梯),住家用,鋼筋混凝土造,0810706,29.439999999999998,1,0,1,有,有,880000,29891,,0.0,0,含仲介費；,RPOOMLOLOHGGFCJ28DA,21.77,0.0,0.0,有,0463
關西鎮,土地,馬武督段赤柯山小段57-8地號,111.0,,山坡地保育區,丙種建築用地,1100615,土地1建物0車位0,,,其他,,,,0.0,0,0,0,有,無,1050000,9459,,0.0,0,未登記建物；,RPRSMLPLOHGGFBJ09EA,0.0,0.0,0.0,無,
竹東鎮,房地(土地+建物),新竹縣竹東鎮長春路一段１５１號,224.0,住,,,1100619,土地1建物1車位0,全,二層,透天厝,住家用,加強磚造,,236.84,7,2,3,有,無,16800000,70934,,0.0,0,,RPVNMLOLOHGGFCJ98EA,236.84,0.0,0.0,無,
竹東鎮,土地,柯子湖段56-27地號,699.0,工,,,1100602,土地1建物0車位0,,,其他,,,,0.0,0,0,0,有,無,15390000,22017,,0.0,0,,RPROMLOLOHGGFCJ68EA,0.0,0.0,0.0,無,0464
竹東鎮,土地,二重埔段190-46地號,332.0,工,,,1100609,土地1建物0車位0,,,其他,,,,0.0,0,0,0,有,無,7680000,23133,,0.0,0,,RPSOMLOLOHGGFCJ78EA,0.0,0.0,0.0,無,0465
寶山鄉,房地(土地+建物)+車位,新竹縣寶山鄉雙豐二街２７號五樓,23.86,住,,,1100618,土地1建物1車位1,五層,六層,華廈(10層含以下有電梯),住家用,鋼筋混凝土造,0821117,101.07,3,2,2,有,有,3500000,34629,一樓平面,0.0,0,,RPTNMLPLOHGGFCJ88EA,66.21,0.0,8.26,有,
新豐鄉,土地,員興段374地號,64.36,,一般農業區,農牧用地,1100607,土地2建物0車位0,,,其他,,,,0.0,0,0,0,有,無,167335,2600,,0.0,0,,RPQNMLOLOHGGFDJ58EA,0.0,0.0,0.0,無,
湖口鄉,土地,竹九段1550地號,2045.56,,一般農業區,特定目的事業用地,1100603,土地2建物0車位0,,,其他,,,,0.0,0,0,0,有,無,20000000,9777,,0.0,0,,RPVNMLSKOHGGFDJ76EA,0.0,0.0,0.0,無,0466
新豐鄉,房地(土地+建物),新竹縣新豐鄉坑子口４５８之２號,284.0,,特定農業區,農牧用地,1100602,土地3建物1車位0,全,四層,透天厝,住家用,鋼筋混凝土造,1100319,192.12,4,2,2,有,有,9180000,47783,,0.0,0,,RPOQMLPLOHGGFDJ78EA,168.64,0.0,23.48,無,
竹東鎮,房地(土地+建物)+車位,新竹縣竹東鎮三重一路３８號三樓,24.35,都市：其他:住一,,,1100606,土地2建物1車位1,三層,六層,華廈(10層含以下有電梯),住家用,鋼筋混凝土造,0820106,119.88,3,2,2,有,有,3850000,32115,坡道平面,0.0,0,,RPXNMLOLOHGGFCJ56EA,72.88,0.51,5.92,有,
竹北市,土地,中興段641地號,86.31,都市：其他:道路用地,,,1100602,土地2建物0車位0,,,其他,,,,0.0,0,0,0,有,無,9044000,104785,,0.0,0,,RPQOMLMLOHGGFBJ28EA,0.0,0.0,0.0,無,
橫山鄉,土地,九讚頭段474-2地號,9.39,,山坡地保育區,丙種建築用地,1100607,土地1建物0車位0,,,其他,,,,0.0,0,0,0,有,無,277283,29530,,0.0,0,,RPSNMLOLOHGGFCJ58DA,0.0,0.0,0.0,無,
芎林鄉,土地,下山段下山小段26-4地號,39.71,,特定農業區,甲種建築用地,1100605,土地2建物0車位0,,,其他,,,,0.0,0,0,0,有,無,1360000,34248,,0.0,0,增值稅由買方支付,RPXNMLPLOHGGFCJ56DA,0.0,0.0,0.0,無,0024
新豐鄉,房地(土地+建物),新竹縣新豐鄉坑子口４５８之３號,274.0,,特定農業區,農牧用地,1100602,土地3建物1車位0,全,四層,透天厝,住家用,鋼筋混凝土造,1100319,191.58,4,2,2,有,有,9150000,47761,,0.0,0,,RPXNMLPLOHGGFDJ66DA,168.64,0.0,22.94,無,
湖口鄉,房地(土地+建物)+車位,新竹縣湖口鄉龍江街１３３巷４２號一樓,37.26,住,,,1100601,土地1建物1車位1,一層,六層,華廈(10層含以下有電梯),住家用,鋼筋混凝土造,0830217,167.11,3,2,2,有,有,5000000,29920,坡道平面,0.0,0,,RPTNMLMJOHGGFDJ38DA,97.49,18.4,0.0,有,0468
竹北市,土地,省道段1436地號,16.77,都市：其他:道路用地,,,1100621,土地1建物0車位0,,,其他,,,,0.0,0,0,0,有,無,1193000,71139,,0.0,0,包含公共設施保留地用地；,RPPNMLTKOHGGFBJ58DA,0.0,0.0,0.0,無,0339
竹北市,房地(土地+建物),新竹縣竹北市光明六路東二段２８１號十二樓,68.67,住,,,1100610,土地1建物1車位0,十二層，十三層,十三層,住宅大樓(11層含以上有電梯),住家用,ＲＣ造１３樓基礎,1060626,337.31,3,2,3,有,有,39900000,118289,,0.0,0,本案內含獎勵停車位持分1/33。土地交易總價為23142000元整，建物交易總價為16758000元整，合計為39900000元整。,RPOPMLSKOHGGFBJ58DA,174.01,11.91,12.88,有,
竹北市,土地,文化段349-1地號,2.92,都市：其他:道路用地,,,1100616,土地1建物0車位0,,,其他,,,,0.0,0,0,0,有,無,75000,25685,,0.0,0,包含公共設施保留地用地；,RPRNMLQKOHGGFBJ48DA,0.0,0.0,0.0,無,0470
關西鎮,土地,上南片段南片小段43-3地號,1915.0,,山坡地保育區,農牧用地,1100608,土地1建物0車位0,,,其他,,,,0.0,0,0,0,有,無,5800000,3029,,0.0,0,農業設施；,RPRPMLMLOHGGFBJ38DA,0.0,0.0,0.0,無,0471
竹北市,土地,興崙段277地號,2.51,農,,,1100615,土地1建物0車位0,,,其他,,,,0.0,0,0,0,有,無,66000,26295,,0.0,0,,RPSPMLOLOHGGFBJ68DA,0.0,0.0,0.0,無,0453
竹北市,土地,興崙段277地號,13.37,農,,,1100615,土地1建物0車位0,,,其他,,,,0.0,0,0,0,有,無,352000,26328,,0.0,0,,RPQPMLOLOHGGFBJ48DA,0.0,0.0,0.0,無,0453
竹北市,土地,文化段201地號,581.48,都市：其他:道路用地,,,1100617,土地3建物0車位0,,,其他,,,,0.0,0,0,0,有,無,43800000,75325,,0.0,0,包含公共設施保留地用地；,RPPNMLSLOHGGFBJ58DA,0.0,0.0,0.0,無,0068
竹北市,房地(土地+建物),新竹縣竹北市勝利七街一段１７２號四樓,8.36,商,,,1100615,土地1建物1車位0,四層,十二層,住宅大樓(11層含以上有電梯),商業用,鋼筋混凝土造,0930921,51.849999999999994,1,1,1,有,有,4350000,83896,,0.0,0,,RPOPMLSLOHGGFBJ68DA,29.73,0.0,5.57,有,
竹東鎮,土地,竹東段竹東小段284-56地號,25.0,住,,,1100608,土地1建物0車位0,,,其他,,,,0.0,0,0,0,有,無,1500000,60000,,0.0,0,未登記建物；,RPUNMLOLOHGGFCJ78DA,0.0,0.0,0.0,無,
竹東鎮,房地(土地+建物)+車位,新竹縣竹東鎮金福街６之１號,239.22,,山坡地保育區,丙種建築用地,1100608,土地4建物1車位2,全,四層,透天厝,住家用,鋼筋混凝土造,1010322,263.33,6,2,6,有,有,18500000,70254,一樓平面,0.0,0,,RPVNMLSLOHGGFCJ76EA,220.08,23.97,19.28,有,
竹東鎮,房地(土地+建物),新竹縣竹東鎮世界街７１巷９號三樓,23.52,住,,,1100602,土地3建物1車位0,三層,四層,華廈(10層含以下有電梯),住家用,鋼筋混凝土造,0851231,79.53,3,2,2,有,有,2200000,27663,,0.0,0,,RPWNMLSLOHGGFCJ86EA,53.69,0.33,6.07,有,0475
湖口鄉,房地(土地+建物),新竹縣湖口鄉中山路二段４２８巷６０弄１０號,84.85,農,,,1100605,土地3建物1車位0,全,四層,透天厝,住家用,鋼筋混凝土造,0871130,225.01,4,3,4,有,無,7100000,31554,,0.0,0,,RPTNMLSLOHGGFDJ66EA,190.1,23.54,11.37,無,
寶山鄉,土地,雙龍段84地號,3.65,都市：其他:保護區,,,1100618,土地1建物0車位0,,,其他,,,,0.0,0,0,0,有,無,77220,21156,,0.0,0,受民情風俗因素影響；,RPWNMLTLOHGGFCJ96EA,0.0,0.0,0.0,無,0031
寶山鄉,土地,雙高段254地號,3499.07,,山坡地保育區,農牧用地,1100616,土地1建物0車位0,,,其他,,,,0.0,0,0,0,有,無,15000000,4287,,0.0,0,,RPPOMLOLOHGGFCJ38DA,0.0,0.0,0.0,無,
寶山鄉,土地,雙高段226-1地號,13550.84,,山坡地保育區,農牧用地,1100616,土地3建物0車位0,,,其他,,,,0.0,0,0,0,有,無,93460164,6897,,0.0,0,,RPQOMLOLOHGGFCJ48DA,0.0,0.0,0.0,無,
竹東鎮,土地,竹東段竹東小段355-21地號,66.0,住,,,1100618,土地1建物0車位0,,,其他,,,,0.0,0,0,0,有,無,3701280,56080,,0.0,0,,RPQPMLNLOHGGFCJ48DA,0.0,0.0,0.0,無,
湖口鄉,房地(土地+建物)+車位,新竹縣湖口鄉吳厝路３６號四樓之１,51.84,,特定農業區,甲種建築用地,1100608,土地4建物1車位1,四層,五層,華廈(10層含以下有電梯),住家用,鋼筋混凝土造,1100104,75.04,2,2,1,有,有,3800000,50640,一樓平面,0.0,0,陽台增建其他增建；,RPROMLNLOHGGFDJ58DA,54.83,0.0,5.59,有,0477
湖口鄉,房地(土地+建物),新竹縣湖口鄉中山路三段６１０巷２０弄３６號三樓之３,27.83,,特定農業區,甲種建築用地,1100621,土地1建物2車位0,三層,七層,華廈(10層含以下有電梯),住家用,鋼筋混凝土造,0930515,123.73,4,0,4,有,有,2300000,18589,,0.0,0,,RPOOMLOLOHGGFDJ38DA,63.73,0.0,10.44,有,0478
湖口鄉,房地(土地+建物)+車位,新竹縣湖口鄉貴州街１００巷３號十四樓之１,29.61,住,,,1100610,土地1建物1車位1,十四層,十四層,住宅大樓(11層含以上有電梯),住家用,鋼筋混凝土造,1090122,169.87,3,2,2,有,有,8050000,49095,坡道平面,26.27,1000000,,RPPNMLSLOHGGFDJ78DA,87.14,0.0,10.54,有,
湖口鄉,房地(土地+建物)+車位,新竹縣湖口鄉貴州街１００巷５號十三樓之５,29.99,住,,,1100611,土地1建物1車位1,十三層,十四層,住宅大樓(11層含以上有電梯),住家用,鋼筋混凝土造,1090122,171.86,3,2,2,有,有,9080000,55498,坡道平面,26.27,1000000,,RPQNMLSLOHGGFDJ88DA,88.49,0.0,10.54,有,
竹北市,土地,斗崙段頂斗崙小段119-4地號,249.0,都市：其他:道路用地,,,1100602,土地2建物0車位0,,,其他,,,,0.0,0,0,0,有,無,18500000,74297,,0.0,0,包含公共設施保留地用地；,RPQOMLOJOHGGFBJ18DA,0.0,0.0,0.0,無,0054
關西鎮,土地,關農段378地號,79.05,都市：其他:行水區,,,1100606,土地2建物0車位0,,,其他,,,,0.0,0,0,0,有,無,406000,5136,,0.0,0,,RPVOMLTJOHGGFBJ56DA,0.0,0.0,0.0,無,0480
關西鎮,土地,關農段378地號,37.61,都市：其他:行水區,,,1100606,土地2建物0車位0,,,其他,,,,0.0,0,0,0,有,無,191000,5078,,0.0,0,,RPWOMLTJOHGGFBJ66DA,0.0,0.0,0.0,無,0480
關西鎮,土地,關農段378地號,34.76,都市：其他:行水區,,,1100606,土地2建物0車位0,,,其他,,,,0.0,0,0,0,有,無,209000,6013,,0.0,0,,RPXOMLTJOHGGFBJ76DA,0.0,0.0,0.0,無,0480
關西鎮,土地,關農段378地號,35.03,都市：其他:行水區,,,1100609,土地2建物0車位0,,,其他,,,,0.0,0,0,0,有,無,211000,6023,,0.0,0,,RPOPMLTJOHGGFBJ58DA,0.0,0.0,0.0,無,0480
關西鎮,土地,關農段378地號,5.82,都市：其他:綠地,,,1100609,土地1建物0車位0,,,其他,,,,0.0,0,0,0,有,無,35000,6014,,0.0,0,,RPPPMLTJOHGGFBJ68DA,0.0,0.0,0.0,無,
關西鎮,土地,關農段374地號,131.32,都市：其他:綠地,,,1100603,土地6建物0車位0,,,其他,,,,0.0,0,0,0,有,無,692400,5273,,0.0,0,,RPTOMLTJOHGGFBJ98DA,0.0,0.0,0.0,無,0480
竹北市,土地,華興段512地號,666.23,都市：其他:道路用地,,,1100618,土地6建物0車位0,,,其他,,,,0.0,0,0,0,有,無,40897053,61386,,0.0,0,包含公共設施保留地用地；,RPWQMLQKOHGGFBJ66DA,0.0,0.0,0.0,無,
竹北市,土地,斗崙段頂斗崙小段121-2地號,36.8,都市：其他:道路用地,,,1100602,土地1建物0車位0,,,其他,,,,0.0,0,0,0,有,無,1160000,31522,,0.0,0,,RPQNMLKLOHGGFBJ87DA,0.0,0.0,0.0,無,0120
新埔鎮,土地,鹿鳴坑段117地號,308.0,,山坡地保育區,農牧用地,1100622,土地1建物0車位0,,,其他,,,,0.0,0,0,0,有,無,720000,2338,,0.0,0,親友、員工、共有人或其他特殊關係間之交易；,RPXOMLKMOHGGFBJ78DA,0.0,0.0,0.0,無,
湖口鄉,土地,三元段138地號,2739.09,,山坡地保育區,暫未編定,1100608,土地4建物0車位0,,,其他,,,,0.0,0,0,0,有,無,15323480,5594,,0.0,0,買方另支付三元段138地號土地增值稅應繳金額新台幣211942元,RPRSNLTLOHGGFDJ07DA,0.0,0.0,0.0,無,
湖口鄉,土地,三元段140地號,2191.87,,山坡地保育區,丙種建築用地,1100608,土地2建物0車位0,,,其他,,,,0.0,0,0,0,有,無,38958382,17774,,0.0,0,,RPSSNLTLOHGGFDJ17DA,0.0,0.0,0.0,無,
湖口鄉,土地,三元段132-2地號,2981.86,,山坡地保育區,農牧用地,1100608,土地3建物0車位0,,,其他,,,,0.0,0,0,0,有,無,17589390,5899,,0.0,0,買方另支付三元段132-2地號土地增值稅應繳金額新台幣276057元、三元段137地號土地增值稅應繳金額新台幣283598元及未登記建物房屋契稅應繳金額新台幣1950元未登記建物；,RPPSNLTLOHGGFDJ86DA,0.0,0.0,0.0,無,
新豐鄉,房地(土地+建物),新竹縣新豐鄉崁頭１９９之５號,32.01,,特定農業區,甲種建築用地,1100608,土地1建物1車位0,一層,五層,公寓(5樓含以下無電梯),住家用,鋼筋混凝土造,0840830,92.29,3,2,2,有,無,3000000,32506,,0.0,0,,RPPNMLKMOHGGFDJ08DA,73.69,12.01,0.0,無,0486
新豐鄉,土地,豐褔段187地號,487.8,,特定農業區,農牧用地,1100621,土地1建物0車位0,,,其他,,,,0.0,0,0,0,有,無,750000,1538,,0.0,0,,RPQNMLLLOHGGFDJ18DA,0.0,0.0,0.0,無,0487
新豐鄉,房地(土地+建物),新竹縣新豐鄉自立街３２巷６０號六樓,37.49,住,,,1100615,土地1建物1車位0,六層,六層,華廈(10層含以下有電梯),住家用,鋼筋混凝土造,0840614,162.23,3,2,2,有,有,3750000,23115,,0.0,0,,RPUNMLMLOHGGFDJ68DA,107.04,0.0,14.78,有,
竹東鎮,房地(土地+建物),新竹縣竹東鎮和興街３０３號,82.0,住,,,1100615,土地1建物1車位0,全,四層,透天厝,住家用,鋼筋混凝土造,0821012,203.47,6,2,4,有,無,6280000,30865,,0.0,0,,RPROMLSLOHGGFCJ98DA,168.51,21.34,13.62,無,0488
竹北市,土地,斗崙段頂斗崙小段121-2地號,36.8,都市：其他:道路用地,,,1100602,土地1建物0車位0,,,其他,,,,0.0,0,0,0,有,無,1160000,31522,,0.0,0,,RPXNMLTLOHGGFBJ96EA,0.0,0.0,0.0,無,0120
芎林鄉,房地(土地+建物),新竹縣芎林鄉文強街７２號,78.94,住,,,1100609,土地1建物1車位0,全,四層,透天厝,住家用,鋼筋混凝土造,1100330,228.58,5,2,4,有,無,17000000,74372,,0.0,0,,RPXNMLKMOHGGFCJ78DA,213.05,0.0,15.53,無,
北埔鄉,土地,湖西段64地號,876.99,,山坡地保育區,農牧用地,1100603,土地1建物0車位0,,,其他,,,,0.0,0,0,0,有,無,1000000,1140,,0.0,0,,RPXNMLLJPHGGFCJ68DA,0.0,0.0,0.0,無,
芎林鄉,土地,水坑壹段924-1地號,19.4,,山坡地保育區,農牧用地,1100621,土地1建物0車位0,,,其他,,,,0.0,0,0,0,有,無,41080,2118,,0.0,0,,RPWOMLLJPHGGFCJ68DA,0.0,0.0,0.0,無,
竹東鎮,房地(土地+建物),新竹縣竹東鎮光復街１１號,92.0,住,,,1100616,土地1建物1車位0,全,二層,透天厝,住家用,加強磚造,,99.12,3,1,2,有,無,6380000,64366,,0.0,0,,RPSNMLPJPHGGFCJ58DA,99.12,0.0,0.0,無,
湖口鄉,房地(土地+建物),新竹縣湖口鄉貴州街９５號,73.0,住,,,1100602,土地1建物1車位0,全,二層,透天厝,住商用,加強磚造,0690128,115.68,3,2,2,有,無,6850000,59215,,0.0,0,增建1一樓及二樓各三坪 2三樓全部約20坪 全部一起出售.,RPQNMLMLOHGGFDJ28DA,115.68,0.0,0.0,無,
竹北市,土地,溪洲段568地號,2000.0,,特定農業區,農牧用地,1100609,土地1建物0車位0,,,其他,,,,0.0,0,0,0,有,無,15000000,7500,,0.0,0,,RPWNMLTLOHGGFBJ76DA,0.0,0.0,0.0,無,
竹北市,車位,新竹縣竹北市隘口六街３５號,0.03,住,,,1100620,土地1建物1車位1,一層,九層,其他,管理員室,鋼筋混凝土造,0970609,8.81,0,0,0,有,有,670000,,坡道機械,8.7,670000,僅車位交易；,RPPOMLOLOHGGFBJ28DA,0.0,0.0,0.0,有,
竹北市,房地(土地+建物)+車位,新竹縣竹北市莊敬三路１６５號二十八樓,35.68,商,,,1100607,土地1建物1車位3,二十八層,三十二層,住宅大樓(11層含以上有電梯),住家用,鋼骨鋼筋混凝土造,1040731,520.72,4,2,4,有,有,45000000,86419,坡道平面,75.06,0,含土地增值稅或其他稅費；,RPROMLQKOHGGFBJ58DA,246.24,12.05,32.37,有,0490
竹東鎮,房地(土地+建物)+車位,新竹縣竹東鎮三重一路１０９號四樓,34.91,都市：其他:住一,,,1100604,土地2建物1車位1,四層,十層,華廈(10層含以下有電梯),住家用,鋼筋混凝土造,0810716,191.17,3,2,2,有,有,6250000,32695,坡道平面,0.0,0,,RPXNMLKKOHGGFCJ58DA,135.71,0.0,15.21,有,
竹北市,房地(土地+建物)+車位,新竹縣竹北市縣政三街４２號,81.7,住,,,1100602,土地2建物1車位2,全,三層,透天厝,住家用,鋼筋混凝土造,0831018,163.05,4,2,6,有,無,15680000,96167,坡道平面,0.0,0,頂樓加蓋；,RPSNMLPJPHGGFBJ48DA,150.82,7.31,4.92,無,
竹北市,房地(土地+建物)+車位,新竹縣竹北市國光街６巷１１號六樓,27.3,住,,,1100610,土地1建物1車位1,六層,六層,華廈(10層含以下有電梯),住家用,鋼筋混凝土造,0810513,130.78,3,2,2,有,無,5650000,43202,坡道平面,0.0,0,,RPUNMLPJPHGGFBJ68DA,80.94,0.0,7.26,有,
竹北市,房地(土地+建物),新竹縣竹北市十興路３０５巷４弄４號十樓之一,10.22,住,,,1100605,土地1建物1車位0,十層,十層,華廈(10層含以下有電梯),住家用,鋼筋混凝土造,0811223,56.6,3,2,1,有,有,2950000,52120,,0.0,0,陽台外推；,RPXOMLMJPHGGFBJ88EA,41.31,0.0,5.53,有,
竹北市,房地(土地+建物)+車位,新竹縣竹北市華興三街１５號四樓,25.38,住,,,1100607,土地1建物1車位1,四層,十四層,住宅大樓(11層含以上有電梯),住家用,鋼筋混凝土造,1040809,171.74,3,2,2,有,有,15600000,90835,坡道平面,28.0,0,,RPTOMLPJPHGGFBJ78EA,87.85,4.58,8.28,有,0491
芎林鄉,土地,文昌段707地號,20.54,,,,1100619,土地2建物0車位0,,,其他,,,,0.0,0,0,0,有,無,1117800,54421,,0.0,0,,RPWNMLKMOHGGFCJ78EA,0.0,0.0,0.0,無,0041
新埔鎮,土地,內立段551-3地號,2701.0,,山坡地保育區,農牧用地,1100623,土地1建物0車位0,,,其他,,,,0.0,0,0,0,有,無,4085000,1512,,0.0,0,,RPPOMLPJPHGGFBJ38EA,0.0,0.0,0.0,無,
湖口鄉,土地,中義段484地號,117.03,都市：其他:住(一),,,1100622,土地2建物0車位0,,,其他,,,,0.0,0,0,0,有,無,5500000,46996,,0.0,0,,RPUNMLMJPHGGFDJ68EA,0.0,0.0,0.0,無,0493
竹東鎮,房地(土地+建物),新竹縣竹東鎮長春路三段１１３巷１６弄６號,76.0,住,,,1100615,土地1建物1車位0,全,三層,透天厝,住家用,鋼筋混凝土造,,135.9,3,2,2,有,無,4900000,36056,,0.0,0,,RPQOMLLJPHGGFCJ18EA,135.9,0.0,0.0,無,0494
竹東鎮,房地(土地+建物)+車位,新竹縣竹東鎮東峰路２９０巷１０號,49.55,住,,,1100603,土地1建物1車位1,一層，二層，三層,五層,公寓(5樓含以下無電梯),住家用,鋼筋混凝土造,0850815,191.68,4,2,3,有,無,5000000,26085,坡道平面,0.0,0,,RPPOMLQJPHGGFCJ58EA,168.44,0.0,8.16,無,0495
竹東鎮,房地(土地+建物)+車位,新竹縣竹東鎮光明路１２６巷６５弄２１號七樓,23.94,都市：其他:科技商務服務專用區,,,1100601,土地2建物1車位1,七層,十四層,住宅大樓(11層含以上有電梯),住家用,鋼筋混凝土造,1040713,152.01999999999998,3,2,2,有,有,10400000,68412,坡道平面,0.0,0,,RPPNMLPJPHGGFCJ28DA,77.53,0.0,7.3,有,0496
竹北市,房地(土地+建物)+車位,新竹縣竹北市環北路一段１０７巷３０號七樓,68.76,住,,,1100605,土地1建物1車位2,七層,十三層,住宅大樓(11層含以上有電梯),住家用,鋼筋混凝土造,1030501,310.73,4,2,3,有,有,22000000,70801,坡道平面,49.86,0,,RPQNMLMJPHGGFBJ97DA,149.14,20.3,8.7,有,
新埔鎮,土地,黃梨園段1456地號,46.6,,一般農業區,農牧用地,1100603,土地2建物0車位0,,,其他,,,,0.0,0,0,0,有,無,150000,3219,,0.0,0,親友、員工、共有人或其他特殊關係間之交易；,RPWNMLLJPHGGFBJ48DA,0.0,0.0,0.0,無,
新埔鎮,土地,和平段1205地號,47.28,都市：其他:道路用地,,,1100617,土地1建物0車位0,,,其他,,,,0.0,0,0,0,有,無,576400,12191,,0.0,0,包含公共設施保留地用地；,RPVOMLQLOHGGFBJ09DA,0.0,0.0,0.0,無,0497
竹北市,房地(土地+建物)+車位,新竹縣竹北市新瀧一街２１號八樓,10.69,商,,,1100608,土地1建物1車位1,八層,二十四層,住宅大樓(11層含以上有電梯),住家用,鋼筋混凝土造,1050126,132.74,2,2,1,有,有,8830000,66521,坡道平面,36.42,0,,RPRRMLMLOHGGFBJ58DA,57.84,0.0,10.17,有,0498
新埔鎮,房地(土地+建物)+車位,新竹縣新埔鎮田新路５００號十二樓之一,21.55,商,,,1100602,土地1建物1車位1,十二層,十三層,住宅大樓(11層含以上有電梯),住家用,鋼筋混凝土造,1070730,186.85,3,2,2,有,有,10180000,54482,坡道平面,28.8,0,,RPRNMLSLOHGGFBJ78DA,98.2,3.79,9.62,有,0499
芎林鄉,房地(土地+建物)+車位,新竹縣芎林鄉竹林路１２３巷１號四樓,46.92,,山坡地保育區,丙種建築用地,1100611,土地1建物1車位1,四層,四層,華廈(10層含以下有電梯),住家用,鋼筋混凝土造,0841116,158.85999999999999,3,2,2,有,有,3700000,23291,坡道平面,0.0,0,,RPQOMLQKOHGGFCJ58DA,90.34,0.0,13.04,有,
竹北市,土地,興崙段611-1地號,36.6,都市：其他:道路用地,,,1100625,土地1建物0車位0,,,其他,,,,0.0,0,0,0,有,無,1500000,40984,,0.0,0,親友、員工、共有人或其他特殊關係間之交易；包含公共設施保留地用地；,RPQNMLQJPHGGFBJ38DA,0.0,0.0,0.0,無,
新豐鄉,房地(土地+建物),新竹縣新豐鄉埔頂１１３之２９號,165.16,,鄉村區,乙種建築用地,1100615,土地3建物1車位0,全,三層,透天厝,住家用,鋼筋混凝土造,1071024,181.59,4,2,3,有,無,9300000,51214,,0.0,0,頂樓增建其他增建；,RPSNMLKMOHGGFDJ38DA,173.22,3.51,4.86,無,0500
竹東鎮,房地(土地+建物),新竹縣竹東鎮康莊街１５６巷４１號,106.75,,山坡地保育區,丙種建築用地,1100605,土地5建物1車位0,全,三層,透天厝,住家用,鋼筋混凝土造,0851105,105.39,5,2,2,有,有,6000000,56931,,0.0,0,含土地增值稅或其他稅費；含仲介費；頂樓加蓋；其他增建；,RPUNMLQJPHGGFCJ88DA,91.61,0.61,13.17,無,0501
橫山鄉,土地,合興段454-2地號,3.32,,鄉村區,乙種建築用地,1100630,土地1建物0車位0,,,其他,,,,0.0,0,0,0,有,無,40172,12100,,0.0,0,雙方協議總價由賣方實得土地增值稅另行由買方支付買賣總價款不含土地增值稅,RPWNMLQJPHGGFCJ09DA,0.0,0.0,0.0,無,
橫山鄉,土地,濫子段尖筆窩小段257-5地號,837.0,,山坡地保育區,林業用地,1100625,土地1建物0車位0,,,其他,,,,0.0,0,0,0,有,無,880000,1051,,0.0,0,,RPPNMLRJPHGGFCJ48DA,0.0,0.0,0.0,無,
關西鎮,土地,光明段272地號,145.47,,,,1100622,土地1建物0車位0,,,其他,,,,0.0,0,0,0,有,無,400000,2750,,0.0,0,,RPWNMLMJPHGGFBJ68EA,0.0,0.0,0.0,無,0156
竹北市,房地(土地+建物)+車位,新竹縣竹北市勝利十一路２６２號六樓之三,7.58,商,,,1100603,土地1建物1車位1,六層,二十三層,住宅大樓(11層含以上有電梯),住家用,鋼筋混凝土造,1051101,106.31,1,1,1,有,有,9370000,88138,坡道平面,30.03,0,,RPXNMLQJPHGGFBJ56EA,43.35,1.19,5.98,有,0503
竹北市,房地(土地+建物)+車位,新竹縣竹北市隘口六街１５９號九樓之十一,12.88,住,,,1100607,土地1建物1車位1,九層,九層,華廈(10層含以下有電梯),住家用,鋼筋混凝土造,0961228,95.21000000000001,1,1,1,有,有,5950000,62493,坡道平面,39.56,0,,RPSOMLPJPHGGFBJ68EA,35.98,0.0,3.53,有,
尖石鄉,土地,煤源段299-22地號,4522.0,,山坡地保育區,農牧用地,1100619,土地2建物0車位0,,,其他,,,,0.0,0,0,0,有,無,2100000,464,,0.0,0,,RPQOMLMJPHGGFCJ28EA,0.0,0.0,0.0,無,0504
新豐鄉,土地,後湖段埔頂小段908地號,1500.0,,特定農業區,農牧用地,1100624,土地1建物0車位0,,,其他,,,,0.0,0,0,0,有,無,3900000,2600,,0.0,0,親友、員工、共有人或其他特殊關係間之交易；,RPVNMLPJPHGGFDJ09EA,0.0,0.0,0.0,無,
竹北市,房地(土地+建物),新竹縣竹北市隘口六街３３號四樓之五,10.02,住,,,1100611,土地1建物1車位0,四層,九層,華廈(10層含以下有電梯),商業用,鋼筋混凝土造,0970609,50.949999999999996,2,2,1,有,有,5900000,115800,,0.0,0,夾層；,RPPNMLRJPHGGFBJ48EA,30.25,1.69,3.22,有,0505
竹北市,房地(土地+建物)+車位,新竹縣竹北市嘉興二街１３號十樓,19.71,住,,,1100605,土地1建物1車位1,十層,十四層,住宅大樓(11層含以上有電梯),住家用,鋼筋混凝土造,1040901,140.84,2,2,1,有,有,13600000,96570,坡道平面,0.0,0,,RPWOMLSJPHGGFBJ76EA,62.67,6.07,4.17,有,0506
竹東鎮,房地(土地+建物),新竹縣竹東鎮三重路８８巷９弄１號,279.74,都市：其他:住一,,,1100601,土地1建物1車位0,全,三層,透天厝,住家用,鋼筋混凝土造,0860503,452.15,10,2,6,有,無,16500000,36492,,0.0,0,陽台外推；,RPOPMLLJPHGGFCJ97DA,392.34,15.69,44.12,無,
竹東鎮,房地(土地+建物),新竹縣竹東鎮五豐街２２巷１２弄６號,59.05,住,,,1100623,土地1建物1車位0,全,二層,透天厝,住家用,鋼筋混凝土造,,97.52,3,2,2,有,無,4350000,44606,,0.0,0,,RPVNMLRJPHGGFCJ09DA,97.52,0.0,0.0,無,0507
新豐鄉,土地,永寧段361-1地號,1.34,都市：其他:道路,,,1100624,土地1建物0車位0,,,其他,,,,0.0,0,0,0,有,無,46000,34328,,0.0,0,本土地為公共設施保留地。,RPQNMLMJPHGGFDJ18DA,0.0,0.0,0.0,無,
湖口鄉,房地(土地+建物),新竹縣湖口鄉安宅一街５５號四樓,31.76,,工業區,丁種建築用地,1100619,土地1建物1車位0,四層,五層,華廈(10層含以下有電梯),住家用,鋼筋混凝土造,0800327,103.36999999999999,3,2,2,有,有,4450000,43049,,0.0,0,,RPPNMLSJPHGGFDJ68DA,80.65,0.62,11.55,有,0508
竹北市,房地(土地+建物),新竹縣竹北市博愛街４７３巷１２號五樓之二,7.11,商,,,1100610,土地1建物1車位0,五層,五層,套房(1房1廳1衛),住家用,鋼筋混凝土造,0811022,32.51,1,1,1,有,無,2110000,64903,,0.0,0,,RPOOMLRJPHGGFBJ38DA,23.97,0.0,3.08,有,
竹東鎮,房地(土地+建物)+車位,新竹縣竹東鎮和江街３７０之２號二樓,13.57,商,,,1100607,土地1建物1車位1,二層,十四層,住宅大樓(11層含以上有電梯),商業用,鋼筋混凝土造,1041204,111.00999999999999,2,1,2,有,有,12350000,111251,坡道平面,28.11,0,,RPQOMLPKOHGGFCJ48DA,60.98,0.0,0.0,有,0509
竹東鎮,房地(土地+建物),新竹縣竹東鎮和江街３７０之３號二樓,17.16,商,,,1100607,土地1建物1車位0,二層,十四層,住宅大樓(11層含以上有電梯),商業用,鋼筋混凝土造,1041204,103.19,2,1,2,有,有,12050000,116775,,0.0,0,,RPROMLPKOHGGFCJ58DA,77.17,0.0,0.0,有,0510
關西鎮,土地,光明段272地號,145.47,都市：其他:道路用地,,,1100622,土地1建物0車位0,,,其他,,,,0.0,0,0,0,有,無,400000,2750,,0.0,0,本件買賣標的為公共設施保留地。包含公共設施保留地之交易。；,RPPOMLMJPHGGFBJ97DA,0.0,0.0,0.0,無,0156
關西鎮,土地,大旱坑段大東坑小段126-2地號,1507.0,,山坡地保育區,農牧用地,1100628,土地2建物0車位0,,,其他,,,,0.0,0,0,0,有,無,3100000,2057,,0.0,0,,RPPNMLQJPHGGFBJ28DA,0.0,0.0,0.0,無,0512
竹北市,土地,興崙段429地號,605.91,農,,,1100625,土地1建物0車位0,,,其他,,,,0.0,0,0,0,有,無,21994603,36300,,0.0,0,,RPOPMLRJPHGGFBJ48DA,0.0,0.0,0.0,無,0248
竹北市,房地(土地+建物),新竹縣竹北市嘉豐十路５號六樓之十三,4.92,商,,,1100608,土地1建物1車位0,六層,十三層,住宅大樓(11層含以上有電梯),商業用,鋼筋混凝土造,0970321,41.55,0,0,0,無,有,4350000,104693,,0.0,0,夾層；,RPPNMLSJPHGGFBJ48DA,26.81,1.65,0.0,有,
竹北市,土地,隘口段12-12地號,73.42,,特定農業區,甲種建築用地,1100618,土地1建物0車位0,,,其他,,,,0.0,0,0,0,有,無,1600000,21792,,0.0,0,,RPXNMLSJPHGGFBJ66DA,0.0,0.0,0.0,無,
竹北市,車位,興隆路二段３４３號等公共設施,3.36,住,,,1100604,土地1建物1車位1,,,其他,,,,31.26,0,0,0,有,有,1650000,,坡道平面,31.26,1650000,僅車位交易；,RPTNMLTJPHGGFBJ98DA,0.0,0.0,0.0,有,0514
湖口鄉,房地(土地+建物),新竹縣湖口鄉信昌街１３３號,84.22,,鄉村區,乙種建築用地,1100612,土地3建物1車位0,全,四層,透天厝,住家用,鋼筋混凝土造,1100330,203.97,3,2,3,有,有,11800000,57852,,0.0,0,,RPSNMLRJPHGGFDJ88DA,192.35,0.0,11.62,無,
湖口鄉,房地(土地+建物),新竹縣湖口鄉安宅八街６０號,18.99,,工業區,丁種建築用地,1100621,土地1建物1車位0,一層,四層,公寓(5樓含以下無電梯),住家用,鋼筋混凝土造,0840401,59.87,3,2,2,有,無,3520000,58794,,0.0,0,,RPTPMLSJPHGGFDJ66DA,51.44,4.04,0.0,無,
芎林鄉,房地(土地+建物),新竹縣芎林鄉光明一街５５巷５號,80.7,住,,,1100619,土地2建物1車位0,全,四層,透天厝,住家用,鋼筋混凝土造,1100208,200.34,4,2,5,有,有,13950000,69632,,0.0,0,,RPQNMLSJPHGGFCJ68DA,174.81,0.0,25.53,無,
芎林鄉,房地(土地+建物),新竹縣芎林鄉光明一街５５巷１號,79.91,住,,,1100617,土地2建物1車位0,全,四層,透天厝,住家用,鋼筋混凝土造,1100208,197.47,4,2,5,有,有,14080000,71302,,0.0,0,,RPRNMLSJPHGGFCJ78DA,172.24,0.0,25.23,無,
竹北市,房地(土地+建物),新竹縣竹北市中山路２７２號,69.94,住,,,1100623,土地1建物1車位0,全,四層,透天厝,住商用,鋼筋混凝土造,0851228,213.19,5,1,3,有,無,6000000,28144,,0.0,0,親友、員工、共有人或其他特殊關係間之交易；,RPTNMLSJPHGGFBJ98EA,193.34,0.0,19.85,無,
竹北市,房地(土地+建物),新竹縣竹北市逸境新村９０號二樓,21.18,,山坡地保育區,丙種建築用地,1100602,土地1建物1車位0,二層,五層,公寓(5樓含以下無電梯),住家用,鋼筋混凝土造,0810130,97.95,2,2,1,有,無,2000000,20419,,0.0,0,親友、員工、共有人或其他特殊關係間之交易；,RPQOMLSJPHGGFBJ78EA,62.99,0.0,7.62,無,0515
尖石鄉,土地,煤源段707-1地號,2533.0,,山坡地保育區,農牧用地,1100609,土地1建物0車位0,,,其他,,,,0.0,0,0,0,有,無,455900,180,,0.0,0,,RPSOMLQJPHGGFCJ88EA,0.0,0.0,0.0,無,
寶山鄉,房地(土地+建物),新竹縣寶山鄉雙園路二段３５７號,151.48,商,,,1100616,土地4建物1車位0,全,四層,透天厝,住家用,鋼筋混凝土造,1021022,516.98,6,2,8,有,無,33000000,63832,,0.0,0,,RPSNMLTJPHGGFCJ09EA,485.31,0.0,31.67,有,
芎林鄉,房地(土地+建物),新竹縣芎林鄉嘉慶１２２號,101.97,,山坡地保育區,丙種建築用地,1100626,土地1建物1車位0,全,三層,透天厝,住家用,鋼筋混凝土造,1100129,151.66,3,2,3,有,無,6200000,40881,,0.0,0,,RPTNMLMKPHGGFCJ58EA,135.68,0.0,15.98,無,
竹東鎮,房地(土地+建物),新竹縣竹東鎮康寧街２４３號,60.0,住,,,1100625,土地1建物1車位0,全,二層,透天厝,住家用,加強磚造,,112.1,4,1,2,有,無,4642000,41409,,0.0,0,,RPUOMLTJPHGGFCJ76EA,112.1,0.0,0.0,無,
新埔鎮,土地,犁頭山段犁頭山小段170-7地號,82.0,,山坡地保育區,丙種建築用地,1100630,土地1建物0車位0,,,其他,,,,0.0,0,0,0,有,無,1600000,19512,,0.0,0,,RPTPMLSJPHGGFBJ56EA,0.0,0.0,0.0,無,
竹北市,土地,蓮華段647-2地號,125.0,,山坡地保育區,丙種建築用地,1100605,土地1建物0車位0,,,其他,,,,0.0,0,0,0,有,無,9000000,72000,,0.0,0,,RPVOMLSLOHGGFBJ76EA,0.0,0.0,0.0,無,
竹東鎮,土地,上段1244-11地號,2590.95,,山坡地保育區,農牧用地,1100622,土地2建物0車位0,,,其他,,,,0.0,0,0,0,有,無,5550000,2142,,0.0,0,,RPWNMLPJPHGGFCJ98DA,0.0,0.0,0.0,無,0516
竹東鎮,房地(土地+建物),新竹縣竹東鎮中央路９１號,152.85,都市：其他:道路用地,,,1100617,土地2建物1車位0,一層，二層,三層,公寓(5樓含以下無電梯),農業用,加強磚造,0681113,155.98,6,3,3,有,無,13100000,83985,,0.0,0,親友、員工、共有人或其他特殊關係間之交易；陽台外推；頂樓加蓋；,RPQOMLNJPHGGFCJ28DA,142.4,0.0,13.58,無,
新豐鄉,房地(土地+建物),新竹縣新豐鄉光明街２８巷２號二樓之３,21.55,商,,,1100612,土地2建物1車位0,二層,十三層,住宅大樓(11層含以上有電梯),住家用,鋼筋混凝土造,1080222,112.23,3,2,2,有,無,4950000,44106,,0.0,0,,RPOOMLLLOHGGFDJ08DA,62.47,6.97,5.37,有,
湖口鄉,土地,成功段854-35地號,80.74,,特定農業區,甲種建築用地,1100630,土地2建物0車位0,,,其他,,,,0.0,0,0,0,有,無,1221000,15123,,0.0,0,,RPXQMLSJPHGGFDJ17DA,0.0,0.0,0.0,無,0517
關西鎮,房地(土地+建物),新竹縣關西鎮育賢街１２８巷５號,121.66,住,,,1100611,土地2建物1車位0,全,四層,透天厝,住家用,鋼筋混凝土造,1090609,227.82,5,3,5,有,有,12000000,52673,,0.0,0,,RPQNMLTJPHGGFBJ68DA,205.75,0.0,22.07,無,
竹北市,房地(土地+建物)+車位,新竹縣竹北市六家五路二段２１６號八樓之一,32.6,住,,,1100614,土地1建物1車位2,八層,二十四層,住宅大樓(11層含以上有電梯),住家用,鋼筋混凝土造,1010328,226.85,3,2,2,有,有,20500000,90368,坡道平面,0.0,0,,RPOQMLMKPHGGFBJ18DA,103.78,5.73,4.68,有,0518
寶山鄉,房地(土地+建物)+車位,新竹縣寶山鄉明湖路９６號七樓,27.52,住,,,1100606,土地1建物1車位1,七層,七層,華廈(10層含以下有電梯),住家用,鋼筋混凝土造,0821026,154.47,3,2,2,有,有,5880000,38066,坡道平面,0.0,0,,RPVOMLRJOHGGFCJ09DA,80.79,0.0,10.6,有,
竹北市,土地,社北段703地號,406.26,都市：其他:道路用地,,,1100618,土地12建物0車位0,,,其他,,,,0.0,0,0,0,有,無,28948439,71256,,0.0,0,包含公共設施保留地用地；,RPUNMLPLOHGGFBJ78DA,0.0,0.0,0.0,無,0519
竹北市,土地,府前段971地號,7.96,都市：其他:道路用地,,,1100622,土地1建物0車位0,,,其他,,,,0.0,0,0,0,有,無,868835,109150,,0.0,0,包含公共設施保留地用地；,RPVNMLPLOHGGFBJ88DA,0.0,0.0,0.0,無,0438
竹北市,土地,東華段87地號,13.47,,特定農業區,農牧用地,1100618,土地1建物0車位0,,,其他,,,,0.0,0,0,0,有,無,180000,13363,,0.0,0,親友、員工、共有人或其他特殊關係間之交易；含租約；,RPWNMLSJPHGGFBJ56DA,0.0,0.0,0.0,無,
竹北市,建物,新竹縣竹北市自強北路２６６號,0.0,,,,1100610,土地0建物1車位0,全,五層,透天厝,住商用,鋼筋混凝土造,1000714,427.0,6,2,3,有,無,10000000,23419,,0.0,0,,RPPNMLTJPHGGFBJ58DA,392.57,4.15,30.28,有,
湖口鄉,房地(土地+建物)+車位,新竹縣湖口鄉信昌九街９巷３號,117.96,,鄉村區,乙種建築用地,1100601,土地2建物1車位1,全,四層,透天厝,住家用,鋼筋混凝土造,1080701,203.38,4,2,3,有,無,10500000,51627,一樓平面,0.0,0,,RPVNMLLJOHGGFDJ48DA,182.64,0.0,20.74,無,0521
竹東鎮,房地(土地+建物)+車位,新竹縣竹東鎮自由街１２０巷２號九樓之２,18.66,都市：其他:住一,,,1100607,土地1建物1車位1,九層,十一層,住宅大樓(11層含以上有電梯),住家用,鋼筋混凝土造,0851224,112.59,3,2,2,有,有,4450000,39524,坡道平面,0.0,0,夾層；,RPSOMLRJPHGGFCJ88DA,61.13,0.54,5.63,有,
竹北市,房地(土地+建物)+車位,新竹縣竹北市高鐵二路３２號五樓之二,18.51,商,,,1100625,土地1建物1車位2,五層,二十層,住宅大樓(11層含以上有電梯),商業用,鋼筋混凝土造,0990106,211.73,0,0,0,無,有,18300000,86431,坡道平面,0.0,0,,RPUNMLNKPHGGFBJ68EA,96.02,0.0,0.0,有,
寶山鄉,房地(土地+建物),新竹縣寶山鄉彤雲街１０８號,241.27,,山坡地保育區,丙種建築用地,1100605,土地1建物1車位0,全,三層,透天厝,住家用,鋼筋混凝土造,0830504,234.89,5,3,4,有,有,13500000,57474,,0.0,0,其他增建；,RPPNMLMKPHGGFCJ18EA,224.72,7.82,2.35,無,
芎林鄉,房地(土地+建物),新竹縣芎林鄉嘉慶１２３號,100.08,,山坡地保育區,丙種建築用地,1100621,土地1建物1車位0,全,三層,透天厝,住家用,鋼筋混凝土造,1100129,146.58,3,2,3,有,無,6000000,40933,,0.0,0,,RPSNMLMKPHGGFCJ48EA,131.95,0.0,14.63,無,
竹東鎮,房地(土地+建物)+車位,新竹縣竹東鎮自由街１２０巷２１號八樓之３,15.74,都市：其他:住一,,,1100616,土地1建物1車位1,八層,十一層,住宅大樓(11層含以上有電梯),住家用,鋼筋混凝土造,0851224,93.73,3,2,2,有,有,3800000,40542,坡道平面,0.0,0,,RPQNMLSJPHGGFCJ78EA,47.23,0.42,7.99,有,
竹北市,房地(土地+建物),新竹縣竹北市光明九路６６號八樓之七,5.55,商,,,1100615,土地1建物1車位0,八層,九層,套房(1房1廳1衛),商業用,鋼筋混凝土造,0931115,34.67,1,1,1,有,有,2500000,72108,,0.0,0,,RPXNMLNKPHGGFBJ98EA,18.12,0.0,5.21,有,
竹北市,房地(土地+建物)+車位,新竹縣竹北市福竹街１２０號十樓,22.47,住,,,1100615,土地1建物1車位1,十層,十四層,住宅大樓(11層含以上有電梯),住家用,鋼筋混凝土造,1021024,168.13,3,2,2,有,有,11500000,68399,坡道平面,35.01,0,,RPRQMLMKPHGGFBJ58EA,83.34,0.0,8.56,有,0522
竹北市,房地(土地+建物)+車位,新竹縣竹北市興隆路一段５３９號二十四樓,65.86,住,,,1100619,土地1建物1車位3,二十四層,二十四層,住宅大樓(11層含以上有電梯),住家用,鋼筋混凝土造,1011030,400.27,4,2,2,有,有,34500000,86192,坡道平面,78.45,0,,RPRQMLOKPHGGFBJ78EA,196.11,18.23,8.95,有,0523
竹北市,房地(土地+建物),新竹縣竹北市十興五街１７２號,84.63,住,,,1100609,土地1建物1車位0,全,五層,透天厝,住商用,鋼筋混凝土造,1040911,265.52,5,2,5,有,無,26250000,98863,,0.0,0,陽台外推；其他增建；,RPRRMLOKPHGGFBJ88EA,227.36,16.41,21.75,有,0524
竹東鎮,房地(土地+建物),新竹縣竹東鎮學府東路２８８巷３弄２０號,104.98,,山坡地保育區,丙種建築用地,1100603,土地7建物1車位0,全,四層,透天厝,住家用,鋼筋混凝土造,0900209,157.68,5,2,3,有,無,9800000,62151,,0.0,0,陽台外推；,RPOOMLSJPHGGFCJ58DA,137.3,0.0,19.29,無,
竹東鎮,房地(土地+建物)+車位,新竹縣竹東鎮光明路１２６巷６５弄２３號四樓,23.94,都市：其他:科技商務服務專用區,,,1100608,土地2建物1車位1,四層,十四層,住宅大樓(11層含以上有電梯),住家用,鋼筋混凝土造,1040713,154.76,3,2,2,有,有,9500000,61385,坡道平面,0.0,0,,RPTOMLSJPHGGFCJ09DA,77.85,0.0,8.83,有,0525
寶山鄉,房地(土地+建物),寶山六街７８號,489.96,都市：其他:,山坡地保育區,丙種建築用地,1100609,土地1建物1車位0,全,三層,透天厝,住家用,鋼筋混凝土造,1051227,516.73,8,3,8,有,有,32100000,62121,,0.0,0,,RPUOMLSJPHGGFCJ56DA,513.03,0.0,3.7,無,
五峰鄉,土地,桃山段498-4地號,3100.0,,山坡地保育區,林業用地,1100625,土地1建物0車位0,,,其他,,,,0.0,0,0,0,有,無,700000,226,,0.0,0,親友、員工、共有人或其他特殊關係間之交易；未登記建物；農作物；受債權債務關係影響或債務抵償；,RPRNMLOKPHGGFCJ48DA,0.0,0.0,0.0,無,
橫山鄉,房地(土地+建物)+車位,新竹縣橫山鄉永昌街１２３巷１弄７之１號五樓,34.38,住,,,1100601,土地2建物1車位1,五層,六層,華廈(10層含以下有電梯),住家用,鋼筋混凝土造,1091102,127.06,2,2,2,有,無,5750000,43185,升降機械,10.12,700000,,RPVNMLKMOHGGFCJ58DA,74.25,0.0,10.14,有,
湖口鄉,房地(土地+建物),新竹縣湖口鄉健康一街１號,68.8,都市：其他:住(一),,,1100607,土地1建物1車位0,全,三層,透天厝,住家用,鋼筋混凝土造,1091109,163.55,4,2,5,有,有,11850000,72455,,0.0,0,,RPPNMLOLOHGGFDJ38DA,150.82,0.0,12.73,無,
新豐鄉,房地(土地+建物),新竹縣新豐鄉康平街８２巷３號,63.54,,鄉村區,乙種建築用地,1100616,土地4建物1車位0,全,四層,透天厝,住家用,鋼筋混凝土造,1041012,209.01,4,2,4,有,有,9000000,43060,,0.0,0,親友、員工、共有人或其他特殊關係間之交易；,RPVNMLMJPHGGFDJ68DA,174.28,9.64,25.09,無,0526
新豐鄉,土地,員興段185地號,61.0,,一般農業區,林業用地,1100604,土地1建物0車位0,,,其他,,,,0.0,0,0,0,有,無,200000,3279,,0.0,0,,RPSNMLMKPHGGFDJ48DA,0.0,0.0,0.0,無,
新豐鄉,房地(土地+建物),新竹縣新豐鄉埔頂１３０之２２號,108.24,,鄉村區,乙種建築用地,1100612,土地4建物1車位0,全,三層,透天厝,住家用,鋼筋混凝土造,1061018,147.3,4,2,3,有,無,7500000,50916,,0.0,0,,RPXNMLMKPHGGFDJ98DA,141.0,0.0,6.3,無,0527
竹北市,土地,隘興段285地號,174.32,住,,,1100622,土地1建物0車位0,,,其他,,,,0.0,0,0,0,有,無,19500000,111863,,0.0,0,,RPWPMLMKPHGGFBJ88DA,0.0,0.0,0.0,無,0528
竹北市,房地(土地+建物)+車位,新竹縣竹北市嘉興路３３８巷２０號十一樓,21.02,住,,,1100629,土地1建物1車位1,十一層,十二層,住宅大樓(11層含以上有電梯),住家用,鋼筋混凝土造,1030228,136.8,2,2,1,有,有,10900000,79678,坡道平面,35.96,0,陽台外推；,RPVQMLKMOHGGFBJ78DA,59.17,0.0,9.49,有,0529
竹北市,房地(土地+建物)+車位,新竹縣竹北市成功九街６７號四樓,26.74,住,,,1100604,土地1建物1車位1,四層,十四層,住宅大樓(11層含以上有電梯),住家用,鋼筋混凝土造,1011212,171.03,3,2,2,有,有,17300000,101152,坡道平面,37.87,0,含土地增值稅或其他稅費；含仲介費；,RPWNMLRJPHGGFBJ09DA,75.13,6.55,11.32,有,0530
新埔鎮,土地,福田段244-1地號,163.42,住,,,1100629,土地1建物0車位0,,,其他,,,,0.0,0,0,0,有,無,13998000,85657,,0.0,0,,RPQNMLPKPHGGFBJ38DA,0.0,0.0,0.0,無,
新埔鎮,房地(土地+建物),新竹縣新埔鎮關埔路水車頭段８２６巷１６號二樓,32.87,,特定農業區,甲種建築用地,1100626,土地2建物1車位0,二層,五層,華廈(10層含以下有電梯),住家用,鋼筋混凝土造,0830207,91.83,3,2,1,有,有,2700000,29402,,0.0,0,,RPXNMLPKPHGGFBJ09DA,69.89,0.0,9.67,有,0531
竹東鎮,房地(土地+建物)+車位,新竹縣竹東鎮中央路４９號六樓,26.96,商,,,1100624,土地2建物1車位1,六層,七層,華廈(10層含以下有電梯),住家用,鋼筋混凝土造,0820129,174.64,3,2,1,有,有,6660000,38136,坡道平面,0.0,0,,RPXNMLTLOHGGFCJ96DA,85.9,0.0,4.44,有,0532
竹東鎮,房地(土地+建物),新竹縣竹東鎮金福街１３巷４０弄２４號一樓,54.35,,山坡地保育區,丙種建築用地,1100608,土地2建物1車位0,一層,五層,華廈(10層含以下有電梯),住家用,鋼筋混凝土造,0821227,121.94,3,2,2,有,無,2200000,18042,,0.0,0,,RPPNMLTJPHGGFCJ68DA,81.62,13.26,0.0,有,
橫山鄉,土地,田寮段1197-15地號,3627.83,,山坡地保育區,農牧用地,1100602,土地3建物0車位0,,,其他,,,,0.0,0,0,0,有,無,3000000,827,,0.0,0,,RPPNMLLKPHGGFCJ97DA,0.0,0.0,0.0,無,0533
竹北市,房地(土地+建物)+車位,新竹縣竹北市光明六路東二段３２３號六樓,42.64,住,,,1100610,土地1建物1車位2,六層,二十二層,住宅大樓(11層含以上有電梯),住家用,鋼筋混凝土造,1021107,290.26,4,2,2,有,有,26200000,90264,坡道平面,0.0,0,,RPORMLOKPHGGFBJ58EA,136.89,3.48,15.41,有,0534
竹北市,房地(土地+建物)+車位,新竹縣竹北市嘉豐十路３號十樓之六,7.07,商,,,1100620,土地1建物1車位1,十層,十三層,住宅大樓(11層含以上有電梯),商業用,鋼筋混凝土造,0970321,82.28,1,1,1,有,有,5850000,71099,坡道平面,0.0,0,,RPROMLPKPHGGFBJ68EA,29.9,0.0,4.59,有,
竹北市,房地(土地+建物)+車位,新竹縣竹北市勝利十一路２６０號四樓之一,8.33,商,,,1100627,土地1建物1車位1,四層,二十三層,住宅大樓(11層含以上有電梯),住家用,鋼筋混凝土造,1051101,118.43,2,1,1,有,有,9400000,79372,坡道平面,30.03,0,,RPSOMLPKPHGGFBJ78EA,50.84,1.72,6.02,有,0535
湖口鄉,房地(土地+建物),新竹縣湖口鄉明賢路３５號二樓之５,23.17,住,,,1100603,土地1建物1車位0,二層,五層,華廈(10層含以下有電梯),住家用,鋼筋混凝土造,1040831,67.71,2,2,1,有,有,3600000,53168,,0.0,0,,RPTOMLOKPHGGFDJ98EA,45.77,0.0,3.89,有,0536
北埔鄉,土地,南埔段番婆坑小段239-223地號,668.0,,山坡地保育區,林業用地,1100610,土地2建物0車位0,,,其他,,,,0.0,0,0,0,有,無,500000,749,,0.0,0,,RPVNMLQKPHGGFCJ56EA,0.0,0.0,0.0,無,0537
竹北市,房地(土地+建物)+車位,新竹縣竹北市成功十三街２８號四樓,25.99,住,,,1100602,土地1建物1車位1,四層,十層,華廈(10層含以下有電梯),辦公用,鋼筋混凝土造,1040604,136.03,0,0,0,無,有,9300000,68367,坡道平面,36.64,0,,RPUNMLTJPHGGFBJ56EA,58.26,0.0,7.84,有,0538
竹東鎮,房地(土地+建物)+車位,新竹縣竹東鎮幸福路１２１巷１８號四樓,21.07,住,,,1100612,土地1建物1車位1,四層,十三層,住宅大樓(11層含以上有電梯),住家用,鋼筋混凝土造,0831121,138.12,4,2,2,有,有,4690000,33956,坡道機械,0.0,0,其他增建；,RPQOMLPKPHGGFCJ58DA,83.7,0.17,9.22,有,
湖口鄉,房地(土地+建物),新竹縣湖口鄉興華街２巷８號,87.25,,工業區,丁種建築用地,1100616,土地2建物1車位0,全,四層,透天厝,住家用,鋼筋混凝土造,0941121,234.7,4,2,4,有,無,10900000,46442,,0.0,0,,RPVSNLTLOHGGFDJ47DA,205.34,17.71,11.65,無,
新豐鄉,房地(土地+建物)+車位,新竹縣新豐鄉建興路一段９３巷１號五樓之３,30.4,住,,,1100619,土地2建物1車位1,五層,十二層,住宅大樓(11層含以上有電梯),住家用,鋼筋混凝土造,1080125,165.13,3,2,2,有,有,8500000,51475,坡道平面,33.03,0,,RPOPMLOKPHGGFDJ48DA,77.97,10.57,3.58,有,0539
湖口鄉,土地,中義段401地號,472.3,都市：其他:住(一),,,1100608,土地1建物0車位0,,,其他,,,,0.0,0,0,0,有,無,39717860,84095,,0.0,0,,RPRNMLMKPHGGFDJ38DA,0.0,0.0,0.0,無,
竹北市,房地(土地+建物)+車位,新竹縣竹北市莊敬五街１６７號五樓,18.46,商,,,1100622,土地1建物1車位2,五層,二十三層,住宅大樓(11層含以上有電梯),住家用,鋼筋混凝土造,1030501,235.55,3,2,2,有,有,21000000,89153,坡道平面,44.86,0,,RPOPMLPKPHGGFBJ38DA,120.11,0.0,10.9,有,0540
新埔鎮,土地,照鏡段870地號,380.83,,一般農業區,農牧用地,1100618,土地1建物0車位0,,,其他,,,,0.0,0,0,0,有,無,4800000,12604,,0.0,0,,RPPNMLOKPHGGFBJ18DA,0.0,0.0,0.0,無,0541
竹北市,房地(土地+建物),新竹縣竹北市嘉豐二街一段１１巷１９號,102.23,住,,,1100620,土地3建物1車位0,全,四層,透天厝,住家用,鋼筋混凝土造,0950407,344.13,6,3,4,有,有,31100000,90373,,0.0,0,陽台外推；其他增建；,RPTRMLMLOHGGFBJ78DA,268.77,7.49,41.86,無,
竹北市,房地(土地+建物)+車位,新竹縣竹北市復興一街２１０巷１號,123.73,住,,,1100628,土地1建物1車位2,全,五層,透天厝,住家用,鋼筋混凝土造,1051215,469.27,5,3,5,有,有,52000000,110810,坡道平面,27.5,0,,RPQOMLPJPHGGFBJ38DA,308.81,18.85,27.64,有,
竹北市,房地(土地+建物),新竹縣竹北市縣政二路９７號五樓之二,20.87,商,,,1100612,土地1建物1車位0,五層,七層,華廈(10層含以下有電梯),住家用,鋼筋混凝土造,0820501,117.99,3,2,2,有,無,6500000,55089,,0.0,0,陽台外推；,RPSOMLQJPHGGFBJ68DA,83.72,0.0,21.13,有,0542
竹北市,房地(土地+建物),新竹縣竹北市新民街１９４號,11.95,商,,,1100629,土地1建物1車位0,一層，騎樓，夾層,十層,華廈(10層含以下有電梯),住商用,鋼筋混凝土造,0850601,109.82000000000001,2,2,2,有,有,6560000,59734,,0.0,0,其他增建；,RPUOMLQJPHGGFBJ88DA,73.83,5.88,5.88,有,0543
竹北市,房地(土地+建物)+車位,新竹縣竹北市文義街１３６號五樓之五,9.72,住,,,1100622,土地1建物1車位1,五層,七層,套房(1房1廳1衛),商業用,鋼筋混凝土造,0950821,52.2,1,1,1,有,有,4480000,85824,坡道機械,0.0,0,夾層；,RPWNMLQKPHGGFBJ09DA,24.11,2.23,0.0,有,
竹北市,土地,莊敬段418地號,113.98,住,,,1100603,土地1建物0車位0,,,其他,,,,0.0,0,0,0,有,無,10000000,87735,,0.0,0,親友、員工、共有人或其他特殊關係間之交易；,RPTOMLQKPHGGFBJ88DA,0.0,0.0,0.0,無,
竹北市,房地(土地+建物)+車位,新竹縣竹北市興隆路一段６３３號十二樓之十,16.97,住,,,1100620,土地1建物1車位1,十二層,十五層,住宅大樓(11層含以上有電梯),住家用,鋼筋混凝土造,1071026,117.34,2,2,1,有,有,11650000,99284,坡道平面,33.03,0,,RPUOMLQKPHGGFBJ98DA,44.84,5.99,4.08,有,0544
關西鎮,房地(土地+建物)+車位,新竹縣關西鎮中山路１８５號四樓,23.98,住,,,1100624,土地1建物1車位1,四層,七層,華廈(10層含以下有電梯),住家用,鋼筋混凝土造,0850214,135.96,3,2,2,有,有,3730000,27433,一樓平面,0.0,0,,RPQPMLQKPHGGFBJ68DA,87.05,0.0,6.56,有,0545
湖口鄉,土地,湖鏡段779地號,173.75,住,,,1100605,土地2建物0車位0,,,其他,,,,0.0,0,0,0,有,無,6240306,35915,,0.0,0,包含公共設施保留地用地；,RPSOMLLKPHGGFDJ48DA,0.0,0.0,0.0,無,
寶山鄉,房地(土地+建物)+車位,新竹縣寶山鄉彤雲街３８號八樓,49.1,,山坡地保育區,丙種建築用地,1100604,土地1建物1車位1,八層,八層,華廈(10層含以下有電梯),住家用,鋼筋混凝土造,0830113,160.6,3,2,2,有,有,4350000,27086,坡道平面,0.0,0,陽台加窗其他增建；,RPXNMLQKPHGGFCJ66DA,92.09,0.0,10.52,有,0546
寶山鄉,房地(土地+建物),新竹縣寶山鄉雙豐路１１８號,91.53,住,,,1100612,土地2建物1車位0,全,四層,透天厝,住家用,鋼筋混凝土造,0950210,270.73,14,0,14,有,無,13300000,49126,,0.0,0,,RPPNMLPKPHGGFCJ38DA,224.56,18.06,28.11,無,0547
竹東鎮,房地(土地+建物)+車位,新竹縣竹東鎮中興路二段１７２巷９號二樓,34.09,,特定農業區,甲種建築用地,1100607,土地2建物1車位1,二層,五層,華廈(10層含以下有電梯),住家用,鋼筋混凝土造,0860915,125.1,3,2,2,有,有,5800000,46363,坡道平面,0.0,0,,RPSOMLSJPHGGFCJ98DA,74.8,0.0,7.47,有,0548
竹東鎮,房地(土地+建物)+車位,新竹縣竹東鎮龍鳳路３０之８號十二樓,20.99,商,,,1100628,土地1建物1車位1,十二層,十五層,住宅大樓(11層含以上有電梯),住家用,鋼筋混凝土造,1100317,148.76999999999998,3,2,2,有,有,9200000,61840,坡道平面,30.57,0,,RPRNMLMKPHGGFCJ28DA,73.12,0.0,8.08,有,0549
竹北市,房地(土地+建物)+車位,新竹縣竹北市隘口三街２２０號五樓之二,16.54,商,,,1100610,土地1建物1車位1,五層,十五層,住宅大樓(11層含以上有電梯),住家用,鋼筋混凝土造,0991214,132.55,2,2,1,有,有,11650000,87891,坡道平面,29.8,0,,RPROMLQKPHGGFBJ78EA,62.09,4.9,4.15,有,0550
竹北市,房地(土地+建物)+車位,新竹縣竹北市興隆路三段３７巷５７號十一樓,21.1,,,,1100615,土地1建物1車位1,十一層,十三層,住宅大樓(11層含以上有電梯),住家用,鋼筋混凝土造,0951113,176.93,4,2,2,有,有,12500000,70649,坡道平面,0.0,0,陽台外推；夾層；,RPSOMLQKPHGGFBJ88EA,83.17,8.25,9.61,有,
竹北市,房地(土地+建物),新竹縣竹北市中華路３５２號五樓,9.59,住,,,1100616,土地1建物1車位0,五層,十二層,住宅大樓(11層含以上有電梯),住家用,鋼筋混凝土造,0820923,75.27000000000001,2,1,2,有,有,4250000,56463,,0.0,0,,RPUNMLTKPHGGFBJ66EA,51.61,0.76,5.55,有,0551
竹東鎮,房地(土地+建物)+車位,新竹縣竹東鎮民族路５０巷２１號七樓,20.98,都市：其他:住一,,,1100613,土地1建物1車位1,七層,八層,華廈(10層含以下有電梯),住家用,鋼筋混凝土造,0841212,137.56,3,2,2,有,有,6360000,46234,坡道平面,0.0,0,,RPQPMLOKPHGGFCJ68EA,80.06,1.51,8.77,有,0552
橫山鄉,土地,田寮段1197-16地號,3163.91,,山坡地保育區,農牧用地,1100616,土地2建物0車位0,,,其他,,,,0.0,0,0,0,有,無,4500000,1422,,0.0,0,,RPUNMLTKPHGGFCJ76EA,0.0,0.0,0.0,無,0533
竹北市,房地(土地+建物)+車位,新竹縣竹北市環北路一段１０７巷３０號三樓,68.76,住,,,1100612,土地1建物1車位2,三層,十三層,住宅大樓(11層含以上有電梯),住家用,鋼筋混凝土造,1030501,310.73,4,2,3,有,有,25600000,82387,坡道平面,49.86,0,,RPQOMLTKPHGGFBJ98EA,149.14,20.3,8.7,有,
竹北市,房地(土地+建物)+車位,新竹縣竹北市莊敬五街５５號二樓,13.43,商,,,1100613,土地1建物1車位1,二層,十四層,住宅大樓(11層含以上有電梯),住家用,鋼筋混凝土造,0940923,148.2,3,2,2,有,有,13500000,91093,坡道平面,0.0,0,陽台外推；,RPSOMLTKPHGGFBJ56EA,82.88,2.54,7.66,有,
竹北市,房地(土地+建物)+車位,新竹縣竹北市興隆路一段３９號八樓,27.71,住,,,1100620,土地1建物1車位1,八層,十五層,住宅大樓(11層含以上有電梯),住家用,鋼筋混凝土造,1011012,178.61,3,2,2,有,有,12800000,71665,坡道平面,37.2,0,陽台外推；,RPOPMLKLPHGGFBJ08EA,80.71,13.62,8.2,有,0554
竹北市,土地,竹義段193地號,9.0,都市：其他:道路用地,,,1100601,土地1建物0車位0,,,其他,,,,0.0,0,0,0,有,無,260000,28889,,0.0,0,包含公共設施保留地用地；,RPRNMLQKPHGGFBJ68EA,0.0,0.0,0.0,無,
新埔鎮,土地,石頭坑段160地號,3186.0,,山坡地保育區,農牧用地,1100611,土地1建物0車位0,,,其他,,,,0.0,0,0,0,有,無,8600000,2699,,0.0,0,親友、員工、共有人或其他特殊關係間之交易；,RPVNMLLJPHGGFBJ48EA,0.0,0.0,0.0,無,0555
竹東鎮,房地(土地+建物)+車位,新竹縣竹東鎮三重一路６８號四樓,34.01,都市：其他:住一,,,1100623,土地2建物1車位1,四層,十層,華廈(10層含以下有電梯),住家用,鋼筋混凝土造,0810716,172.03,4,2,2,有,有,6400000,37203,坡道平面,0.0,0,,RPTNMLPKPHGGFCJ78DA,136.53,0.76,15.17,有,
橫山鄉,土地,豐鄉段286地號,184.05,,山坡地保育區,林業用地,1100628,土地1建物0車位0,,,其他,,,,0.0,0,0,0,有,無,222704,1210,,0.0,0,,RPWNMLQKPHGGFCJ56DA,0.0,0.0,0.0,無,0556
竹東鎮,房地(土地+建物),新竹縣竹東鎮東富街２７巷１９號,103.0,住,,,1100611,土地1建物1車位0,全,四層,透天厝,住家用,鋼筋混凝土造,0820510,237.36,6,2,3,有,無,7600000,32019,,0.0,0,其他增建；,RPQPMLLJPHGGFCJ18DA,202.55,34.81,0.0,無,
北埔鄉,房地(土地+建物),新竹縣北埔鄉尾隘子８之７號,216.49,,山坡地保育區,丙種建築用地,1100625,土地2建物1車位0,全,二層,透天厝,住家用,木造,0841212,90.77,3,2,2,有,無,4800000,52881,,0.0,0,交易總價含相關交易稅費,RPQOMLSLOHGGFCJ88DA,78.86,7.68,4.23,無,
湖口鄉,房地(土地+建物),新竹縣湖口鄉大勇路１巷８８號,83.0,,工業區,丁種建築用地,1100611,土地1建物1車位0,全,一層,透天厝,住家用,加強磚造,0700613,55.0,6,2,3,無,無,6280000,114182,,0.0,0,二三樓增建其他增建；,RPQNMLSKOHGGFDJ78DA,55.0,0.0,0.0,無,0557
湖口鄉,土地,永安段844地號,30.0,,鄉村區,乙種建築用地,1100608,土地1建物0車位0,,,其他,,,,0.0,0,0,0,有,無,1100000,36667,,0.0,0,未登記建物；,RPQRMLTJOHGGFDJ56DA,0.0,0.0,0.0,無,
新豐鄉,房地(土地+建物),新竹縣新豐鄉永寧街４０巷３５弄７５號,67.24,農,,,1100620,土地2建物1車位0,全,四層,透天厝,住家用,鋼筋混凝土造,1060911,181.95,4,2,4,有,有,8500000,46716,,0.0,0,,RPPOMLOKPHGGFDJ48DA,169.8,2.02,10.13,無,0558
湖口鄉,房地(土地+建物),新竹縣湖口鄉中山路三段１１巷１１號,69.15,,鄉村區,乙種建築用地,1100609,土地1建物1車位0,全,四層,透天厝,住家用,加強磚造,,205.11,4,2,4,有,無,7980000,38906,,0.0,0,頂樓、防火巷增建其他增建；,RPVNMLQJPHGGFDJ09DA,205.11,0.0,0.0,無,0559
竹北市,房地(土地+建物)+車位,新竹縣竹北市中華路１４４８巷４２號二樓,39.46,,山坡地保育區,丙種建築用地,1100607,土地1建物1車位1,二層,五層,華廈(10層含以下有電梯),住家用,鋼筋混凝土造,0830106,128.8,3,2,2,有,有,5100000,39596,一樓平面,0.0,0,,RPOPMLKLPHGGFBJ97DA,75.28,0.0,9.72,有,
竹北市,車位,新竹縣竹北市民權街１７巷１７號底一層,2.08,商,,,1100616,土地1建物1車位1,地下一層,十九層,其他,商業用,鋼筋混凝土造,0840420,30.69,0,0,0,有,有,950000,,坡道平面,27.8,950000,僅車位交易；,RPQNMLRKOHGGFBJ48DA,0.0,0.0,0.0,有,0560
竹北市,房地(土地+建物)+車位,新竹縣竹北市聯發街１７號二樓,20.06,住,,,1100603,土地1建物1車位1,二層,十四層,住宅大樓(11層含以上有電梯),住家用,鋼筋混凝土造,1040519,132.81,2,2,1,有,有,10060000,75747,坡道平面,30.42,0,其他增建；,RPOOMLSJOHGGFBJ38DA,58.3,6.02,4.71,有,0561
竹北市,房地(土地+建物)+車位,新竹縣竹北市六家五路一段２２９號九樓,15.63,商,,,1100625,土地1建物1車位1,九層,十四層,住宅大樓(11層含以上有電梯),住家用,鋼筋混凝土造,1030127,130.57999999999998,2,2,1,有,有,10350000,79262,坡道平面,0.0,0,,RPWOMLNKPHGGFBJ88DA,60.39,1.86,2.85,有,
竹北市,房地(土地+建物),新竹縣竹北市民權街１７巷５號二樓之六,5.8,商,,,1100623,土地1建物1車位0,二層,十九層,住宅大樓(11層含以上有電梯),住家用,鋼筋混凝土造,0840420,85.06,2,2,1,有,有,3800000,44674,,0.0,0,陽台加窗其他增建；,RPQOMLKLPHGGFBJ08DA,56.28,0.0,10.41,有,
竹北市,土地,麻園段450地號,14.56,,特定農業區,農牧用地,1100617,土地1建物0車位0,,,其他,,,,0.0,0,0,0,有,無,150000,10302,,0.0,0,,RPPNMLTKPHGGFBJ68DA,0.0,0.0,0.0,無,0562
竹北市,房地(土地+建物)+車位,新竹縣竹北市勝利二路１１６號八樓,13.82,商,,,1100616,土地1建物1車位2,八層,二十一層,住宅大樓(11層含以上有電梯),住家用,鋼筋混凝土造,0930517,176.78,3,2,2,有,有,13350000,75518,坡道機械,0.0,0,其他增建；,RPQNMLQKPHGGFBJ48DA,89.22,0.0,9.8,有,
竹北市,土地,水瀧段589地號,256.36,都市：其他:道路用地,,,1100622,土地5建物0車位0,,,其他,,,,0.0,0,0,0,有,無,10035980,39148,,0.0,0,包含公共設施保留地用地；,RPVPMLKLPHGGFBJ68DA,0.0,0.0,0.0,無,0070
竹北市,房地(土地+建物)+車位,新竹縣竹北市嘉興路３３８巷３０號十一樓,21.02,住,,,1100612,土地1建物1車位1,十一層,十二層,住宅大樓(11層含以上有電梯),住家用,鋼筋混凝土造,1030228,136.89,2,2,1,有,有,10940000,79918,坡道平面,35.96,0,,RPXNMLLLPHGGFBJ78DA,59.17,0.0,9.49,有,0564
湖口鄉,房地(土地+建物),新竹縣湖口鄉新生三路７０巷３號三樓,16.8,,工業區,丁種建築用地,1100612,土地2建物1車位0,三層,五層,公寓(5樓含以下無電梯),住家用,鋼筋混凝土造,0821126,49.43,2,2,1,有,無,2480000,50172,,0.0,0,,RPPNMLKLPHGGFDJ08DA,37.47,0.0,7.13,無,0565
新豐鄉,房地(土地+建物),新竹縣新豐鄉中崙２８５之７號五樓,28.06,,特定農業區,甲種建築用地,1100613,土地1建物1車位0,五層,五層,公寓(5樓含以下無電梯),住家用,鋼筋混凝土造,0850711,93.91000000000001,3,2,1,有,有,1900000,20232,,0.0,0,,RPTNMLQKPHGGFDJ98DA,65.13,0.0,8.91,無,0566
竹東鎮,房地(土地+建物),新竹縣竹東鎮中豐路三段４５巷４５弄１４號,78.0,住,,,1100628,土地1建物1車位0,全,二層,透天厝,住家用,加強磚造,,87.16,4,2,2,有,無,4000000,45893,,0.0,0,頂樓加蓋；其他增建；,RPOOMLTKPHGGFCJ78DA,87.16,0.0,0.0,無,
峨眉鄉,土地,石硬子段社寮坑小段122地號,468.19,,山坡地保育區,農牧用地,1100626,土地4建物0車位0,,,其他,,,,0.0,0,0,0,有,無,1710000,3652,,0.0,0,,RPQOMLSJPHGGFCJ78DA,0.0,0.0,0.0,無,0567
竹北市,土地,文化段1076-1地號,2.39,住,,,1100627,土地2建物0車位0,,,其他,,,,0.0,0,0,0,有,無,23000,9623,,0.0,0,包含公共設施保留地用地；,RPQNMLQKPHGGFBJ58EA,0.0,0.0,0.0,無,
竹北市,房地(土地+建物)+車位,新竹縣竹北市隘口六街２２２號二樓,21.9,住,,,1100605,土地1建物1車位1,二層,十五層,住宅大樓(11層含以上有電梯),住家用,鋼筋混凝土造,1040119,142.01,2,2,1,有,有,11700000,82389,坡道平面,34.97,0,,RPXOMLKLPHGGFBJ88EA,67.9,3.48,3.08,有,0568
竹東鎮,房地(土地+建物)+車位,新竹縣竹東鎮光明路１２６巷６５弄２９號三樓,23.94,都市：其他:科技商務服務專用區,,,1100611,土地2建物1車位1,三層,十四層,住宅大樓(11層含以上有電梯),住家用,鋼筋混凝土造,1040713,150.31,2,2,2,有,有,8400000,55885,坡道平面,0.0,0,,RPWNMLKLPHGGFCJ78EA,78.16,0.0,5.47,有,0569
芎林鄉,土地,富林段862地號,254.25,,特定農業區,農牧用地,1100628,土地1建物0車位0,,,其他,,,,0.0,0,0,0,有,無,3230000,12704,,0.0,0,,RPXNMLNLPHGGFCJ56EA,0.0,0.0,0.0,無,0570
竹北市,房地(土地+建物)+車位,新竹縣竹北市隘口六街３３號六樓之一,10.13,住,,,1100623,土地1建物1車位1,六層,九層,華廈(10層含以下有電梯),商業用,鋼筋混凝土造,0970609,60.44,3,1,1,有,有,6320000,104584,坡道機械,0.0,0,夾層；,RPTOMLLLPHGGFBJ58EA,30.69,1.69,3.34,有,0571
竹北市,房地(土地+建物)+車位,新竹縣竹北市高鐵七路６５號十四樓之十三,10.11,商,,,1100619,土地1建物1車位1,十四層,十八層,住宅大樓(11層含以上有電梯),商業用,鋼筋混凝土造,0990208,91.06,1,1,1,有,有,7150000,78520,坡道機械,18.82,0,,RPPOMLMLPHGGFBJ28EA,41.93,0.0,4.31,有,
竹東鎮,房地(土地+建物)+車位,新竹縣竹東鎮新民路９３巷２０號,93.0,住,,,1100602,土地1建物1車位1,全,四層,透天厝,住商用,鋼筋混凝土造,1091013,212.24,4,3,4,有,無,15800000,74444,一樓平面,0.0,0,,RPTNMLMLPHGGFCJ58DA,193.57,0.0,18.67,無,
新豐鄉,土地,中崙段1398地號,1561.0,,特定農業區,農牧用地,1100621,土地1建物0車位0,,,其他,,,,0.0,0,0,0,有,無,4660000,2985,,0.0,0,,RPRNMLMLOHGGFDJ38DA,0.0,0.0,0.0,無,
湖口鄉,房地(土地+建物),新竹縣湖口鄉健康街３５號,69.0,住,,,1100615,土地1建物1車位0,全,四層,透天厝,住家用,鋼筋混凝土造,0821222,190.8,7,2,4,有,無,8380000,43920,,0.0,0,一樓空地前後、四樓後段、五樓增建其他增建；,RPRNMLLLPHGGFDJ38DA,182.7,0.0,8.1,無,
湖口鄉,房地(土地+建物),新竹縣湖口鄉中正路二段３２４巷４５號,86.61,住,,,1100620,土地2建物1車位0,全,四層,透天厝,住家用,鋼筋混凝土造,1100205,194.57,4,2,5,有,無,7990000,41065,,0.0,0,,RPPNMLPKPHGGFDJ48DA,165.03,0.0,29.54,無,
竹北市,房地(土地+建物)+車位,新竹縣竹北市隘口二路１２巷７號十一樓,31.52,住,,,1100620,土地1建物1車位2,十一層,十三層,住宅大樓(11層含以上有電梯),住家用,鋼筋混凝土造,1000720,204.13,3,2,2,有,有,26460000,129623,坡道機械,0.0,0,,RPUNMLLLPHGGFBJ48DA,94.23,13.58,9.41,有,
竹北市,房地(土地+建物)+車位,新竹縣竹北市泰和一街９１號五樓,25.99,住,,,1100608,土地3建物1車位1,五層,五層,華廈(10層含以下有電梯),住家用,鋼筋混凝土造,0821119,110.11,3,2,2,有,有,5300000,48134,坡道機械,0.0,0,,RPSNMLNLPHGGFBJ48DA,70.99,0.0,4.32,有,0572
竹北市,房地(土地+建物)+車位,新竹縣竹北市四維街９５巷９之２號二樓,21.59,住,,,1100626,土地1建物1車位1,二層,七層,華廈(10層含以下有電梯),住家用,鋼筋混凝土造,0820118,128.26,2,2,2,有,有,5500000,42882,其他,0.0,0,,RPRNMLRKPHGGFBJ68DA,80.72,0.0,15.64,有,0573
新埔鎮,房地(土地+建物),新竹縣新埔鎮福祿三街１７１巷９號,78.87,,鄉村區,乙種建築用地,1100608,土地2建物1車位0,全,四層,透天厝,住家用,鋼筋混凝土造,1100323,196.53,4,2,4,有,有,15300000,77851,,0.0,0,,RPURMLOKPHGGFBJ09DA,196.53,0.0,0.0,無,0574
橫山鄉,土地,田寮段1066地號,9453.01,,山坡地保育區,林業用地,1100605,土地6建物0車位0,,,其他,,,,0.0,0,0,0,有,無,5000000,529,,0.0,0,,RPUOMLSJOHGGFCJ09DA,0.0,0.0,0.0,無,
竹北市,房地(土地+建物)+車位,新竹縣竹北市文忠路４１號五樓,69.61,住,,,1100611,土地1建物1車位1,五層,五層,華廈(10層含以下有電梯),住家用,鋼筋混凝土造,0961227,220.85,4,3,3,有,無,17500000,79239,坡道平面,0.0,0,頂樓加蓋；其他增建；,RPRNMLRKOHGGFBJ58DA,138.49,0.0,16.79,有,
竹北市,土地,貓兒錠段拔子窟小段368地號,1015.0,,特定農業區,農牧用地,1100624,土地1建物0車位0,,,其他,,,,0.0,0,0,0,有,無,5200000,5123,,0.0,0,,RPPNMLQLOHGGFBJ38DA,0.0,0.0,0.0,無,
竹北市,車位,新竹縣竹北市六家五路二段２０８號,2.66,住,,,1100630,土地1建物1車位1,一層,十五層,其他,商業用,鋼筋混凝土造,0980504,32.11,0,0,0,有,有,500000,,坡道平面,32.12,500000,僅車位交易；,RPOOMLMJPHGGFBJ87DA,0.0,0.0,0.0,有,0357
竹北市,土地,斗崙段頂斗崙小段101-2地號,7.12,都市：其他:道路用地,,,1100621,土地1建物0車位0,,,其他,,,,0.0,0,0,0,有,無,1023556,143758,,0.0,0,包含公共設施保留地用地；,RPUOMLTKPHGGFBJ66DA,0.0,0.0,0.0,無,0001
竹北市,土地,斗崙段頂斗崙小段119-4地號,12.28,都市：其他:道路用地,,,1100621,土地1建物0車位0,,,其他,,,,0.0,0,0,0,有,無,1263982,102930,,0.0,0,包含公共設施保留地用地；,SPUOMLTKPHGGFBJ76DA,0.0,0.0,0.0,無,
竹北市,土地,斗崙段頂斗崙小段119-6地號,11.79,都市：其他:道路用地,,,1100621,土地1建物0車位0,,,其他,,,,0.0,0,0,0,有,無,1214535,103014,,0.0,0,包含公共設施保留地用地；,TPUOMLTKPHGGFBJ86DA,0.0,0.0,0.0,無,0054
竹北市,土地,竹北段249-1地號,59.94,都市：其他:道路用地,,,1100621,土地1建物0車位0,,,其他,,,,0.0,0,0,0,有,無,3352005,55923,,0.0,0,包含公共設施保留地用地；,UPUOMLTKPHGGFBJ96DA,0.0,0.0,0.0,無,0578
竹北市,房地(土地+建物)+車位,新竹縣竹北市勝利八街一段２３１號五樓之八,9.38,商,,,1100604,土地1建物1車位1,五層,二十七層,住宅大樓(11層含以上有電梯),住家用,鋼筋混凝土造,1050608,124.76,2,1,1,有,有,11950000,95784,坡道平面,29.81,0,含仲介費；,RPROMLKLPHGGFBJ18DA,56.97,1.25,6.15,有,0579
竹北市,房地(土地+建物)+車位,新竹縣竹北市科大一路１８６號七樓,18.67,住,,,1100601,土地1建物1車位1,七層,十三層,住宅大樓(11層含以上有電梯),住家用,鋼筋混凝土造,1010531,132.24,2,1,1,有,有,8288000,62674,坡道平面,0.0,0,,RPWOMLTKPHGGFBJ86DA,59.07,4.52,4.66,有,0580
新豐鄉,土地,福興段後湖子小段1743地號,2000.0,,特定農業區,農牧用地,1100622,土地1建物0車位0,,,其他,,,,0.0,0,0,0,有,無,5000000,2500,,0.0,0,,RPUOMLMLPHGGFDJ88DA,0.0,0.0,0.0,無,
寶山鄉,房地(土地+建物),新竹縣寶山鄉新珊路２６９巷１８號,2564.0,,山坡地保育區,農牧用地,1100626,土地1建物1車位0,全,二層,透天厝,農業用,木造、鋼骨造,1001025,396.18,3,2,3,有,無,13000000,32813,,0.0,0,含土地增值稅或其他稅費；含仲介費；含地政士服務費；農作物；,RPSNMLNKPHGGFCJ48DA,396.18,0.0,0.0,無,
竹東鎮,車位,新竹縣竹東鎮富貴街１００號一樓等,0.0,,,,1100630,土地0建物1車位1,,,其他,,,,30.03,0,0,0,有,有,1100000,,坡道平面,30.0,1100000,僅車位交易；,RPRNMLTKPHGGFCJ98DA,0.0,0.0,0.0,有,0581
峨眉鄉,土地,赤柯山段305地號,3701.06,,山坡地保育區,農牧用地,1100623,土地3建物0車位0,,,其他,,,,0.0,0,0,0,有,無,3920000,1059,,0.0,0,交易價格包含其他買賣登記案件標的之價格。,RPPNMLSJPHGGFCJ58DA,0.0,0.0,0.0,無,
竹北市,房地(土地+建物)+車位,新竹縣竹北市文采街４５號五樓,31.52,住,,,1100616,土地1建物1車位1,五層,十層,華廈(10層含以下有電梯),住家用,鋼筋混凝土造,0940418,144.69,4,2,2,有,有,11500000,79480,坡道平面,0.0,0,陽台外推；夾層；,RPUOMLNLPHGGFBJ88EA,73.04,1.33,9.28,有,0582
竹東鎮,房地(土地+建物),新竹縣竹東鎮中豐路三段３３３巷３７號,93.24,,山坡地保育區,丙種建築用地,1100629,土地1建物1車位0,全,三層,透天厝,住家用,鋼筋混凝土造,0841222,210.59,3,2,4,有,有,6050000,28729,,0.0,0,,RPOOMLMLPHGGFCJ28EA,186.88,13.72,9.99,無,0583
竹東鎮,房地(土地+建物),新竹縣竹東鎮中興路四段９００巷５號三樓,16.09,都市：其他:住二,,,1100619,土地1建物1車位0,三層,七層,華廈(10層含以下有電梯),住家用,鋼筋混凝土造,0820712,91.8,2,1,1,有,有,3300000,35948,,0.0,0,,RPRNMLNLPHGGFCJ58EA,60.7,0.0,8.71,有,
竹東鎮,房地(土地+建物)+車位,新竹縣竹東鎮中興路四段９００巷７號三樓,15.74,都市：其他:住二,,,1100619,土地1建物1車位1,三層,七層,華廈(10層含以下有電梯),住家用,鋼筋混凝土造,0820712,90.15,1,1,1,有,有,3900000,43261,坡道平面,0.0,800000,,RPSNMLNLPHGGFCJ68EA,59.17,0.0,5.89,有,
竹東鎮,房地(土地+建物),新竹縣竹東鎮文林路１２９號,95.36,住,,,1100627,土地2建物1車位0,全,四層,透天厝,住家用,鋼筋混凝土造,0881105,219.42000000000002,4,2,3,有,無,10600000,48309,,0.0,0,,RPPNMLQLPHGGFCJ68EA,197.16,15.12,5.84,無,
尖石鄉,土地,梅花段313-1地號,169.0,,山坡地保育區,交通用地,1100623,土地1建物0車位0,,,其他,,,,0.0,0,0,0,有,無,23660,140,,0.0,0,地清或未辦繼承標售；,RPPNMLNLPHGGFCJ38EA,0.0,0.0,0.0,無,
竹北市,房地(土地+建物)+車位,新竹縣竹北市興隆路一段６３１號十三樓之九,26.0,住,,,1100627,土地1建物1車位1,十三層,十五層,住宅大樓(11層含以上有電梯),住家用,鋼筋混凝土造,1071026,167.65,3,2,2,有,有,16500000,98419,坡道平面,33.03,0,,RPVOMLNLPHGGFBJ98EA,70.99,7.67,9.04,有,0584
竹北市,土地,省道段965地號,308.04,都市：其他:道路用地,,,1100621,土地1建物0車位0,,,其他,,,,0.0,0,0,0,有,無,11482837,37277,,0.0,0,,RPQOMLMLPHGGFBJ38EA,0.0,0.0,0.0,無,
芎林鄉,房地(土地+建物),新竹縣芎林鄉文富街１２巷８號,74.44,住,,,1100626,土地3建物1車位0,全,四層,透天厝,住家用,鋼筋混凝土造,1091207,200.83,5,3,6,有,無,15200000,75686,,0.0,0,陽台外推；,RPRNMLKLPHGGFCJ18DA,177.55,0.0,23.28,有,
湖口鄉,房地(土地+建物),新竹縣湖口鄉長富路二段５巷２９號,175.0,,特定農業區,甲種建築用地,1100627,土地1建物1車位0,全,三層,透天厝,住家用,鋼筋混凝土造,0801123,213.1,7,2,3,有,無,7100000,33318,,0.0,0,,RPUNMLMKPHGGFDJ68DA,189.0,13.8,10.3,無,
湖口鄉,房地(土地+建物),新竹縣湖口鄉錦州三街４２號四樓,16.86,,工業區,丁種建築用地,1100605,土地1建物1車位0,四層,五層,華廈(10層含以下有電梯),住家用,鋼筋混凝土造,1040415,90.11,3,2,2,有,有,5880000,65254,,0.0,0,,RPUOMLSJOHGGFDJ56DA,70.28,1.6,6.04,有,0585
竹北市,房地(土地+建物)+車位,新竹縣竹北市勝利八街一段２３３號二十七樓之七,12.63,商,,,1100622,土地1建物1車位2,二十七層,二十七層,住宅大樓(11層含以上有電梯),住家用,鋼筋混凝土造,1050608,174.71,3,2,2,有,有,16000000,91580,坡道平面,59.62,0,,RPQOMLMJPHGGFBJ08DA,64.83,7.74,5.47,有,0586
新埔鎮,房地(土地+建物)+車位,新竹縣新埔鎮壹山街１２８巷８６號,521.62,,鄉村區,乙種建築用地,1100619,土地48建物1車位4,全,四層,透天厝,住家用,鋼筋混凝土造,1081004,491.5,6,3,7,有,有,48580000,98840,坡道平面,0.0,0,,RPVNMLSJPHGGFBJ09DA,437.58,0.02,53.91,有,
竹北市,房地(土地+建物)+車位,新竹縣竹北市環北路一段３５０巷７１號二樓之二,26.62,,特定農業區,甲種建築用地,1100605,土地1建物1車位1,二層,七層,華廈(10層含以下有電梯),住家用,鋼筋混凝土造,1100325,91.82,2,2,1,有,有,6200000,67559,升降機械,10.41,700000,,RPQQMLQKOHGGFBJ68DA,56.35,0.0,4.27,有,
竹北市,房地(土地+建物)+車位,新竹縣竹北市隘口八街９５號四樓,28.3,住,,,1100606,土地1建物1車位2,四層,十三層,住宅大樓(11層含以上有電梯),住家用,鋼筋混凝土造,0970723,215.03,3,2,2,有,有,14800000,68828,坡道平面,65.62,0,,RPUOMLQKOHGGFBJ88DA,94.14,5.92,5.1,有,0587
新埔鎮,房地(土地+建物)+車位,新竹縣新埔鎮田新路１６６號三樓之一,25.44,商,,,1100629,土地1建物1車位1,三層,十四層,住宅大樓(11層含以上有電梯),住家用,鋼筋混凝土造,1081216,170.82,2,2,2,有,有,8500000,49760,坡道平面,28.33,0,,RPQNMLPJPHGGFBJ28DA,86.36,5.16,11.58,有,0588
竹北市,土地,中興段732-17地號,152.96,都市：其他:道路用地,,,1100622,土地1建物0車位0,,,其他,,,,0.0,0,0,0,有,無,12300000,80413,,0.0,0,包含公共設施保留地用地；,RPXOMLPJPHGGFBJ09DA,0.0,0.0,0.0,無,
竹北市,房地(土地+建物)+車位,新竹縣竹北市勝利八街一段２２９號十四樓之七,8.68,商,,,1100609,土地1建物1車位1,十四層,二十七層,住宅大樓(11層含以上有電梯),住家用,鋼筋混凝土造,1050608,115.12,2,2,1,有,有,9700000,84260,坡道平面,29.81,0,,RPSNMLNKPHGGFBJ38DA,50.57,1.25,6.15,有,0589
竹北市,房地(土地+建物),新竹縣竹北市中央路２３９號二樓,22.0,住,,,1100628,土地1建物1車位0,二層,八層,公寓(5樓含以下無電梯),住家用,鋼筋混凝土造,0841116,120.92999999999999,3,1,2,有,無,6000000,49615,,0.0,0,,RPRNMLNLPHGGFBJ38DA,81.46,0.0,11.42,無,
竹北市,房地(土地+建物)+車位,新竹縣竹北市嘉豐一街１１７號二樓,29.4,住,,,1100604,土地1建物1車位1,二層,十層,華廈(10層含以下有電梯),住家用,鋼筋混凝土造,0920321,152.81,3,2,2,有,有,15100000,98822,坡道平面,0.0,0,陽台外推；,RPSNMLQLPHGGFBJ78DA,76.68,0.0,11.44,有,
湖口鄉,房地(土地+建物),新竹縣湖口鄉天津五街２８號二樓,18.15,,工業區,丁種建築用地,1100630,土地1建物1車位0,二層,五層,華廈(10層含以下有電梯),住家用,鋼筋混凝土造,1050926,78.33,3,3,3,有,有,3900000,49789,,0.0,0,,RPTNMLMKPHGGFDJ58DA,53.65,0.0,6.89,有,0590
新豐鄉,房地(土地+建物),新竹縣新豐鄉新庄路１３５號七樓,19.07,住,,,1100627,土地1建物1車位0,七層,七層,公寓(5樓含以下無電梯),住家用,鋼筋混凝土造,0821103,102.4,3,1,2,有,有,3200000,31250,,0.0,0,,RPQNMLNLPHGGFDJ48DA,68.26,0.62,11.01,無,0591
新豐鄉,房地(土地+建物),新竹縣新豐鄉中崙３２７號五樓,31.31,,特定農業區,甲種建築用地,1100614,土地1建物1車位0,五層,五層,公寓(5樓含以下無電梯),住家用,鋼筋混凝土造,0860804,104.59,3,2,2,有,有,2550000,24381,,0.0,0,陽台搭起其他增建；,RPQOMLMLPHGGFDJ48DA,77.08,0.0,9.01,無,0592
湖口鄉,土地,下北勢段下北勢小段1035-1地號,1133.0,,特定農業區,農牧用地,1100630,土地1建物0車位0,,,其他,,,,0.0,0,0,0,有,無,6854600,6050,,0.0,0,,RPQNMLPLPHGGFDJ68DA,0.0,0.0,0.0,無,
竹東鎮,房地(土地+建物)+車位,新竹縣竹東鎮北興路三段５８０號十二樓,15.09,住,,,1100623,土地1建物1車位1,十二層,十二層,住宅大樓(11層含以上有電梯),住家用,鋼筋混凝土造,0961224,142.16,3,2,2,有,有,7380000,51913,坡道平面,0.0,0,含土地增值稅或其他稅費；含仲介費；含地政士服務費；,RPPNMLMLPHGGFCJ18DA,79.52,0.77,11.65,有,
寶山鄉,房地(土地+建物)+車位,新竹縣寶山鄉雙豐二街２３號六樓,23.86,住,,,1100626,土地1建物1車位1,六層,六層,華廈(10層含以下有電梯),住家用,鋼筋混凝土造,0821117,101.07,3,2,2,有,有,4450000,44029,一樓平面,0.0,0,其他：頂樓、陽台加窗陽台外推；其他增建；,RPTNMLNLPHGGFCJ68DA,66.21,0.0,8.26,有,
橫山鄉,土地,豐鄉段1174地號,1556.77,,山坡地保育區,林業用地,1100615,土地4建物0車位0,,,其他,,,,0.0,0,0,0,有,無,2200000,1413,,0.0,0,買賣總價款含土地改良費用環境綠美化工程費用農作物；,RPPOMLNLPHGGFCJ38DA,0.0,0.0,0.0,無,
竹北市,房地(土地+建物)+車位,新竹縣竹北市新工五路１１號二樓之十一,21.36,住,,,1100624,土地1建物1車位2,二層,十層,華廈(10層含以下有電梯),住家用,鋼筋混凝土造,1030128,119.41,2,2,2,有,有,6810000,57030,坡道平面,30.82,0,,RPWOMLNLPHGGFBJ09EA,57.02,2.61,3.88,有,0593
寶山鄉,土地,雞油凸段雞油凸小段582地號,1116.0,,山坡地保育區,農牧用地,1100612,土地1建物0車位0,,,其他,,,,0.0,0,0,0,有,無,1580000,1416,,0.0,0,,RPUNMLQLPHGGFCJ56EA,0.0,0.0,0.0,無,0023
寶山鄉,土地,雞油凸段雞油凸小段582地號,483.0,,山坡地保育區,農牧用地,1100612,土地1建物0車位0,,,其他,,,,0.0,0,0,0,有,無,768000,1590,,0.0,0,,RPVNMLQLPHGGFCJ66EA,0.0,0.0,0.0,無,0023
寶山鄉,土地,雞油凸段雞油凸小段582地號,966.0,,山坡地保育區,農牧用地,1100612,土地1建物0車位0,,,其他,,,,0.0,0,0,0,有,無,4500000,4658,,0.0,0,,RPWNMLQLPHGGFCJ76EA,0.0,0.0,0.0,無,0023
竹東鎮,房地(土地+建物),新竹縣竹東鎮長春路三段１５５號六樓,13.68,住,,,1100630,土地1建物1車位0,六層,十二層,住宅大樓(11層含以上有電梯),住家用,鋼筋混凝土造,0820729,110.78,3,2,2,有,有,4400000,39718,,0.0,0,,RPUOMLQLPHGGFCJ66EA,70.78,2.01,12.83,有,
竹東鎮,房地(土地+建物),新竹縣竹東鎮和江街３９３巷６６弄３５號,154.98,住,,,1100624,土地9建物1車位0,全,三層,透天厝,住家用,鋼筋混凝土造,1040322,173.04,5,2,3,有,有,14300000,82640,,0.0,0,,RPQNMLRLPHGGFCJ88EA,168.34,0.0,4.69,無,0597
湖口鄉,土地,中美段1041-6地號,171.17,住,,,1100618,土地1建物0車位0,,,其他,,,,0.0,0,0,0,無,無,8285000,48402,,0.0,0,,RPTOMLRLPHGGFDJ76EA,0.0,0.0,0.0,無,
寶山鄉,土地,雞油凸段雞油凸小段582地號,966.0,,山坡地保育區,農牧用地,1100612,土地1建物0車位0,,,其他,,,,0.0,0,0,0,有,無,1580000,1636,,0.0,0,,RPXNMLQLPHGGFCJ86EA,0.0,0.0,0.0,無,0023
寶山鄉,土地,雞油凸段雞油凸小段582地號,483.0,,山坡地保育區,農牧用地,1100612,土地1建物0車位0,,,其他,,,,0.0,0,0,0,有,無,2500000,5176,,0.0,0,,RPOOMLQLPHGGFCJ68EA,0.0,0.0,0.0,無,0023
寶山鄉,土地,雙龍段715地號,2187.73,,山坡地保育區,農牧用地,1100630,土地3建物0車位0,,,其他,,,,0.0,0,0,0,有,無,12800000,5851,,0.0,0,,RPPNMLRLPHGGFCJ68DA,0.0,0.0,0.0,無,0600
橫山鄉,土地,大肚段香園小段271地號,1366.0,,特定農業區,農牧用地,1100618,土地1建物0車位0,,,其他,,,,0.0,0,0,0,有,無,6000000,4392,,0.0,0,親友、員工、共有人或其他特殊關係間之交易；,RPSNMLRLPHGGFCJ98DA,0.0,0.0,0.0,無,0601
竹東鎮,房地(土地+建物),新竹縣竹東鎮仁愛路３７０巷１３弄２號,105.51,住,,,1100615,土地3建物1車位0,全,四層,透天厝,住家用,鋼筋混凝土造,1090121,233.7,4,2,4,有,無,18800000,80445,,0.0,0,,RPROMLMLPHGGFCJ48DA,213.42,0.0,20.28,有,
竹東鎮,土地,柯子湖段355-4地號,66.14,,,,1100604,土地1建物0車位0,,,其他,,,,0.0,0,0,0,有,無,1400000,21167,,0.0,0,,RPROMLQLPHGGFCJ88DA,0.0,0.0,0.0,無,0602
芎林鄉,房地(土地+建物),新竹縣芎林鄉光明一街５５巷３號,79.91,住,,,1100617,土地2建物1車位0,全,四層,透天厝,住家用,鋼筋混凝土造,1100208,197.47,4,2,5,有,有,14080000,71302,,0.0,0,,RPSNMLSJPHGGFCJ88DA,172.24,0.0,25.23,無,
新豐鄉,土地,中崙段1068地號,2000.0,,特定農業區,農牧用地,1100611,土地1建物0車位0,,,其他,,,,0.0,0,0,0,有,無,7139000,3570,,0.0,0,,RPSNMLNKPHGGFDJ58DA,0.0,0.0,0.0,無,
新豐鄉,房地(土地+建物)+車位,新竹縣新豐鄉保康街４０巷１弄８號五樓,34.51,住,,,1100627,土地1建物1車位1,五層,五層,華廈(10層含以下有電梯),住家用,鋼筋混凝土造,0970601,99.62,3,2,2,有,有,6000000,60229,一樓平面,14.64,0,交易內含機車位1個,RPQSNLTLOHGGFDJ96DA,62.46,0.0,7.05,有,
新豐鄉,房地(土地+建物),新竹縣新豐鄉自立街９７巷６弄５號,85.71,住,,,1100610,土地2建物1車位0,全,四層,透天厝,住家用,鋼筋混凝土造,1031105,185.31,5,2,4,有,無,10500000,56662,,0.0,0,,RPQOMLNLOHGGFDJ48DA,179.52,0.0,5.79,無,0603
寶山鄉,房地(土地+建物),新竹縣寶山鄉竹園路７０巷２１號,526.46,,山坡地保育區,丙種建築用地,1100609,土地11建物1車位0,全,三層,透天厝,住家用,鋼筋混凝土造,0930415,269.5,4,3,4,有,有,15000000,55659,,0.0,0,,RPPNMLNKOHGGFCJ08DA,255.26,0.0,14.24,無,
竹北市,房地(土地+建物),新竹縣竹北市嘉政六街２１巷３３號,105.95,住,,,1100630,土地2建物1車位0,全,四層,透天厝,住家用,鋼筋混凝土造,0961109,315.09,5,3,4,有,有,26000000,82516,,0.0,0,陽台外推；其他增建；,RPWOMLQKPHGGFBJ56DA,239.91,11.92,29.2,無,
竹北市,房地(土地+建物)+車位,新竹縣竹北市六家五路一段２３１號三樓,16.61,商,,,1100613,土地1建物1車位1,三層,十四層,住宅大樓(11層含以上有電梯),住家用,鋼筋混凝土造,1030127,138.79000000000002,2,2,2,有,有,12500000,90064,坡道平面,0.0,0,,RPPNMLQLPHGGFBJ48DA,64.56,2.95,2.92,有,0604
竹北市,房地(土地+建物)+車位,新竹縣竹北市嘉興二街６１號七樓,33.81,住,,,1100623,土地1建物1車位2,七層,十四層,住宅大樓(11層含以上有電梯),住家用,鋼筋混凝土造,1020802,228.01,4,2,2,有,有,21000000,92101,坡道平面,64.79,0,,RPSOMLRLPHGGFBJ98DA,98.42,7.91,7.45,有,0605
竹北市,房地(土地+建物)+車位,新竹縣竹北市新光一街５２號九樓,15.61,住,,,1100608,土地1建物1車位1,九層,十三層,住宅大樓(11層含以上有電梯),住家用,鋼筋混凝土造,1030826,120.86,2,2,1,有,有,8650000,71570,坡道平面,36.61,0,陽台外推；,RPQNMLRLPHGGFBJ68DA,45.92,3.48,8.02,有,0606
竹北市,房地(土地+建物),新竹縣竹北市縣政八街６０號九樓,20.01,商,,,1100614,土地1建物1車位0,九層,九層,華廈(10層含以下有電梯),住家用,鋼筋混凝土造,0820712,113.92,7,7,7,有,有,9900000,86903,,0.0,0,頂樓增建其他增建；,RPVOMLLLPHGGFBJ68DA,79.94,0.77,10.54,有,0607
竹北市,房地(土地+建物)+車位,新竹縣竹北市高鐵一路３號,59.68,商,,,1100601,土地1建物1車位2,一層，二層，騎樓,十九層,住宅大樓(11層含以上有電梯),商業用,鋼筋混凝土造,0991230,494.6,0,0,2,有,有,46000000,98407,坡道平面,57.64,3000000,,RPWOMLLLPHGGFBJ78DA,322.81,3.61,22.96,有,
竹北市,房地(土地+建物),新竹縣竹北市三民路１１６號五樓,22.22,住,,,1100628,土地1建物1車位0,五層,七層,華廈(10層含以下有電梯),住家用,鋼筋混凝土造,0830519,118.99,4,1,2,有,有,6000000,50424,,0.0,0,,RPVNMLLLPHGGFBJ58DA,77.86,0.0,13.75,有,0608
竹北市,房地(土地+建物)+車位,新竹縣竹北市北新一街２３號二樓之三,9.56,商,,,1100621,土地1建物1車位1,二層,二十四層,住宅大樓(11層含以上有電梯),住家用,鋼筋混凝土造,1091225,122.63,2,2,1,有,有,8880000,72413,坡道平面,29.41,0,,RPWOMLQLOHGGFBJ56DA,57.48,0.0,5.64,有,0609
竹北市,房地(土地+建物)+車位,新竹縣竹北市勝利十一路２６０號十二樓之七,8.21,商,,,1100605,土地1建物1車位1,十二層,二十三層,住宅大樓(11層含以上有電梯),住家用,鋼筋混凝土造,1051101,117.61,2,2,1,有,有,11000000,93529,坡道平面,30.03,0,,RPRNMLTJPHGGFBJ78DA,50.99,1.76,5.38,有,0610
竹北市,土地,溪洲段361地號,2270.0,,特定農業區,農牧用地,1100607,土地1建物0車位0,,,其他,,,,0.0,0,0,0,有,無,25000000,11013,,0.0,0,,RPWNMLQLPHGGFBJ56DA,0.0,0.0,0.0,無,
竹北市,房地(土地+建物),新竹縣竹北市中正西路２８０巷１６弄１２號五樓,27.76,住,,,1100623,土地2建物1車位0,五層,五層,公寓(5樓含以下無電梯),住家用,鋼筋混凝土造,0810604,110.53,3,2,2,有,無,4500000,40713,,0.0,0,,RPQNMLPLPHGGFBJ48DA,75.47,0.0,8.84,無,
新豐鄉,房地(土地+建物),新竹縣新豐鄉員山１３１之１１８號,82.54,,山坡地保育區,丙種建築用地,1100623,土地3建物1車位0,全,三層,透天厝,住家用,鋼筋混凝土造,1100129,159.04,4,2,3,有,有,8350000,52503,,0.0,0,親友、員工、共有人或其他特殊關係間之交易；,RPPNMLRLPHGGFDJ78DA,143.74,0.0,15.3,無,0611
竹東鎮,房地(土地+建物)+車位,新竹縣竹東鎮北興路二段３０１巷１６號十樓,16.47,住,,,1100619,土地2建物1車位1,十層,十層,華廈(10層含以下有電梯),住家用,鋼筋混凝土造,0961016,97.24000000000001,1,2,1,有,有,5100000,52448,坡道平面,0.0,0,,RPWNMLNLPHGGFCJ98DA,44.23,0.0,1.55,有,0612
竹北市,房地(土地+建物),新竹縣竹北市白地街１２１號,1932.0,,特定農業區,農牧用地,1100609,土地1建物1車位0,全,一層,透天厝,農業用,鋼骨造,1011017,192.65,5,3,3,有,無,45000000,233584,,0.0,0,,RPPNMLRLPHGGFBJ68EA,192.65,0.0,0.0,無,0613
竹北市,房地(土地+建物)+車位,新竹縣竹北市縣政八街６８巷３號十八樓,36.66,商,,,1100623,土地1建物1車位3,十八層,二十三層,住宅大樓(11層含以上有電梯),住家用,鋼筋混凝土造,0960731,442.74,6,2,3,有,有,28700000,64824,坡道平面,0.0,0,,RPRNMLSLPHGGFBJ98EA,216.6,5.39,27.18,有,0614
竹東鎮,房地(土地+建物),新竹縣竹東鎮長春路三段３７４號三樓之１０,11.84,住,,,1100613,土地1建物2車位0,三層,七層,華廈(10層含以下有電梯),住家用,鋼筋混凝土造,0830303,87.19999999999999,2,2,1,有,有,2600000,29817,,0.0,0,,RPSNMLSLPHGGFCJ56EA,49.92,0.0,11.7,有,
竹東鎮,房地(土地+建物),新竹縣竹東鎮光明路２０巷５２弄２３號四樓,24.77,都市：其他:住一,,,1100626,土地4建物1車位0,四層,五層,華廈(10層含以下有電梯),住家用,鋼筋混凝土造,0810512,104.55,3,2,2,有,無,3050000,29173,,0.0,0,,RPUNMLSLPHGGFCJ76EA,69.73,0.0,7.16,有,0615
竹北市,房地(土地+建物)+車位,新竹縣竹北市新溪街２００巷６６弄２號,86.57,,特定農業區,甲種建築用地,1100626,土地2建物1車位1,全,四層,透天厝,住家用,鋼筋混凝土造,0870430,210.66,4,3,3,有,無,11400000,54116,其他,0.0,0,其他增建；,RPQOMLRLPHGGFBJ88EA,194.68,0.0,15.98,無,
竹北市,房地(土地+建物),新竹縣竹北市中山路５５５號,147.0,商,,,1100615,土地2建物1車位0,全,二層,透天厝,住家用,鋼筋混凝土造,0580701,183.52,6,2,3,有,無,15000000,81735,,0.0,0,親友、員工、共有人或其他特殊關係間之交易；頂樓加蓋；其他增建；,RPPNMLSLPHGGFBJ78EA,183.52,0.0,0.0,無,
竹北市,房地(土地+建物)+車位,新竹縣竹北市莊敬五街５１號三樓,12.85,商,,,1100620,土地1建物1車位1,三層,十四層,住宅大樓(11層含以上有電梯),住家用,鋼筋混凝土造,0940923,147.25,3,2,2,有,有,15350000,104244,坡道平面,0.0,0,,RPWOMLQLPHGGFBJ76EA,84.01,4.51,3.98,有,
湖口鄉,房地(土地+建物),新竹縣湖口鄉中正路二段３２４巷４３號,86.37,住,,,1100613,土地2建物1車位0,全,四層,透天厝,住家用,鋼筋混凝土造,1100205,194.38,4,2,5,有,無,9000000,46301,,0.0,0,陽台外推；,RPSNMLTKPHGGFDJ56DA,166.84,0.0,27.54,無,
關西鎮,土地,大旱坑段大東坑小段223-114地號,615.06,,山坡地保育區,林業用地,1100616,土地2建物0車位0,,,其他,,,,0.0,0,0,0,有,無,2790000,4536,,0.0,0,,RPQOMLSLPHGGFBJ88DA,0.0,0.0,0.0,無,0616
竹北市,房地(土地+建物)+車位,新竹縣竹北市新工五路１１號七樓之二,18.03,住,,,1100620,土地1建物1車位1,七層,十層,華廈(10層含以下有電梯),住家用,鋼筋混凝土造,1030128,104.18,2,1,1,有,有,5200000,49914,坡道平面,15.4,0,,RPQQMLTLPHGGFBJ56DA,46.4,1.75,3.47,有,0617
關西鎮,土地,大旱坑段大東坑小段57-35地號,9883.0,,山坡地保育區,農牧用地,1100606,土地1建物0車位0,,,其他,,,,0.0,0,0,0,有,無,31680000,3206,,0.0,0,,RPQNMLSLPHGGFBJ78DA,0.0,0.0,0.0,無,
竹北市,土地,貓兒錠段山腳小段1087-4地號,273.0,,特定農業區,農牧用地,1100607,土地1建物0車位0,,,其他,,,,0.0,0,0,0,有,無,920000,3370,,0.0,0,,RPTOMLRLPHGGFBJ09DA,0.0,0.0,0.0,無,
竹北市,土地,貓兒錠段山腳小段1088-3地號,316.0,,特定農業區,農牧用地,1100607,土地1建物0車位0,,,其他,,,,0.0,0,0,0,有,無,1070000,3386,,0.0,0,,RPUOMLRLPHGGFBJ56DA,0.0,0.0,0.0,無,
竹北市,車位,勝利八街一段３７９號等公共設施,0.0,,,,1100629,土地0建物1車位1,,,其他,,,,24.96,0,0,0,有,有,1650000,,坡道平面,24.96,1650000,僅車位交易；,RPVNMLRJPHGGFBJ98DA,0.0,0.0,0.0,有,
竹北市,房地(土地+建物),新竹縣竹北市莊敬六街９號五樓之三,4.42,商,,,1100624,土地1建物1車位0,五層,十五層,套房(1房1廳1衛),住家用,鋼筋混凝土造,0941114,40.55,1,1,1,有,有,4200000,103576,,0.0,0,,RPVNMLSLOHGGFBJ56DA,26.71,0.77,2.92,有,0618
竹北市,土地,斗崙段頂斗崙小段134-3地號,71.94,都市：其他:道路用地,,,1100610,土地5建物0車位0,,,其他,,,,0.0,0,0,0,有,無,5906040,82097,,0.0,0,包含公共設施保留地用地；,RPOPMLKKOHGGFBJ77DA,0.0,0.0,0.0,無,0461
竹北市,房地(土地+建物)+車位,新竹縣竹北市 興隆路一段４５號十二樓,20.09,住,,,1100625,土地1建物1車位1,十二層,十五層,住宅大樓(11層含以上有電梯),住家用,鋼筋混凝土造,1011012,148.2,3,2,1,有,有,11300000,76248,坡道平面,0.0,0,,RPPPMLQJPHGGFBJ48DA,58.23,6.53,9.32,有,0620
竹北市,房地(土地+建物)+車位,新竹縣竹北市高鐵七路６５號六樓之五,21.02,商,,,1100622,土地1建物1車位1,六層,十八層,住宅大樓(11層含以上有電梯),商業用,鋼筋混凝土造,0990208,188.14,0,0,0,無,有,14420000,76645,坡道平面,37.64,0,,RPRNMLSLPHGGFBJ88DA,96.27,0.0,0.0,有,
竹北市,土地,馬麟厝段489-7地號,132.0,,特定農業區,甲種建築用地,1100617,土地1建物0車位0,,,其他,,,,0.0,0,0,0,有,無,8580000,65000,,0.0,0,,RPPNMLLMPHGGFBJ08DA,0.0,0.0,0.0,無,
湖口鄉,房地(土地+建物)+車位,新竹縣湖口鄉中平路一段７０６號六樓,35.18,,特定農業區,甲種建築用地,1100630,土地2建物1車位1,六層,七層,華廈(10層含以下有電梯),住家用,鋼筋混凝土造,1041010,170.66,3,2,2,有,有,6200000,36330,坡道平面,0.0,0,另有機車位編號63,RPTNMLTJPHGGFDJ56DA,71.91,4.93,7.48,有,0621
湖口鄉,土地,光華段22地號,96.74,住,,,1100613,土地1建物0車位0,,,其他,,,,0.0,0,0,0,有,無,4600000,47550,,0.0,0,,RPTNMLKLPHGGFDJ48DA,0.0,0.0,0.0,無,0622
竹東鎮,房地(土地+建物)+車位,新竹縣竹東鎮北興路二段８１巷６弄７號五、六樓,25.11,住,,,1100627,土地1建物1車位1,五層，六層,十四層,住宅大樓(11層含以上有電梯),住家用,鋼筋混凝土造,0890421,225.98000000000002,4,2,3,有,有,8300000,36729,坡道平面,0.0,0,其他增建；,RPRPMLQJPHGGFCJ78DA,132.59,0.0,16.22,有,
竹北市,房地(土地+建物)+車位,新竹縣竹北市縣政十街８號四樓之三,5.31,商,,,1100630,土地1建物1車位1,四層,十層,華廈(10層含以下有電梯),商業用,鋼筋混凝土造,0950908,60.15,1,1,1,有,有,5400000,89776,坡道平面,0.0,0,陽台外推；夾層；,RPPOMLRLPHGGFBJ78EA,21.52,0.0,3.15,有,0623
北埔鄉,土地,南埔段番婆坑小段239-222地號,678.0,,山坡地保育區,林業用地,1100610,土地2建物0車位0,,,其他,,,,0.0,0,0,0,有,無,500000,737,,0.0,0,,RPPOMLKMPHGGFCJ28EA,0.0,0.0,0.0,無,
新豐鄉,房地(土地+建物),新竹縣新豐鄉員山１３２之６１號,143.35,,山坡地保育區,丙種建築用地,1100630,土地2建物1車位0,全,四層,透天厝,住家用,鋼筋混凝土造,0981115,329.32,5,2,4,有,有,14200000,43119,,0.0,0,,RPSNMLTLPHGGFDJ76EA,298.64,0.0,30.68,無,0624
竹北市,房地(土地+建物),新竹縣竹北市中華路１１巷１弄１２號,88.85,住,,,1100616,土地7建物1車位0,全,三層,透天厝,住家用,鋼筋混凝土造,0970512,244.86,3,2,3,有,有,17450000,71265,,0.0,0,,RPPNMLMJQHGGFBJ08EA,208.24,1.51,6.68,無,
竹東鎮,房地(土地+建物)+車位,新竹縣竹東鎮自由街１２０巷１５號四樓之２,23.67,都市：其他:住一,,,1100620,土地1建物1車位1,四層,十一層,住宅大樓(11層含以上有電梯),住家用,鋼筋混凝土造,0851224,144.65,5,2,2,有,有,5150000,35603,坡道平面,0.0,0,夾層；,RPQNMLSLPHGGFCJ88DA,78.55,0.51,10.46,有,
竹東鎮,土地,二重埔段302-91地號,443.0,工,,,1100603,土地1建物0車位0,,,其他,,,,0.0,0,0,0,有,無,10630000,23995,,0.0,0,,RPOOMLPKPHGGFCJ38DA,0.0,0.0,0.0,無,0625
竹東鎮,土地,二重埔段302-14地號,1266.9,工,,,1100601,土地2建物0車位0,,,其他,,,,0.0,0,0,0,有,無,26670000,21051,,0.0,0,,RPTNMLTJPHGGFCJ09DA,0.0,0.0,0.0,無,
新豐鄉,房地(土地+建物),新竹縣新豐鄉明新街２００巷６弄２號五樓,23.46,,鄉村區,乙種建築用地,1100629,土地2建物1車位0,五層,五層,華廈(10層含以下有電梯),住家用,鋼筋混凝土造,0940620,71.34,4,0,4,有,有,3300000,46257,,0.0,0,,RPPNMLLMPHGGFDJ28DA,59.39,0.0,0.0,有,0626
新豐鄉,土地,永寧段366-1地號,189.97,住,,,1100624,土地1建物0車位0,,,其他,,,,0.0,0,0,0,有,無,4050300,21321,,0.0,0,親友、員工、共有人或其他特殊關係間之交易；,RPPNMLPJPHGGFDJ38DA,0.0,0.0,0.0,無,
竹北市,房地(土地+建物)+車位,新竹縣竹北市隘口六街２７號,24.72,住,,,1100606,土地1建物1車位1,一層,九層,華廈(10層含以下有電梯),商業用,鋼筋混凝土造,0970609,121.77000000000001,0,0,0,無,有,18600000,152747,坡道機械,0.0,0,,RPPOMLKKOHGGFBJ77DA,74.56,0.0,0.0,有,0627
湖口鄉,房地(土地+建物)+車位,新竹縣湖口鄉松江二街１０３號二樓之３,18.59,,工業區,丁種建築用地,1100616,土地1建物1車位1,二層,五層,華廈(10層含以下有電梯),住家用,鋼筋混凝土造,1020610,89.32000000000001,2,2,2,有,有,4460000,49933,升降平面,0.0,0,,RPRNMLKMOHGGFDJ28DA,54.72,5.67,6.4,有,0628
湖口鄉,房地(土地+建物),新竹縣湖口鄉興華街５５號二樓之１,22.44,,工業區,丁種建築用地,1100628,土地1建物1車位0,二層,五層,華廈(10層含以下有電梯),住家用,鋼筋混凝土造,0950720,89.8,5,0,5,有,有,3820000,42539,,0.0,0,,RPSNMLTJPHGGFDJ09DA,69.43,0.0,5.28,有,0629
新豐鄉,房地(土地+建物),新竹縣新豐鄉忠孝路１５號,126.57,住,,,1100622,土地1建物1車位0,全,三層,透天厝,住商用,鋼筋混凝土造,0870102,252.78,5,2,6,有,無,7000000,27692,,0.0,0,親友、員工、共有人或其他特殊關係間之交易；,RPQNMLNJQHGGFDJ38DA,233.61,8.4,10.77,無,
湖口鄉,土地,下北勢段下北勢小段556地號,70.0,,特定農業區,農牧用地,1100619,土地1建物0車位0,,,其他,,,,0.0,0,0,0,有,無,232925,3328,,0.0,0,,RPRNMLLJQHGGFDJ28DA,0.0,0.0,0.0,無,
橫山鄉,土地,下大窩段472地號,15501.9,,山坡地保育區,農牧用地,1100616,土地8建物0車位0,,,其他,,,,0.0,0,0,0,有,無,13000000,839,,0.0,0,,RPOOMLQKPHGGFCJ48DA,0.0,0.0,0.0,無,
芎林鄉,房地(土地+建物),新竹縣芎林鄉文德七街９６號,72.75,住,,,1100627,土地1建物1車位0,全,四層,透天厝,住家用,鋼筋混凝土造,1100330,213.87,5,2,4,有,無,16800000,78552,,0.0,0,,RPOOMLKMPHGGFCJ08DA,198.24,0.0,15.63,無,
寶山鄉,房地(土地+建物),新竹縣寶山鄉嵩翠路８１巷８號,232.0,,山坡地保育區,丙種建築用地,1100620,土地1建物1車位0,全,三層,透天厝,住家用,鋼筋混凝土造,0911111,250.94,4,2,3,有,有,18000000,71730,,0.0,0,,RPRNMLNJQHGGFCJ38DA,236.18,0.0,14.76,無,
竹北市,房地(土地+建物)+車位,新竹縣竹北市莊敬七街１０３號三樓,40.8,住,,,1100627,土地1建物1車位2,三層,十四層,住宅大樓(11層含以上有電梯),住家用,鋼筋混凝土造,1020207,259.15,2,2,2,有,有,23580000,90990,坡道平面,58.08,0,,RPTPMLOJQHGGFBJ88EA,121.18,10.6,10.97,有,0630
竹東鎮,房地(土地+建物)+車位,新竹縣竹東鎮三重路１６號８樓,15.29,都市：其他:住一,,,1100625,土地4建物1車位1,八層,十層,華廈(10層含以下有電梯),住家用,鋼筋混凝土造,0810706,91.55000000000001,2,2,1,有,有,3100000,33861,坡道機械,0.0,0,陽台外推；,RPSNMLNJQHGGFCJ58EA,65.35,0.0,5.8,有,0631
竹北市,房地(土地+建物),新竹縣竹北市民權街１７巷９號十一樓之六,7.38,商,,,1100622,土地1建物1車位0,十一層,十九層,住宅大樓(11層含以上有電梯),住家用,鋼筋混凝土造,0840420,95.78,3,2,2,有,有,4500000,46983,,0.0,0,親友、員工、共有人或其他特殊關係間之交易；,RPQNMLTJPHGGFBJ78EA,72.05,0.0,3.14,有,0632
芎林鄉,房地(土地+建物)+車位,新竹縣芎林鄉上山１６７號,72.46,,山坡地保育區,丙種建築用地,1100618,土地2建物1車位1,一層，二層,五層,公寓(5樓含以下無電梯),住家用,鋼筋混凝土造,0830824,184.73,4,2,3,有,有,5700000,30856,坡道平面,0.0,0,其他增建；,RPXNMLKMPHGGFCJ88DA,121.58,11.33,4.69,無,
橫山鄉,土地,油羅段367-22地號,4674.83,,山坡地保育區,林業用地,1100624,土地5建物0車位0,,,其他,,,,0.0,0,0,0,有,無,8100000,1733,,0.0,0,,RPXNMLTLPHGGFCJ07DA,0.0,0.0,0.0,無,0633
芎林鄉,土地,上德段135地號,126.84,住,,,1100627,土地1建物0車位0,,,其他,,,,0.0,0,0,0,有,無,12180000,96026,,0.0,0,,RPQNMLPJQHGGFCJ48DA,0.0,0.0,0.0,無,0634
竹東鎮,房地(土地+建物)+車位,新竹縣竹東鎮龍鳳路２２之１號十五樓,17.04,商,,,1100627,土地1建物1車位1,十五層,十五層,住宅大樓(11層含以上有電梯),住家用,鋼筋混凝土造,1100317,124.38,2,2,1,有,有,7300000,58691,坡道平面,30.56,0,,RPWNMLTKPHGGFCJ86DA,59.45,0.0,3.84,有,0635
竹北市,房地(土地+建物)+車位,新竹縣竹北市光明六路東二段３７３號十樓,56.74,住,,,1100616,土地1建物1車位2,十層,二十四層,住宅大樓(11層含以上有電梯),住家用,鋼筋混凝土造、鋼骨鋼筋混凝土造,1070809,381.25,3,2,3,有,有,50480000,148292,坡道平面,62.42,3200000,,RPXSMLTLOHGGFBJ37DA,173.17,16.97,23.6,有,
竹北市,房地(土地+建物)+車位,新竹縣竹北市光明六路東二段４３６號三樓,58.07,商,,,1100604,土地1建物1車位2,三層,二十九層,住宅大樓(11層含以上有電梯),住家用,鋼筋混凝土造,1050328,523.97,0,0,4,有,有,54200000,103441,坡道平面,53.72,0,,RPSOMLTLPHGGFBJ56DA,280.91,8.0,37.3,有,0636
竹北市,房地(土地+建物),新竹縣竹北市鳳岡路五段６４２巷１７弄６號,59.48,,鄉村區,乙種建築用地,1100620,土地3建物1車位0,全,四層,透天厝,住家用,鋼筋混凝土造,1070130,137.32999999999998,2,2,3,有,有,7100000,51700,,0.0,0,,RPQOMLQJPHGGFBJ48DA,136.24,0.9,0.0,無,0637
關西鎮,土地,大旱坑段小東坑小段124-25地號,4477.22,,山坡地保育區,農牧用地,1100617,土地9建物0車位0,,,其他,,,,0.0,3,3,2,有,無,8530000,1905,,0.0,0,未登記建物；,RPSOMLPJQHGGFBJ68DA,0.0,0.0,0.0,無,0638
湖口鄉,房地(土地+建物),新竹縣湖口鄉美城路１８８巷７號,70.35,,特定農業區,甲種建築用地,1100614,土地1建物1車位0,全,二層,透天厝,住家用,加強磚造,,86.6,1,1,1,有,無,3200000,36952,,0.0,0,,RPXNMLMJQHGGFDJ98DA,86.6,0.0,0.0,無,
竹北市,房地(土地+建物)+車位,新竹縣竹北市國光街６巷１２號六樓,28.7,住,,,1100619,土地1建物1車位1,六層,六層,華廈(10層含以下有電梯),住家用,鋼筋混凝土造,0810513,135.26,3,2,2,有,有,6000000,44359,坡道平面,0.0,0,,RPQNMLNJQHGGFBJ28EA,85.33,0.0,8.57,有,0639
寶山鄉,土地,寶斗仁段崎林小段72地號,1741.0,,山坡地保育區,農牧用地,1100617,土地1建物0車位0,,,其他,,,,0.0,0,0,0,有,無,6319800,3630,,0.0,0,,RPXOMLOJQHGGFCJ66EA,0.0,0.0,0.0,無,
寶山鄉,土地,寶斗仁段崎林小段70地號,1984.75,,山坡地保育區,農牧用地,1100617,土地8建物0車位0,,,其他,,,,0.0,0,0,0,有,無,7204560,3630,,0.0,0,,RPVOMLOJQHGGFCJ09EA,0.0,0.0,0.0,無,
寶山鄉,土地,寶斗仁段崎林小段71地號,689.25,,山坡地保育區,水利用地,1100617,土地2建物0車位0,,,其他,,,,0.0,0,0,0,有,無,2502000,3630,,0.0,0,,RPWOMLOJQHGGFCJ56EA,0.0,0.0,0.0,無,
竹北市,房地(土地+建物)+車位,新竹縣竹北市嘉興一街６號三樓,27.08,住,,,1100620,土地1建物1車位1,三層,十四層,住宅大樓(11層含以上有電梯),住家用,鋼筋混凝土造,1010625,184.22,2,2,2,有,有,18880000,102486,坡道平面,32.09,0,,RPROMLPJQHGGFBJ68EA,86.77,9.05,6.95,有,0640
竹東鎮,房地(土地+建物)+車位,新竹縣竹東鎮北興路三段２４７之２號三樓,32.01,住,,,1100629,土地1建物1車位1,三層,十三層,住宅大樓(11層含以上有電梯),住家用,鋼筋混凝土造,1041019,189.11,2,2,2,有,有,11700000,61869,坡道平面,32.22,0,其他增建：陽台加窗,RPSOMLOJQHGGFCJ68DA,93.86,0.0,11.52,有,0641
尖石鄉,土地,義興段北角小段158-3地號,2550.0,,山坡地保育區,農牧用地,1100628,土地1建物0車位0,,,其他,,,,0.0,0,0,0,有,無,3500000,1373,,0.0,0,買賣總價：新台幣參佰伍拾萬元正，買方實支總價格移轉所需所有稅費均由賣方負擔繳納無誤。本買賣土地包括土地內地上物全部。及農業電錶過戶。賣方切結同意買方無償永久通行賣方所有158地號及158-1、158-2地號之道路通行權。含土地增值稅或其他稅費；未登記建物；機電設備；農業設施；,RPQNMLTJQHGGFCJ88DA,0.0,0.0,0.0,無,
竹東鎮,房地(土地+建物),新竹縣竹東鎮長春路三段４６號七樓,15.19,商,,,1100616,土地2建物1車位0,七層,十三層,住宅大樓(11層含以上有電梯),住家用,鋼筋混凝土造,0840120,128.71,3,2,2,有,有,4400000,34185,,0.0,0,含土地增值稅或其他稅費；親友、員工、共有人或其他特殊關係間之交易；,RPWNMLQJQHGGFCJ56DA,78.43,1.68,10.83,有,0642
湖口鄉,土地,光華段547地號,159.4,住,,,1100601,土地1建物0車位0,,,其他,,,,0.0,0,0,0,有,無,8400000,52698,,0.0,0,,RPRNMLOJQHGGFDJ58DA,0.0,0.0,0.0,無,
湖口鄉,房地(土地+建物),新竹縣湖口鄉中正路二段２１１號,7527.83,工,,,1100616,土地4建物1車位0,全,二層,透天厝,工業用,ＲＣ造，加強磚造，鋼造,0580101,6653.98,0,0,0,無,無,335000000,50346,,0.0,0,,RPPOMLPJQHGGFDJ58DA,6653.98,0.0,0.0,無,0643
湖口鄉,房地(土地+建物)+車位,新竹縣湖口鄉吉祥街８０號十樓之１０,34.29,,鄉村區,乙種建築用地,1100628,土地2建物1車位1,十層,十層,華廈(10層含以下有電梯),住家用,鋼筋混凝土造,1090715,168.18,3,2,2,有,有,8450000,50244,坡道平面,33.26,0,含裝潢費；,RPSOMLPJQHGGFDJ88DA,79.13,3.44,9.08,有,
新豐鄉,土地,後湖段埔頂小段591地號,2000.0,,特定農業區,農牧用地,1100608,土地1建物0車位0,,,其他,,,,0.0,0,0,0,有,無,4840000,2420,,0.0,0,,RPUNMLQJQHGGFDJ09DA,0.0,0.0,0.0,無,
新埔鎮,土地,照門段253-9地號,2012.88,,山坡地保育區,農牧用地,1100622,土地4建物0車位0,,,其他,,,,0.0,0,0,0,有,無,5120000,2544,,0.0,0,,RPWNMLQJQHGGFBJ09DA,0.0,0.0,0.0,無,0202
新埔鎮,土地,照門段253-10地號,1993.77,,山坡地保育區,農牧用地,1100622,土地4建物0車位0,,,其他,,,,0.0,0,0,0,有,無,5080000,2548,,0.0,0,,RPXNMLQJQHGGFBJ56DA,0.0,0.0,0.0,無,0202
新埔鎮,土地,照門段253-21地號,1863.25,,山坡地保育區,農牧用地,1100622,土地4建物0車位0,,,其他,,,,0.0,0,0,0,有,無,5300000,2844,,0.0,0,,RPOOMLQJQHGGFBJ38DA,0.0,0.0,0.0,無,0202
新埔鎮,土地,照門段253-22地號,2487.4,,山坡地保育區,農牧用地,1100629,土地4建物0車位0,,,其他,,,,0.0,0,0,0,有,無,6800000,2734,,0.0,0,,RPPOMLQJQHGGFBJ48DA,0.0,0.0,0.0,無,0202
關西鎮,土地,六福段5-1地號,2598.62,,一般農業區,農牧用地,1100629,土地2建物0車位0,,,其他,,,,0.0,0,0,0,有,無,19652000,7562,,0.0,0,,RPXOMLRLPHGGFBJ86DA,0.0,0.0,0.0,無,
關西鎮,土地,六福段19-3地號,2772.0,,一般農業區,農牧用地,1100629,土地1建物0車位0,,,其他,,,,0.0,0,0,0,有,無,20963250,7563,,0.0,0,,RPOPMLRLPHGGFBJ68DA,0.0,0.0,0.0,無,
關西鎮,土地,六福段19-6地號,2814.0,,一般農業區,農牧用地,1100629,土地1建物0車位0,,,其他,,,,0.0,0,0,0,有,無,21280750,7562,,0.0,0,,RPPPMLRLPHGGFBJ78DA,0.0,0.0,0.0,無,
關西鎮,土地,六福段28地號,80.89,,一般農業區,交通用地,1100629,土地2建物0車位0,,,其他,,,,0.0,0,0,0,有,無,611500,7560,,0.0,0,,RPRPMLRLPHGGFBJ98DA,0.0,0.0,0.0,無,
竹北市,房地(土地+建物),新竹縣竹北市中和街３９巷２８號,83.0,住,,,1100618,土地1建物1車位0,全,二層,透天厝,住家用,加強磚造,0640317,85.0,4,2,2,有,無,7900000,92941,,0.0,0,頂樓加蓋；其他增建；,RPOOMLTKPHGGFBJ68DA,85.0,0.0,0.0,無,0648
竹北市,土地,隘興段170-2地號,106.53,住,,,1100622,土地1建物0車位0,,,其他,,,,0.0,0,0,0,有,無,16880000,158453,,0.0,0,,RPORMLNLOHGGFBJ38DA,0.0,0.0,0.0,無,0649
竹北市,房地(土地+建物),新竹縣竹北市光明十二街４７號,100.53,住,,,1100619,土地1建物1車位0,全,四層,透天厝,住商用,鋼筋混凝土造,0890928,268.99,8,3,4,有,無,15500000,57623,,0.0,0,,RPWSMLKMPHGGFBJ56DA,223.97,18.97,26.05,無,
新埔鎮,土地,照門段253-4地號,1278.11,,山坡地保育區,農牧用地,1100604,土地4建物0車位0,,,其他,,,,0.0,0,0,0,有,無,3600000,2817,,0.0,0,,RPQOMLQJQHGGFBJ58DA,0.0,0.0,0.0,無,0202
新豐鄉,房地(土地+建物)+車位,新竹縣新豐鄉學府街７２巷１２號二樓之３,22.41,住,,,1100630,土地1建物1車位1,二層,七層,華廈(10層含以下有電梯),住家用,鋼筋混凝土造,1070213,83.99000000000001,3,2,2,有,有,6850000,81557,坡道機械,9.42,0,,RPWOMLMLPHGGFDJ09DA,48.32,1.32,5.68,有,0651
新豐鄉,房地(土地+建物),新竹縣新豐鄉明新街２００巷６弄２之１號,23.46,,鄉村區,乙種建築用地,1100629,土地2建物1車位0,一層,五層,華廈(10層含以下有電梯),住家用,鋼筋混凝土造,0940620,71.34,4,0,4,有,有,2750000,38548,,0.0,0,,RPQNMLLMPHGGFDJ38DA,59.39,0.0,0.0,有,0652
湖口鄉,土地,信勢段131地號,90.81,住,,,1100616,土地2建物0車位0,,,其他,,,,0.0,0,0,0,有,無,5180000,57042,,0.0,0,,RPVNMLOJQHGGFDJ98DA,0.0,0.0,0.0,無,
竹東鎮,房地(土地+建物)+車位,新竹縣竹東鎮中興路二段１５２巷３５弄１０號四樓,37.04,,特定農業區,甲種建築用地,1100605,土地1建物1車位1,四層,五層,華廈(10層含以下有電梯),住家用,鋼筋混凝土造,0890427,142.73000000000002,3,2,2,有,有,6580000,46101,坡道平面,0.0,0,其他增建；,RPQNMLQLPHGGFCJ68DA,83.11,0.0,10.81,有,0653
橫山鄉,土地,豐鄉段683-1地號,2951.47,,山坡地保育區,林業用地,1100613,土地6建物0車位0,,,其他,,,,0.0,0,0,0,有,無,1500000,508,,0.0,0,,RPROMLPJQHGGFCJ68DA,0.0,0.0,0.0,無,0654
湖口鄉,房地(土地+建物),新竹縣湖口鄉信昌九街９巷１號,87.33,,鄉村區,乙種建築用地,1100630,土地2建物1車位0,全,四層,透天厝,住家用,鋼筋混凝土造,1080701,197.69,4,2,3,有,有,10180000,51495,,0.0,0,,RPPNMLKKQHGGFDJ08DA,177.53,0.0,20.16,無,0655
峨眉鄉,土地,石硬子段石硬子小段194-8地號,1252.22,,山坡地保育區,農牧用地,1100601,土地3建物0車位0,,,其他,,,,0.0,0,0,0,有,無,3780000,3019,,0.0,0,,RPTNMLNJQHGGFCJ68EA,0.0,0.0,0.0,無,0656
芎林鄉,土地,廣福段463地號,159.16,,,,1100605,土地2建物0車位0,,,其他,,,,0.0,0,0,0,有,無,13240000,83187,,0.0,0,包含公共設施保留地用地；,RPXNMLNJQHGGFCJ98DA,0.0,0.0,0.0,無,0657
芎林鄉,土地,廣福段463地號,79.58,,,,1100615,土地2建物0車位0,,,其他,,,,0.0,0,0,0,有,無,6600000,82935,,0.0,0,包含公共設施保留地用地；,RPOOMLNJQHGGFCJ18DA,0.0,0.0,0.0,無,0657
芎林鄉,土地,廣福段463地號,79.58,,,,1100615,土地2建物0車位0,,,其他,,,,0.0,0,0,0,有,無,6600000,82935,,0.0,0,包含公共設施保留地用地；,RPPOMLNJQHGGFCJ28DA,0.0,0.0,0.0,無,0657
竹北市,土地,縣愛段73地號,157.51,住,,,1100605,土地3建物0車位0,,,其他,,,,0.0,0,0,0,有,無,19400000,123167,,0.0,0,含土地增值稅或其他稅費374245元；含地政士服務費12000元；親友、員工、共有人或其他特殊關係間之交易；,RPRNMLQJQHGGFBJ58DA,0.0,0.0,0.0,無,
竹北市,房地(土地+建物)+車位,新竹縣竹北市福興一路５２號八樓之三,20.23,商,,,1100618,土地1建物1車位1,八層,二十四層,住宅大樓(11層含以上有電梯),住家用,鋼筋混凝土造,1030728,202.76999999999998,4,2,2,有,有,17200000,84825,坡道平面,0.0,0,加窗其他增建；,RPVNMLLKQHGGFBJ58DA,104.86,2.67,11.03,有,0660
竹北市,車位,六家五路一段３６２號,0.0,,,,1100624,土地0建物1車位1,,,其他,,,,38.83,0,0,0,有,無,1280000,,坡道平面,0.0,1280000,僅車位交易；,RPWNMLMJQHGGFBJ68DA,0.0,0.0,0.0,無,
竹北市,房地(土地+建物)+車位,新竹縣竹北市嘉興路３３８巷２０號二樓,21.02,住,,,1100623,土地1建物1車位1,二層,十二層,住宅大樓(11層含以上有電梯),住家用,鋼筋混凝土造,1030228,136.8,2,2,1,有,有,10600000,77485,坡道平面,35.96,0,,RPTPMLMJPHGGFBJ48DA,59.17,0.0,9.49,有,0661
竹北市,房地(土地+建物)+車位,新竹縣竹北市嘉興二街７５號,18.1,住,,,1100617,土地1建物1車位1,一層，見其他登記事項,十四層,住宅大樓(11層含以上有電梯),商業用,鋼筋混凝土造,1020802,121.02000000000001,0,1,1,有,有,13300000,134954,坡道平面,31.36,1200000,,RPUNMLKKQHGGFBJ48EA,62.95,0.0,3.95,有,0662
竹東鎮,房地(土地+建物)+車位,新竹縣竹東鎮自由街１２０巷１２號十樓之１,10.01,都市：其他:住一,,,1100628,土地1建物1車位1,十層,十一層,住宅大樓(11層含以上有電梯),住家用,鋼筋混凝土造,0851224,57.7,1,1,1,有,有,2580000,44714,坡道平面,0.0,0,夾層；,RPPNMLLKQHGGFCJ18EA,25.09,0.12,3.43,有,
芎林鄉,房地(土地+建物),新竹縣芎林鄉燥坑９之８號二樓之６,26.72,,山坡地保育區,丙種建築用地,1100627,土地2建物1車位0,二層,五層,華廈(10層含以下有電梯),住家用,鋼筋混凝土造,0931020,54.22,1,0,1,有,有,3000000,55330,,0.0,0,,RPPNMLNJQHGGFCJ18DA,31.99,1.18,2.76,有,0663
芎林鄉,房地(土地+建物),新竹縣芎林鄉燥坑９之８號二樓之７,30.18,,山坡地保育區,丙種建築用地,1100627,土地2建物1車位0,二層,五層,華廈(10層含以下有電梯),住家用,鋼筋混凝土造,0931020,61.11,1,0,1,有,有,3000000,49092,,0.0,0,,RPQNMLNJQHGGFCJ28DA,35.91,1.45,3.16,有,0664
竹北市,房地(土地+建物)+車位,新竹縣竹北市勝利十街８５號十二樓之五,36.62,住,,,1100614,土地1建物1車位2,十二層，見其他登記事項,十二層,住宅大樓(11層含以上有電梯),住家用,鋼筋混凝土造,1100601,234.56,4,2,2,有,有,15800000,67360,坡道平面,64.0,0,,RPVRMLMJQHGGFBJ98DA,109.29,0.0,8.79,有,
新埔鎮,土地,福田段262地號,342.46,住,,,1100615,土地1建物0車位0,,,其他,,,,0.0,0,0,0,有,無,27450000,80155,,0.0,0,,RPWQMLOJQHGGFBJ56DA,0.0,0.0,0.0,無,
新埔鎮,土地,福田段261地號,333.93,住,,,1100615,土地1建物0車位0,,,其他,,,,0.0,0,0,0,有,無,27670000,82862,,0.0,0,,RPPRMLOJQHGGFBJ58DA,0.0,0.0,0.0,無,0665
新豐鄉,房地(土地+建物),新竹縣新豐鄉坡子頭１４９之２號,1152.0,,特定農業區,農牧用地,1100620,土地1建物1車位0,全,二層,透天厝,農業用,鋼筋混凝土造,1050830,212.32,0,0,0,無,無,10660000,50207,,0.0,0,,RPSOMLOJQHGGFDJ78DA,212.32,0.0,0.0,無,0666
竹北市,房地(土地+建物),新竹縣竹北市嘉豐南路二段９１號,53.22,住,,,1100618,土地1建物1車位0,一層，地下一層,十九層,住宅大樓(11層含以上有電梯),商業用,鋼筋混凝土造,1011004,293.62,0,0,0,無,有,28300000,96383,,0.0,0,,RPSOMLNKQHGGFBJ68EA,164.9,0.0,6.4,有,0667
新豐鄉,土地,後湖段坡子頭小段489地號,2000.0,,特定農業區,農牧用地,1100627,土地1建物0車位0,,,其他,,,,0.0,0,0,0,有,無,6350000,3175,,0.0,0,,RPTNMLKKQHGGFDJ48DA,0.0,0.0,0.0,無,0668
竹東鎮,土地,柯子湖段48-2地號,202.93,工,,,1100629,土地3建物0車位0,,,其他,,,,0.0,0,0,0,有,無,5120000,25230,,0.0,0,,RPUNMLMKQHGGFCJ78EA,0.0,0.0,0.0,無,
湖口鄉,房地(土地+建物),新竹縣湖口鄉仁樂路１５７號六樓之２,16.86,,工業區,丁種建築用地,1100623,土地2建物1車位0,六層,七層,華廈(10層含以下有電梯),住家用,鋼筋混凝土造,1070524,88.87,2,2,1,有,無,5190000,58400,,0.0,0,,RPQNMLMKQHGGFDJ38DA,53.25,0.0,4.18,有,0669
湖口鄉,房地(土地+建物),新竹縣湖口鄉溪南一街９巷１３號,98.24,都市：其他:住(一),,,1100619,土地2建物1車位0,全,四層,透天厝,住家用,鋼筋混凝土造,1040819,233.0,5,2,4,有,無,15800000,67811,,0.0,0,,RPRNMLMKQHGGFDJ48DA,216.84,3.13,13.03,無,0670
竹北市,房地(土地+建物),新竹縣竹北市光明九路３１、３３號等,407.4,住,,,1100624,土地1建物9車位0,五層,五層,華廈(10層含以下有電梯),辦公用,鋼筋混凝土造,1050408,1036.09,0,0,0,無,有,138000000,133193,,0.0,0,,RPXNMLMKQHGGFBJ98EA,546.98,0.0,70.56,有,
竹北市,房地(土地+建物),新竹縣竹北市新興路１７號八樓,17.58,住,,,1100627,土地1建物1車位0,八層,八層,華廈(10層含以下有電梯),住家用,鋼筋混凝土造,0830730,97.93,3,2,2,有,有,6000000,61268,,0.0,0,,RPWNMLNKQHGGFBJ98EA,72.33,0.0,8.23,有,0671
竹北市,房地(土地+建物),新竹縣竹北市復興二路２５７號十七樓之一,8.31,商,,,1100628,土地1建物1車位0,十七層,二十四層,住宅大樓(11層含以上有電梯),住家用,鋼筋混凝土造,1091226,73.37,2,2,1,有,有,7780000,106038,,0.0,0,親友、員工、共有人或其他特殊關係間之交易；,RPROMLNKQHGGFBJ58EA,38.59,5.21,3.77,有,0672
竹北市,房地(土地+建物)+車位,新竹縣竹北市勝利八街一段２２７號十六樓之三,12.19,商,,,1100613,土地1建物1車位1,十六層,二十七層,住宅大樓(11層含以上有電梯),住家用,鋼筋混凝土造,1050608,156.57,3,2,2,有,有,17460000,111516,坡道平面,25.95,0,,RPOOMLQKQHGGFBJ58EA,74.34,7.88,6.31,有,0673
竹北市,房地(土地+建物)+車位,新竹縣竹北市興隆路二段３３１號十三樓,35.79,住,,,1100604,土地1建物1車位2,十三層,十九層,住宅大樓(11層含以上有電梯),住家用,鋼筋混凝土造,1091024,207.47,2,2,2,有,有,19300000,108313,坡道平面,62.52,3600000,,RPVOMLRKQHGGFBJ76EA,85.82,5.74,9.85,有,0674
竹東鎮,房地(土地+建物)+車位,新竹縣竹東鎮中興路三段４００號七樓,16.51,都市：其他:住一,,,1100614,土地1建物1車位1,七層,十二層,住宅大樓(11層含以上有電梯),住家用,鋼筋混凝土造,0850507,123.36,3,2,2,有,有,5050000,40937,坡道機械,0.0,0,,RPXNMLPJPHGGFCJ09DA,80.15,0.0,12.52,有,
竹北市,土地,社南段29地號,999.23,,特定農業區,農牧用地,1100622,土地1建物0車位0,,,其他,,,,0.0,0,0,0,有,無,21750000,21767,,0.0,0,,RPXNMLMKQHGGFBJ88DA,0.0,0.0,0.0,無,0675
竹北市,房地(土地+建物)+車位,新竹縣竹北市福興路９１３巷３４之３號,39.58,住,,,1100629,土地2建物1車位1,全,四層,透天厝,住家用,鋼筋混凝土造,0861017,102.61,5,2,3,有,無,4750000,46292,坡道平面,0.0,0,親友、員工、共有人或其他特殊關係間之交易；,RPXNMLRJPHGGFBJ56DA,86.0,10.97,5.64,無,
竹北市,房地(土地+建物),新竹縣竹北市成功六街２３６巷７號,106.69,住,,,1100622,土地2建物1車位0,全,四層,透天厝,住家用,鋼筋混凝土造,0950126,320.46,5,2,5,有,無,29700000,92679,,0.0,0,防火巷、陽台增建、陽台加窗陽台外推；頂樓加蓋；其他增建；,RPQPMLRKQHGGFBJ88DA,270.99,0.0,20.79,有,
竹北市,房地(土地+建物)+車位,新竹縣竹北市自強六街１０號六樓之二,12.65,商,,,1100618,土地1建物1車位1,六層，見其他登記事項,十層,華廈(10層含以下有電梯),商業用,鋼筋混凝土造,0940721,109.06,3,2,2,有,有,10200000,93526,坡道機械,0.0,0,夾層；,RPROMLSKQHGGFBJ98DA,64.94,0.0,3.33,有,0676
湖口鄉,土地,德盛段1194地號,16.45,,特定農業區,農牧用地,1100628,土地3建物0車位0,,,其他,,,,0.0,0,0,0,有,無,55000,3343,,0.0,0,,RPUNMLQJPHGGFDJ98DA,0.0,0.0,0.0,無,0016
湖口鄉,房地(土地+建物),新竹縣湖口鄉新湖路５７８巷３８號,108.99,,特定農業區,甲種建築用地,1100628,土地2建物1車位0,全,四層,透天厝,住家用,鋼筋混凝土造,1081005,163.67999999999998,4,1,3,有,有,8445000,51595,,0.0,0,,RPWQMLTLOHGGFDJ27DA,154.72,0.0,8.79,無,
湖口鄉,土地,建興段建興小段48地號,1665.0,,工業區,丁種建築用地,1100601,土地1建物0車位0,,,其他,,,,0.0,0,0,0,有,無,108000000,64865,,0.0,0,,RPWNMLPKPHGGFDJ56DA,0.0,0.0,0.0,無,0678
竹東鎮,土地,二重埔段279-18地號,1341.0,工,,,1100628,土地2建物0車位0,,,其他,,,,0.0,0,0,0,有,無,33260000,24802,,0.0,0,,RPOPMLOJQHGGFCJ38DA,0.0,0.0,0.0,無,
竹北市,房地(土地+建物)+車位,新竹縣竹北市光明二街１５號三樓,37.54,住,,,1100630,土地1建物1車位1,三層,五層,華廈(10層含以下有電梯),住家用,鋼筋混凝土造,0811127,132.95,3,2,1,有,有,7000000,52651,坡道平面,0.0,0,陽台外推；,RPXNMLNKQHGGFBJ09EA,76.08,0.0,10.03,有,
竹北市,土地,省道段403-1地號,3.47,,,,1100603,土地2建物0車位0,,,其他,,,,0.0,0,0,0,有,無,108230,31190,,0.0,0,包含公共設施保留地用地；,RPRNMLLKQHGGFBJ28EA,0.0,0.0,0.0,無,
新豐鄉,土地,中崙段1504-6地號,443.75,,特定農業區,甲種建築用地,1100622,土地2建物0車位0,,,其他,,,,0.0,0,0,0,有,無,17096890,38528,,0.0,0,未登記建物；,RPQNMLRKQHGGFDJ88DA,0.0,0.0,0.0,無,0679
湖口鄉,土地,畚箕段124-18地號,5876.23,,特定農業區,農牧用地,1100621,土地7建物0車位0,,,其他,,,,0.0,0,0,0,有,無,21324000,3629,,0.0,0,,RPPNMLQJQHGGFDJ58DA,0.0,0.0,0.0,無,
竹北市,房地(土地+建物)+車位,新竹縣竹北市環科一路３３號五樓之五,91.06,工,,,1100610,土地1建物1車位3,五層,十二層,住宅大樓(11層含以上有電梯),工業用,鋼筋混凝土造,1081211,373.5,0,0,0,無,有,20780000,66516,坡道平面,103.2,2800000,,RPOOMLLKQHGGFBJ97DA,168.73,0.0,0.0,有,
竹北市,房地(土地+建物)+車位,新竹縣竹北市環科一路３３號五樓之六,103.43,工,,,1100610,土地1建物1車位3,五層,十二層,住宅大樓(11層含以上有電梯),工業用,鋼筋混凝土造,1081211,412.93,0,0,0,無,有,23400000,66512,坡道平面,103.2,2800000,,RPPOMLLKQHGGFBJ08DA,193.34,0.0,0.0,有,
關西鎮,土地,石門段1-19地號,738.86,,山坡地保育區,農牧用地,1100627,土地3建物0車位0,,,其他,,,,0.0,0,0,0,有,無,6300000,8527,,0.0,0,,RPWNMLRKQHGGFBJ66DA,0.0,0.0,0.0,無,0680
竹北市,土地,隘口段19-4地號,728.0,,特定農業區,農牧用地,1100607,土地1建物0車位0,,,其他,,,,0.0,0,0,0,有,無,19775000,27163,,0.0,0,,RPQNMLRKQHGGFBJ68DA,0.0,0.0,0.0,無,
竹北市,土地,三崁店段水坑口小段43地號,1159.0,,特定農業區,農牧用地,1100625,土地2建物0車位0,,,其他,,,,0.0,0,0,0,有,無,32429000,27980,,0.0,0,,RPRNMLRKQHGGFBJ78DA,0.0,0.0,0.0,無,0681
關西鎮,房地(土地+建物),新竹縣關西鎮老街２６之６號,40.82,住,,,1100629,土地3建物1車位0,全,二層,透天厝,住家用,加強磚造,0680123,54.97,7,2,2,有,無,2000000,36383,,0.0,0,親友、員工、共有人或其他特殊關係間之交易；,RPVNMLQJPHGGFBJ88DA,54.97,0.0,0.0,無,
竹北市,土地,永興段324-3地號,1164.12,住,,,1100602,土地1建物0車位0,,,其他,,,,0.0,0,0,0,有,無,302850000,260154,,0.0,0,,RPRNMLOJOHGGFBJ18DA,0.0,0.0,0.0,無,
竹北市,房地(土地+建物)+車位,新竹縣竹北市勝利八街一段２３３號六樓之一,13.94,商,,,1100620,土地1建物1車位2,六層,二十七層,住宅大樓(11層含以上有電梯),住家用,鋼筋混凝土造,1050608,190.24,3,2,2,有,有,19300000,101451,坡道平面,59.62,0,,RPOPMLQKPHGGFBJ48DA,74.34,7.88,6.31,有,0682
竹北市,房地(土地+建物)+車位,新竹縣竹北市高鐵七路６５號六樓之三,14.13,商,,,1100629,土地1建物1車位1,六層,十八層,住宅大樓(11層含以上有電梯),商業用,鋼筋混凝土造,0990208,138.67000000000002,0,0,0,無,有,9000000,64902,坡道平面,37.64,0,親友、員工、共有人或其他特殊關係間之交易；,RPQNMLTKQHGGFBJ88DA,64.66,0.0,0.0,有,
竹北市,房地(土地+建物)+車位,新竹縣竹北市興隆路三段３０１號五樓,70.72,住,,,1100611,土地1建物1車位2,五層,二十五層,住宅大樓(11層含以上有電梯),住家用,鋼筋混凝土造,1001223,453.21000000000004,4,2,3,有,有,36680000,86180,坡道平面,60.08,2800000,,RPSOMLQJQHGGFBJ78DA,221.04,10.89,26.3,有,
竹北市,土地,台元段124地號,6.0,都市：其他:道路用地,,,1100622,土地1建物0車位0,,,其他,,,,0.0,0,0,0,有,無,90000,15000,,0.0,0,包含公共設施保留地用地；,RPTNMLQKQHGGFBJ98EA,0.0,0.0,0.0,無,
新豐鄉,土地,崁頭段433-2地號,692.0,,特定農業區,甲種建築用地,1100620,土地1建物0車位0,,,其他,,,,0.0,0,0,0,有,無,18810000,27182,,0.0,0,,RPRNMLRKQHGGFDJ98DA,0.0,0.0,0.0,無,
新豐鄉,土地,崁頭段433-1地號,692.0,,特定農業區,甲種建築用地,1100617,土地1建物0車位0,,,其他,,,,0.0,0,0,0,有,無,18810000,27182,,0.0,0,,RPSNMLRKQHGGFDJ09DA,0.0,0.0,0.0,無,
竹北市,房地(土地+建物),新竹縣竹北市堤頂街２８０巷１２號,103.33,,特定農業區,甲種建築用地,1100607,土地2建物1車位0,全,四層,透天厝,住家用,鋼筋混凝土造,0970317,210.95,5,2,4,有,無,16200000,76795,,0.0,0,,RPUNMLSKQHGGFBJ66EA,205.17,0.0,5.78,無,
峨眉鄉,土地,中盛段453地號,3000.5,,山坡地保育區,農牧用地,1100610,土地3建物0車位0,,,其他,,,,0.0,0,0,0,有,無,9300000,3099,,0.0,0,未登記建物；,RPQOMLKLQHGGFCJ38EA,0.0,0.0,0.0,無,0683
竹東鎮,房地(土地+建物)+車位,新竹縣竹東鎮龍鳳路２２號五樓,16.91,商,,,1100630,土地1建物1車位1,五層,十五層,住宅大樓(11層含以上有電梯),住家用,鋼筋混凝土造,1100317,123.88,2,2,1,有,有,7300000,58928,坡道平面,30.57,0,,RPWNMLRJPHGGFCJ56DA,58.94,0.0,4.08,有,0684
竹北市,房地(土地+建物)+車位,新竹縣竹北市文興路二段９１號五樓,27.59,商,,,1100628,土地1建物1車位2,五層,二十三層,住宅大樓(11層含以上有電梯),住家用,鋼筋混凝土造,1030924,320.76,4,2,3,有,有,32800000,102257,坡道平面,67.78,0,,RPXOMLKLQHGGFBJ88DA,165.78,2.41,19.36,有,0685
竹北市,房地(土地+建物)+車位,新竹縣竹北市勝利八街一段２３１號十六樓之一,9.38,商,,,1100620,土地1建物1車位1,十六層,二十七層,住宅大樓(11層含以上有電梯),住家用,鋼筋混凝土造,1050608,125.03,2,2,1,有,有,10420000,83340,坡道平面,29.81,0,,RPVNMLOLQHGGFBJ98DA,56.55,1.39,6.53,有,0686
北埔鄉,土地,湖西段1220-2地號,348.77,,山坡地保育區,林業用地,1100630,土地2建物0車位0,,,其他,,,,0.0,0,0,0,有,無,500000,1434,,0.0,0,,RPUNMLKLQHGGFCJ58DA,0.0,0.0,0.0,無,
寶山鄉,土地,明湖段1716地號,661.16,,鄉村區,乙種建築用地,1100630,土地1建物0車位0,,,其他,,,,0.0,0,0,0,有,無,49660000,75110,,0.0,0,,RPOPMLKLQHGGFCJ18DA,0.0,0.0,0.0,無,0687
竹北市,土地,府前段1141地號,92.8,都市：其他:道路用地,,,1100621,土地1建物0車位0,,,其他,,,,0.0,0,0,0,有,無,7200000,77586,,0.0,0,,RPPNMLNLQHGGFBJ38EA,0.0,0.0,0.0,無,
竹北市,房地(土地+建物)+車位,新竹縣竹北市光明六路東二段１２２號二樓,40.96,住,,,1100617,土地1建物1車位2,二層,十九層,住宅大樓(11層含以上有電梯),住家用,鋼筋混凝土造,1041105,273.20000000000005,3,2,2,有,有,31300000,140797,坡道平面,69.36,2600000,,RPWOMLNLQHGGFBJ56EA,115.24,8.41,14.09,有,0688
新豐鄉,房地(土地+建物),新竹縣新豐鄉坑子口４５８之１７號,228.0,,特定農業區,農牧用地,1100628,土地4建物1車位0,全,四層,透天厝,住家用,鋼筋混凝土造,1100622,164.24,4,2,3,有,有,8100000,49318,,0.0,0,預售屋、或土地及建物分件登記案件；,RPTNMLPKQHGGFDJ98DA,158.75,0.0,5.49,無,
新豐鄉,房地(土地+建物),新竹縣新豐鄉坑子口４５８之１２號,225.0,,特定農業區,農牧用地,1100621,土地4建物1車位0,全,四層,透天厝,住家用,鋼筋混凝土造,1100622,164.24,4,2,3,有,有,8150000,49623,,0.0,0,預售屋、或土地及建物分件登記案件；,RPVNMLPKQHGGFDJ56DA,158.75,0.0,5.49,無,
竹東鎮,土地,燥樹排段208-59地號,2506.0,,山坡地保育區,農牧用地,1100626,土地1建物0車位0,,,其他,,,,0.0,0,0,0,有,無,4600000,1836,,0.0,0,,RPTOMLQKQHGGFCJ09DA,0.0,0.0,0.0,無,
竹東鎮,土地,上坪段204-4地號,1197.0,,山坡地保育區,農牧用地,1100625,土地1建物0車位0,,,其他,,,,0.0,0,0,0,有,無,3500000,2924,,0.0,0,,RPPNMLTKQHGGFCJ88DA,0.0,0.0,0.0,無,
竹東鎮,土地,二重埔段240-7地號,85.0,都市：其他:道路用地,,,1100603,土地1建物0車位0,,,其他,,,,0.0,0,0,0,有,無,2056800,24198,,0.0,0,農作物；,RPQPMLKLQHGGFCJ38DA,0.0,0.0,0.0,無,0689
竹東鎮,房地(土地+建物)+車位,新竹縣竹東鎮和江街３６６之１號十四樓,21.83,商,,,1100617,土地1建物1車位1,十四層,十四層,住宅大樓(11層含以上有電梯),住家用,鋼筋混凝土造,1041204,173.5,3,2,2,有,有,9850000,56772,一樓平面,0.0,0,增建後陽台加窗其他增建；,RPUNMLNLQHGGFCJ88DA,84.06,3.66,10.56,有,0690
關西鎮,土地,東豐段271地號,48611.5,,山坡地保育區,丁種建築用地,1100618,土地10建物0車位0,,,其他,,,,0.0,0,0,0,有,無,427300000,8790,,0.0,0,,RPQPMLQKQHGGFBJ78DA,0.0,0.0,0.0,無,0691
竹北市,房地(土地+建物),新竹縣竹北市新民街２９巷７號四樓,20.92,住,,,1100614,土地1建物1車位0,四層,六層,華廈(10層含以下有電梯),住家用,鋼筋混凝土造,0820504,96.64,3,2,2,有,有,5450000,56395,,0.0,0,,RPSNMLOLQHGGFBJ68DA,65.87,0.0,10.05,有,0692
新埔鎮,土地,照門段945地號,1465.8,,山坡地保育區,農牧用地,1100626,土地5建物0車位0,,,其他,,,,0.0,0,0,0,有,無,4500000,3070,,0.0,0,農作物；,RPUOMLSLOHGGFBJ56DA,0.0,0.0,0.0,無,0693
關西鎮,土地,東安段526地號,1282.24,住,,,1100616,土地4建物0車位0,,,其他,,,,0.0,0,0,0,有,無,46410000,36194,,0.0,0,,RPTNMLNLQHGGFBJ68DA,0.0,0.0,0.0,無,
竹北市,土地,省道段494地號,108.75,住,,,1100612,土地1建物0車位0,,,其他,,,,0.0,0,0,0,有,無,6671813,61350,,0.0,0,,RPQPMLKLQHGGFBJ28DA,0.0,0.0,0.0,無,0694
竹北市,土地,家興段51地號,202.02,住,,,1100615,土地1建物0車位0,,,其他,,,,0.0,0,0,0,有,無,41000000,202950,,0.0,0,依照土地法第34條之1相關規定出售處份之登記案件,RPQNMLPKQHGGFBJ48DA,0.0,0.0,0.0,無,
湖口鄉,房地(土地+建物),新竹縣湖口鄉中平路二段５３８巷５３弄１號,94.0,,特定農業區,甲種建築用地,1100609,土地1建物1車位0,全,三層,透天厝,住家用,鋼筋混凝土造,0870801,141.03,3,2,2,有,無,4800000,34035,,0.0,0,,RPQOMLPLQHGGFDJ88DA,121.65,14.82,4.56,無,
湖口鄉,土地,中義段666地號,290.95,都市：其他:住(一),,,1100623,土地1建物0車位0,,,其他,,,,0.0,0,0,0,有,無,19802250,68061,,0.0,0,,RPPNMLRKQHGGFDJ78DA,0.0,0.0,0.0,無,0695
竹北市,土地,三崁店段三崁店小段69-36地號,215.33,,特定農業區,農牧用地,1100625,土地1建物0車位0,,,其他,,,,0.0,0,0,0,有,無,5000000,23220,,0.0,0,,RPOOMLQLQHGGFBJ68EA,0.0,0.0,0.0,無,0696
峨眉鄉,土地,湖光段612地號,1825.47,,山坡地保育區,水利用地,1100629,土地2建物0車位0,,,其他,,,,0.0,0,0,0,有,無,9800000,5368,,0.0,0,,RPTNMLPLQHGGFCJ09EA,0.0,0.0,0.0,無,0697
湖口鄉,土地,中義段665地號,479.02,都市：其他:住(一),,,1100607,土地1建物0車位0,,,其他,,,,0.0,0,0,0,有,無,32602500,68061,,0.0,0,,RPVNMLKMPHGGFDJ78DA,0.0,0.0,0.0,無,
竹北市,房地(土地+建物)+車位,新竹縣竹北市莊敬三路２６０號十九樓,19.28,商,,,1100619,土地1建物1車位2,十九層,二十九層,住宅大樓(11層含以上有電梯),住家用,鋼筋混凝土造,1040417,254.38,4,2,2,有,有,25000000,98278,坡道平面,0.0,0,,RPUOMLQLOHGGFBJ98DA,123.93,0.0,9.63,有,0698
竹北市,房地(土地+建物)+車位,新竹縣竹北市高鐵七路６５號六樓之六,14.31,商,,,1100626,土地1建物1車位1,六層,十八層,住宅大樓(11層含以上有電梯),商業用,鋼筋混凝土造,0990208,139.76999999999998,0,0,0,無,有,9800000,70115,坡道平面,37.64,0,,RPUOMLKMQHGGFBJ68DA,65.45,0.0,0.0,有,
竹北市,房地(土地+建物)+車位,新竹縣竹北市高鐵七路６５號六樓之七,30.06,商,,,1100626,土地1建物1車位2,六層,十八層,住宅大樓(11層含以上有電梯),商業用,鋼筋混凝土造,0990208,290.4,0,0,0,無,有,22500000,77479,坡道平面,75.28,0,,SPUOMLKMQHGGFBJ78DA,129.03,8.57,0.0,有,
竹北市,房地(土地+建物)+車位,新竹縣竹北市六家五路一段２３７號十四樓,10.99,商,,,1100612,土地1建物1車位1,十四層,十四層,住宅大樓(11層含以上有電梯),住家用,鋼筋混凝土造,1030127,83.55,1,1,1,有,有,7000000,83782,坡道機械,0.0,0,,RPWOMLKMQHGGFBJ98EA,41.26,1.75,3.28,有,0699
湖口鄉,房地(土地+建物),新竹縣湖口鄉國華街７６巷１５號,72.96,,一般農業區,甲種建築用地,1100629,土地1建物1車位0,全,二層,透天厝,住家用,加強磚造,,95.66,3,2,2,有,無,5000000,52268,,0.0,0,,RPUNMLQLQHGGFDJ66DA,95.66,0.0,0.0,無,
湖口鄉,房地(土地+建物),新竹縣湖口鄉湖中路２５９號,90.0,,特定農業區,甲種建築用地,1100623,土地1建物1車位0,全,四層,透天厝,住家用,鋼筋混凝土造,0961001,220.72,5,3,6,有,無,8900000,40323,,0.0,0,,RPTNMLKMQHGGFDJ68DA,193.27,2.11,25.34,無,0700
湖口鄉,房地(土地+建物),新竹縣湖口鄉吳厝路２３３號,3270.0,,特定農業區,農牧用地,1100612,土地1建物1車位0,全,二層,透天厝,農業用,加強磚造、鋼鐵造,0811024,292.37,6,2,2,有,無,20500000,70117,,0.0,0,,RPUNMLRKQHGGFDJ66DA,254.93,25.8,11.64,無,
竹北市,房地(土地+建物)+車位,新竹縣竹北市興隆路一段３９９號三樓,46.79,住,,,1100625,土地1建物1車位2,三層,十四層,住宅大樓(11層含以上有電梯),住家用,鋼筋混凝土造,1010531,299.41999999999996,3,2,2,有,有,21000000,70136,坡道平面,0.0,0,其他增建；,RPVNMLRLQHGGFBJ76EA,134.52,14.81,14.56,有,0701
竹北市,房地(土地+建物)+車位,新竹縣竹北市環北路一段１１１號十二樓之五,34.91,住,,,1100620,土地1建物1車位1,十二層,十四層,住宅大樓(11層含以上有電梯),住家用,鋼筋混凝土造,1060109,191.26,1,2,2,有,有,18200000,95153,坡道平面,31.73,0,,RPOOMLRLQHGGFBJ78EA,89.95,8.37,10.54,有,0702
竹東鎮,房地(土地+建物)+車位,新竹縣竹東鎮自由街１２０巷３號二樓之２,12.82,都市：其他:住一,,,1100605,土地1建物1車位1,二層,十一層,住宅大樓(11層含以上有電梯),住家用,鋼筋混凝土造,0851224,75.37,2,2,2,有,有,3000000,39804,坡道平面,0.0,0,車位單價620000元整,RPROMLLMQHGGFCJ68EA,36.25,1.94,3.15,有,
竹北市,房地(土地+建物)+車位,新竹縣竹北市新泰路５３巷２號六樓,20.2,商,,,1100606,土地1建物1車位1,六層,十二層,住宅大樓(11層含以上有電梯),住家用,鋼筋混凝土造,0941116,158.15,3,2,2,有,有,10000000,63227,坡道平面,0.0,0,,RPPQMLLJRHGGFBJ38EA,91.7,3.73,8.95,有,
竹東鎮,土地,二重埔段200-58地號,143.0,住,,,1100624,土地1建物0車位0,,,其他,,,,0.0,0,0,0,有,無,2811000,19657,,0.0,0,親友、員工、共有人或其他特殊關係間之交易；農作物；,RPOOMLLJRHGGFCJ18EA,0.0,0.0,0.0,無,
湖口鄉,土地,下北勢段下北勢小段647地號,2917.0,,特定農業區,農牧用地,1100619,土地2建物0車位0,,,其他,,,,0.0,0,0,0,有,無,9706318,3328,,0.0,0,,RPQNMLLJQHGGFDJ18DA,0.0,0.0,0.0,無,
竹北市,房地(土地+建物)+車位,新竹縣竹北市環科一路３３號五樓之二,172.71,工,,,1100618,土地1建物1車位6,五層,十二層,住宅大樓(11層含以上有電梯),工業用,鋼筋混凝土造,1081211,720.4300000000001,0,0,0,無,有,39530000,64901,坡道平面,205.34,6100000,,RPTNMLOLQHGGFBJ78DA,321.57,0.0,0.0,有,
竹北市,房地(土地+建物)+車位,新竹縣竹北市勝利八街一段２３３號十四樓之七,8.68,商,,,1100619,土地1建物1車位1,十四層,二十七層,住宅大樓(11層含以上有電梯),住家用,鋼筋混凝土造,1050608,114.91999999999999,2,2,1,有,有,9510000,82753,坡道平面,29.81,0,,RPSOMLMJPHGGFBJ28DA,50.54,1.25,6.15,有,0703
竹東鎮,房地(土地+建物),新竹縣竹東鎮新民路９３巷３２號,60.0,住,,,1100601,土地1建物1車位0,全,四層,透天厝,住商用,鋼筋混凝土造,1091013,189.87,3,3,4,有,無,13260000,69837,,0.0,0,,RPPOMLLJRHGGFCJ18DA,189.87,0.0,0.0,無,
新豐鄉,土地,後湖段埔頂小段1078地號,1640.0,,特定農業區,丁種建築用地,1100610,土地1建物0車位0,,,其他,,,,0.0,0,0,0,有,無,57040000,34780,,0.0,0,,RPVNMLLJRHGGFDJ78DA,0.0,0.0,0.0,無,
竹東鎮,土地,二重埔段208-6地號,215.0,工,,,1100620,土地1建物0車位0,,,其他,,,,0.0,0,0,0,有,無,4550000,21163,,0.0,0,,RPWNMLNKQHGGFCJ98DA,0.0,0.0,0.0,無,
關西鎮,土地,十寮段八寮小段15-1地號,198811.0,,山坡地保育區,農牧用地,1100611,土地74建物0車位0,,,其他,,,,0.0,0,0,0,有,無,125000000,629,,0.0,0,,RPXRMLSKOHGGFBJ07DA,0.0,0.0,0.0,無,
竹北市,房地(土地+建物)+車位,新竹縣竹北市勝利八街一段２３３號十二樓之五,9.38,商,,,1100618,土地1建物1車位1,十二層,二十七層,住宅大樓(11層含以上有電梯),住家用,鋼筋混凝土造,1050608,125.33000000000001,2,2,1,有,有,10300000,82183,坡道平面,29.81,0,,RPROMLQJPHGGFBJ58DA,56.67,1.39,6.53,有,0704
竹北市,房地(土地+建物)+車位,新竹縣竹北市新瀧一街１３號七樓,13.67,商,,,1100605,土地1建物1車位1,七層,二十四層,住宅大樓(11層含以上有電梯),住家用,鋼筋混凝土造,1050126,159.51,3,2,2,有,有,13000000,81500,坡道平面,36.42,0,,RPWPMLNLQHGGFBJ56DA,77.17,0.0,9.73,有,0705
竹北市,房地(土地+建物)+車位,新竹縣竹北市成功八路１７６號十一樓之二,20.11,商,,,1100628,土地1建物1車位2,十一層,十九層,住宅大樓(11層含以上有電梯),住家用,鋼筋混凝土造,1031009,241.75,3,2,2,有,有,21600000,89352,坡道平面,62.68,0,,RPQNMLPJRHGGFBJ48DA,106.05,6.13,9.8,有,0706
竹北市,土地,省道段193-4地號,210.56,都市：其他:道路用地,,,1100621,土地4建物0車位0,,,其他,,,,0.0,0,0,0,有,無,11810033,56089,,0.0,0,,RPXOMLRJRHGGFBJ96EA,0.0,0.0,0.0,無,
竹東鎮,土地,頭重埔段237-179地號,923.0,工,,,1100628,土地1建物0車位0,,,其他,,,,0.0,0,0,0,有,無,20380000,22080,,0.0,0,,RPSNMLTLOHGGFCJ09DA,0.0,0.0,0.0,無,
竹東鎮,土地,二重埔段304地號,530.7,工,,,1100620,土地2建物0車位0,,,其他,,,,0.0,0,0,0,有,無,11830000,22291,,0.0,0,,RPVNMLNKQHGGFCJ88DA,0.0,0.0,0.0,無,0707
,土地,地號,0.0,,,,1100630,土地0建物0車位0,,,其他,,,,0.0,0,0,0,有,無,22340000,0,,0.0,0,,RPPPMLKLQHGGFCJ28DA,0.0,0.0,0.0,無,
竹北市,房地(土地+建物)+車位,新竹縣竹北市高鐵七路６５號六樓之二,18.59,商,,,1100626,土地1建物1車位1,六層,十八層,住宅大樓(11層含以上有電梯),商業用,鋼筋混凝土造,0990208,170.62,0,0,0,無,有,12980000,76075,坡道平面,37.64,0,,RPOPMLSJRHGGFBJ78DA,77.71,0.0,7.42,有,
芎林鄉,房地(土地+建物),新竹縣芎林鄉文強街７０號,77.71,住,,,1100627,土地1建物1車位0,全,四層,透天厝,住家用,鋼筋混凝土造,1100330,225.27,5,2,4,有,無,17200000,76353,,0.0,0,,RPQOMLTJRHGGFCJ09DA,209.97,0.0,15.3,無,
芎林鄉,房地(土地+建物),新竹縣芎林鄉文德七街９８號,142.33,住,,,1100627,土地1建物1車位0,全,四層,透天厝,住家用,鋼筋混凝土造,1100330,242.87,4,2,4,有,無,24700000,101700,,0.0,0,,RPSOMLTJRHGGFCJ66DA,220.76,0.0,22.11,有,
竹北市,房地(土地+建物),光明二街８１巷１９號,133.67,住,,,1100503,土地1建物1車位0,全,三層,透天厝,住家用,鋼筋混凝土造,0810607,215.07,5,3,3,有,無,9274455,43123,,0.0,0,親友、員工、共有人或其他特殊關係間之交易；未登記建物；,RPQNMLNKNHGGFBJ97DA,215.07,0.0,0.0,無,
竹北市,房地(土地+建物)+車位,新竹縣竹北市莊敬五街１６５號十五樓,18.46,商,,,1100518,土地1建物1車位2,十五層,二十三層,住宅大樓(11層含以上有電梯),住家用,鋼筋混凝土造,1030501,236.06,3,2,2,有,有,17500000,74134,坡道平面,45.35,0,,RPVPMLTKNHGGFBJ66DA,120.11,0.0,10.9,有,0708
竹北市,房地(土地+建物)+車位,中正東路２１５號十一樓,14.42,住,,,1100510,土地1建物1車位1,十一層,十二層,住宅大樓(11層含以上有電梯),住家用,鋼筋混凝土造,0841028,122.69,3,2,2,有,有,6200000,50534,升降平面,0.0,0,,RPQQMLMJOHGGFBJ18DA,82.82,1.65,10.04,有,
竹北市,房地(土地+建物)+車位,興隆路一段６３１號八樓之五,16.1,住,,,1100522,土地1建物1車位1,八層,十五層,住宅大樓(11層含以上有電梯),住家用,鋼筋混凝土造,1071026,114.19999999999999,2,2,1,有,有,11150000,97636,坡道平面,33.03,0,,RPPOMLOJOHGGFBJ08DA,43.7,4.28,4.93,有,0709
竹北市,房地(土地+建物),新環街３５號,82.65,,鄉村區,乙種建築用地,1100503,土地2建物1車位0,全,四層,透天厝,住家用,鋼筋混凝土造,1070712,173.78,4,3,3,有,無,17130000,98573,,0.0,0,,RPPOMLRJOHGGFBJ38DA,160.15,0.0,13.63,無,0710
竹北市,房地(土地+建物)+車位,光明六路東一段２９６之２號二十一樓,19.37,商,,,1100510,土地1建物1車位1,二十一層,二十三層,住宅大樓(11層含以上有電梯),住家用,鋼筋混凝土造,0960528,231.18,4,2,2,有,有,19700000,85215,坡道平面,0.0,0,,RPSRMLOJOHGGFBJ68DA,126.45,6.61,15.08,有,0711
竹北市,房地(土地+建物)+車位,成功一街９５號三樓,15.25,商,,,1100506,土地1建物1車位2,三層,十二層,住宅大樓(11層含以上有電梯),住家用,鋼筋混凝土造,0940831,156.93,3,2,2,有,有,14500000,92398,坡道機械,0.0,0,,RPVOMLSJOHGGFBJ09DA,88.3,0.0,3.07,有,0712
竹北市,房地(土地+建物),蓮花路３０７巷１７號,2264.0,,特定農業區,農牧用地,1100505,土地1建物1車位0,一層，二層,二層,農舍,農業用,鋼筋混凝土造,1010209,362.99,7,3,4,有,無,25000000,,,0.0,0,農作物；農業設施；,RPXNMLTJOHGGFBJ66DA,362.99,0.0,0.0,無,
竹北市,房地(土地+建物)+車位,六家一路一段１４０號三樓之七,14.75,商,,,1100503,土地1建物1車位1,三層,十五層,住宅大樓(11層含以上有電梯),住家用,鋼筋混凝土造,1000707,129.91,2,2,1,有,有,11800000,90832,坡道平面,30.46,0,陽台外推；,RPSNMLKKOHGGFBJ97DA,55.38,4.75,6.95,有,0713
竹北市,房地(土地+建物)+車位,莊敬三路２６８號五樓,14.34,商,,,1100515,土地1建物1車位1,五層,二十九層,住宅大樓(11層含以上有電梯),住家用,鋼筋混凝土造,1040417,182.41,3,2,2,有,有,15000000,82228,坡道平面,0.0,0,,RPTNMLKKOHGGFBJ08DA,95.02,0.0,9.54,有,0714
新埔鎮,房地(土地+建物),義民路三段１１３巷１０弄２６號六樓,34.68,,特定農業區,甲種建築用地,1100503,土地1建物1車位0,六層,六層,華廈(10層含以下有電梯),住家用,鋼筋混凝土造,0841123,68.61,4,2,2,有,有,3880000,56552,,0.0,0,露台增建其他增建；,RPVNMLKKOHGGFBJ28DA,47.87,0.0,0.0,有,
竹東鎮,房地(土地+建物)+車位,光明路１２６巷８７弄４８號九樓,22.92,都市：其他:科技商務服務專用區,,,1100509,土地3建物1車位1,九層,十五層,住宅大樓(11層含以上有電梯),住家用,鋼筋混凝土造,1040325,151.42000000000002,3,2,2,有,有,8900000,58781,坡道平面,0.0,0,,RPVOMLSJOHGGFCJ56DA,81.04,0.0,5.22,有,0715
竹東鎮,房地(土地+建物)+車位,自由街１２０巷１號九樓之３,18.35,都市：其他:住一,,,1100510,土地1建物1車位1,九層,十二層,住宅大樓(11層含以上有電梯),住家用,鋼筋混凝土造,0851224,109.2,3,2,2,有,有,4400000,40293,坡道平面,0.0,0,夾層；,RPOPMLTJOHGGFCJ68DA,57.23,0.21,8.35,有,0716
湖口鄉,房地(土地+建物)+車位,吉祥街８２巷１８號三樓之２,19.44,,工業區,丁種建築用地,1100509,土地1建物1車位1,三層,五層,華廈(10層含以下有電梯),住家用,鋼筋混凝土造,1040105,84.44,3,2,2,有,有,5200000,61582,升降平面,0.0,0,,RPVNMLNJOHGGFDJ68DA,55.82,2.34,5.85,有,0717
新豐鄉,房地(土地+建物),康平街７９號,64.95,,鄉村區,乙種建築用地,1100513,土地1建物1車位0,全,四層,透天厝,住家用,鋼筋混凝土造,1041005,177.59,4,2,4,有,無,10980000,61828,,0.0,0,,RPRPMLOJOHGGFDJ58DA,161.1,0.0,16.49,無,0718
湖口鄉,房地(土地+建物)+車位,中山路一段６１８號四樓之１０,18.65,商,,,1100514,土地1建物1車位2,四層,十五層,住宅大樓(11層含以上有電梯),住家用,鋼筋混凝土造,1081224,178.45,3,2,2,有,有,8200000,45951,坡道平面,0.0,0,,RPWOMLSJOHGGFDJ76DA,71.02,4.49,6.01,有,0719
竹北市,房地(土地+建物)+車位,勝利十一路２６０號十一樓之五,8.41,商,,,1100504,土地1建物1車位1,十一層,二十三層,住宅大樓(11層含以上有電梯),住家用,鋼筋混凝土造,1051101,118.42,2,2,1,有,有,10680000,90187,坡道平面,30.03,0,,RPRPMLKKOHGGFBJ18EA,50.14,4.48,3.95,有,0720
竹北市,房地(土地+建物)+車位,四維街９５巷１０之２號,26.32,住,,,1100517,土地1建物1車位1,一層,六層,華廈(10層含以下有電梯),住家用,鋼筋混凝土造,0821224,139.9,3,2,2,有,有,6800000,48606,坡道平面,0.0,0,,RPWPMLLKOHGGFBJ78EA,78.47,9.28,0.0,有,0721
竹東鎮,房地(土地+建物),康寧街３１５巷７號,67.18,住,,,1100520,土地1建物1車位0,全,二層,透天厝,住家用,加強磚造,,108.64,3,2,3,有,無,4500000,41421,,0.0,0,,RPTOMLSJOHGGFCJ09EA,108.64,0.0,0.0,無,0722
竹東鎮,房地(土地+建物)+車位,新竹縣竹東鎮長春路三段１４７號七樓,13.91,住,,,1100517,土地1建物1車位1,七層,十二層,住宅大樓(11層含以上有電梯),住家用,鋼筋混凝土造,0820729,118.84,3,2,2,有,有,5500000,46281,坡道平面,0.0,1000000,,RPROMLTJOHGGFCJ98EA,73.24,2.54,9.22,有,
峨眉鄉,土地,湖光段611地號,138.81,,山坡地保育區,水利用地,1100513,土地1建物0車位0,,,其他,,,,0.0,0,0,0,有,無,200000,1441,,0.0,0,地清或未辦繼承標售；,RPSPMLTJOHGGFCJ56EA,0.0,0.0,0.0,無,0697
峨眉鄉,土地,湖光段612地號,1686.66,,山坡地保育區,水利用地,1100513,土地1建物0車位0,,,其他,,,,0.0,0,0,0,有,無,2800000,1660,,0.0,0,地清或未辦繼承標售；,SPSPMLTJOHGGFCJ66EA,0.0,0.0,0.0,無,
橫山鄉,土地,矺子段677-5地號,1169.07,,山坡地保育區,農牧用地,1100505,土地3建物0車位0,,,其他,,,,0.0,0,0,0,有,無,1800000,1540,,0.0,0,,RPWNMLTJOHGGFCJ76EA,0.0,0.0,0.0,無,
竹東鎮,房地(土地+建物)+車位,自強路２９號八樓,23.0,住,,,1100513,土地1建物1車位1,八層,十一層,住宅大樓(11層含以上有電梯),住家用,鋼筋混凝土造,0830428,139.02,3,2,2,有,有,5550000,39922,坡道平面,0.0,0,,RPQOMLKKOHGGFCJ08EA,73.12,0.0,9.88,有,0724
竹北市,房地(土地+建物)+車位,勝利八街一段２３３號十二樓之九,9.38,商,,,1100507,土地1建物1車位1,十二層,二十七層,住宅大樓(11層含以上有電梯),住家用,鋼筋混凝土造,1050608,125.33000000000001,2,2,1,有,有,11460000,91439,坡道平面,29.81,0,,RPTPMLKKOHGGFBJ38EA,56.67,1.39,6.53,有,0725
竹北市,房地(土地+建物)+車位,泰和一街９３號二樓,27.34,住,,,1100519,土地4建物1車位1,二層,五層,華廈(10層含以下有電梯),住家用,鋼筋混凝土造,0821119,131.27,3,2,2,有,有,4300000,32757,坡道機械,0.0,0,親友、員工、共有人或其他特殊關係間之交易；,RPQNMLLKOHGGFBJ97EA,93.2,0.0,3.36,有,0726
竹北市,房地(土地+建物)+車位,十興路一段２６６號五樓之二,13.27,住,,,1100508,土地1建物1車位1,五層,十五層,住宅大樓(11層含以上有電梯),住家用,鋼筋混凝土造,1070625,107.72999999999999,2,1,1,有,無,9850000,112295,坡道平面,29.81,1100000,,RPUPMLTJOHGGFBJ66EA,43.49,2.75,5.01,有,0727
新豐鄉,房地(土地+建物)+車位,松林街５１巷２號,40.04,住,,,1100505,土地1建物1車位1,一層,七層,華廈(10層含以下有電梯),住家用,鋼筋混凝土造,0980818,156.23,3,2,2,有,有,8000000,51207,坡道平面,0.0,0,,RPUNMLKKOHGGFDJ38DA,93.25,2.79,6.15,有,
新豐鄉,土地,青埔子段1040-2地號,3117.0,,特定農業區,農牧用地,1100505,土地2建物0車位0,,,其他,,,,0.0,0,0,0,有,無,9430000,3025,,0.0,0,,RPSNMLTJOHGGFDJ98DA,0.0,0.0,0.0,無,0728
新豐鄉,土地,坪頂段1152地號,1092.61,住,,,1100506,土地1建物0車位0,,,其他,,,,0.0,0,0,0,有,無,107417213,98312,,0.0,0,,RPPNMLRJOHGGFDJ48DA,0.0,0.0,0.0,無,
湖口鄉,房地(土地+建物),成功路１９２號六樓,9.25,住,,,1100513,土地1建物1車位0,六層,十二層,住宅大樓(11層含以上有電梯),住家用,鋼筋混凝土造,0841230,101.60000000000001,2,2,2,有,無,2700000,26575,,0.0,0,,RPUNMLOJOHGGFDJ68DA,66.79,0.0,8.22,有,
湖口鄉,土地,北湖段131地號,138.0,農,,,1100531,土地1建物0車位0,,,其他,,,,0.0,0,0,0,有,無,2860000,20725,,0.0,0,,RPQOMLLJOHGGFDJ08DA,0.0,0.0,0.0,無,
新豐鄉,房地(土地+建物)+車位,建興路一段２０１巷１０號三樓,60.53,住,,,1100530,土地1建物1車位1,三層,十層,華廈(10層含以下有電梯),住家用,鋼筋混凝土造,0930920,187.62,3,2,2,有,有,6700000,35710,坡道平面,0.0,0,,RPSNMLLMNHGGFDJ38DA,100.87,0.0,11.47,有,
竹東鎮,房地(土地+建物)+車位,中興路二段３７８巷６號三樓,31.57,都市：其他:住一,,,1100510,土地1建物1車位1,三層,七層,華廈(10層含以下有電梯),住家用,鋼筋混凝土造,,148.7,3,2,2,有,有,5630000,37861,坡道平面,0.0,0,,RPTPMLTJOHGGFCJ56DA,89.1,0.0,8.14,有,0729
竹東鎮,房地(土地+建物),文林路１４９巷４８號,86.79,住,,,1100505,土地2建物1車位0,全,四層,透天厝,住家用,鋼筋混凝土造,0881105,177.67,6,2,3,有,有,8980000,50543,,0.0,0,其他增建；,RPUOMLTJOHGGFCJ56DA,161.69,0.0,14.91,無,
竹東鎮,房地(土地+建物)+車位,北興路三段２４７之１號四樓,34.75,住,,,1100511,土地1建物1車位1,四層,十三層,住宅大樓(11層含以上有電梯),住家用,鋼筋混凝土造,1041019,205.6,3,2,2,有,有,12000000,58366,坡道平面,32.22,0,,RPSNMLKKOHGGFCJ08DA,105.01,0.0,11.43,有,0730
竹北市,土地,興崙段272地號,455.12,農,,,1100511,土地1建物0車位0,,,其他,,,,0.0,0,0,0,有,無,14043360,30856,,0.0,0,,RPQNMLKKOHGGFBJ77DA,0.0,0.0,0.0,無,
竹北市,房地(土地+建物)+車位,北新一街１９號十八樓之一,14.01,商,,,1100501,土地1建物1車位1,十八層,二十四層,住宅大樓(11層含以上有電梯),住家用,鋼筋混凝土造,1091225,159.26,3,2,2,有,有,13950000,87593,坡道平面,29.41,0,,RPWOMLKKOHGGFBJ48DA,82.08,0.0,5.84,有,0731
竹北市,房地(土地+建物)+車位,科大一路２０號,60.34,住,,,1100520,土地1建物1車位1,一層，見其他登記事項,十三層,店面(店鋪),商業用,鋼筋混凝土造,1000719,301.15,2,1,2,有,有,37000000,122862,坡道平面,0.0,0,,RPPNMLTJOHGGFBJ48DA,180.09,11.38,12.86,有,0732
竹北市,房地(土地+建物),中正東路３３５巷４號,132.0,住,,,1100507,土地1建物1車位0,全,二層,透天厝,住家用,加強磚造,,143.58,6,3,3,有,無,13250000,92283,,0.0,0,天井、三樓增建其他增建；,RPWNMLSJOHGGFBJ09DA,143.58,0.0,0.0,無,0733
竹北市,房地(土地+建物)+車位,光明六路東二段２５８之１號五樓之二十,12.34,住,,,1100510,土地1建物1車位1,五層,九層,華廈(10層含以下有電梯),商業用,鋼筋混凝土造,0980121,91.69,2,2,2,有,有,8200000,89432,坡道平面,0.0,0,夾層；含租約；,RPXNMLRJOHGGFBJ09DA,39.23,5.21,0.0,有,0734
竹北市,房地(土地+建物)+車位,新民街２１３巷７弄５號六樓,23.88,住,,,1100512,土地1建物1車位1,六層,六層,華廈(10層含以下有電梯),住家用,鋼筋混凝土造,0850717,116.78,3,2,2,有,有,5820000,49837,坡道機械,0.0,0,,RPWPMLKKOHGGFBJ58DA,75.91,1.09,9.29,有,0735
竹北市,房地(土地+建物)+車位,新興路２３號七樓,21.76,住,,,1100520,土地1建物1車位1,七層,八層,華廈(10層含以下有電梯),住家用,鋼筋混凝土造,0830730,121.06,3,2,2,有,有,5500000,45432,坡道平面,0.0,0,,RPWQMLLKOHGGFBJ78DA,73.96,0.0,8.32,有,
竹北市,房地(土地+建物)+車位,隘口六街２２２號十三樓,21.9,住,,,1100509,土地1建物1車位1,十三層,十五層,住宅大樓(11層含以上有電梯),住家用,鋼筋混凝土造,1040119,137.01,2,2,1,有,有,14200000,103642,坡道平面,29.97,0,,RPXQMLLKOHGGFBJ88DA,67.9,3.48,3.08,有,0736
竹北市,房地(土地+建物)+車位,中華路７８７號二樓,17.06,住,,,1100508,土地1建物1車位1,二層,十層,華廈(10層含以下有電梯),住家用,鋼筋混凝土造,0870901,98.6,3,2,2,有,有,5600000,56795,坡道機械,0.0,0,,RPSNMLLMNHGGFBJ18DA,72.42,0.02,3.63,有,
新埔鎮,土地,泰陽段432地號,17.08,都市：其他:道路用地,,,1100518,土地3建物0車位0,,,其他,,,,0.0,0,0,0,有,無,36000,2108,,0.0,0,包含公共設施保留地用地；,RPOPMLSKNHGGFBJ48DA,0.0,0.0,0.0,無,0737
新埔鎮,房地(土地+建物)+車位,田新路１７６號二樓之二,23.74,商,,,1100510,土地1建物1車位1,二層,十四層,住宅大樓(11層含以上有電梯),住家用,鋼筋混凝土造,1081216,158.87,2,2,2,有,有,8500000,53503,坡道平面,28.33,0,,RPXOMLNKNHGGFBJ78DA,80.57,1.93,10.88,有,0738
新埔鎮,土地,泰陽段432地號,62.06,都市：其他:道路用地,,,1100503,土地4建物0車位0,,,其他,,,,0.0,0,0,0,有,無,71000,1144,,0.0,0,包含公共設施保留地用地；,RPQSMLOJNHGGFBJ48DA,0.0,0.0,0.0,無,0737
新埔鎮,土地,泰陽段432地號,17.08,都市：其他:道路用地,,,1100506,土地3建物0車位0,,,其他,,,,0.0,0,0,0,有,無,36000,2108,,0.0,0,包含公共設施保留地用地；,RPOQMLQJNHGGFBJ28DA,0.0,0.0,0.0,無,0737
竹北市,房地(土地+建物),光明六路８７之１號七樓之五,6.79,商,,,1100525,土地1建物1車位0,七層,十一層,住宅大樓(11層含以上有電梯),商業用,鋼筋混凝土造,0960827,47.48,1,1,1,有,有,4700000,98989,,0.0,0,夾層；,RPTSMLLKOHGGFBJ68DA,27.66,1.26,1.66,有,0741
竹北市,房地(土地+建物)+車位,勝利八街一段３８１號二樓,13.64,商,,,1100513,土地1建物1車位1,二層,二十九層,住宅大樓(11層含以上有電梯),住家用,鋼筋混凝土造,1070418,156.26,3,2,2,有,有,18500000,118392,坡道平面,24.95,0,,RPRPMLRKNHGGFBJ68DA,76.77,0.0,10.5,有,0742
竹北市,土地,隘興段170-2地號,106.53,住,,,1100504,土地1建物0車位0,,,其他,,,,0.0,0,0,0,有,無,18800000,176476,,0.0,0,,RPQOMLPLNHGGFBJ38DA,0.0,0.0,0.0,無,0649
竹北市,房地(土地+建物)+車位,興隆路一段６３１號五樓之七,15.9,住,,,1100518,土地1建物1車位1,五層,十五層,住宅大樓(11層含以上有電梯),住家用,鋼筋混凝土造,1071026,113.08,2,2,1,有,有,10700000,94623,坡道平面,33.03,0,,RPUPMLNJOHGGFBJ58DA,42.92,4.32,4.93,有,0744
竹北市,房地(土地+建物),中山路１８６巷９弄２號二樓,29.6,住,,,1100525,土地3建物1車位0,二層,五層,華廈(10層含以下有電梯),住家用,鋼筋混凝土造,0820421,99.07000000000001,3,2,2,有,有,4960000,50066,,0.0,0,,RPVPMLKKOHGGFBJ48DA,79.61,0.0,11.04,有,0745
竹北市,房地(土地+建物)+車位,嘉政二街５０號三樓,41.18,商,,,1100502,土地1建物1車位2,三層,十五層,住宅大樓(11層含以上有電梯),住家用,鋼筋混凝土造,0990419,275.68,4,2,2,有,有,27600000,100112,坡道平面,62.8,0,,RPTQMLTJOHGGFBJ56DA,132.97,11.37,11.86,有,0746
竹北市,房地(土地+建物)+車位,十興路３１２號十五樓之二,11.98,商,,,1100526,土地1建物1車位2,十五層,二十二層,住宅大樓(11層含以上有電梯),住家用,鋼筋混凝土造,1070920,163.98000000000002,2,1,1,有,有,9300000,56714,坡道平面,0.0,0,親友、員工、共有人或其他特殊關係間之交易；,RPUOMLKKOHGGFBJ28DA,63.36,0.0,8.75,有,0747
橫山鄉,土地,八十分段馬福小段107地號,2500.0,,山坡地保育區,農牧用地,1100521,土地1建物0車位0,,,其他,,,,0.0,0,0,0,有,無,2220000,888,,0.0,0,,RPVNMLSJOHGGFCJ09DA,0.0,0.0,0.0,無,
竹東鎮,土地,仁愛段898-1地號,19.0,都市：其他:道路,,,1100531,土地1建物0車位0,,,其他,,,,0.0,0,0,0,有,無,330000,17368,,0.0,0,包含公共設施保留地用地；,RPSOMLLKOHGGFCJ28DA,0.0,0.0,0.0,無,
竹東鎮,房地(土地+建物)+車位,光明路１２６巷５弄８號十樓,25.22,都市：其他:科技商務服務專用區,,,1100524,土地1建物1車位1,十層,十四層,住宅大樓(11層含以上有電梯),辦公用,鋼筋混凝土造,1080304,167.51999999999998,3,2,2,有,有,9200000,54919,坡道平面,0.0,0,陽台外推；,RPVOMLMKOHGGFCJ68DA,87.08,0.0,7.33,有,0748
湖口鄉,房地(土地+建物),中平路一段６００巷２弄５８號,114.0,,特定農業區,甲種建築用地,1100515,土地1建物1車位0,全,三層,透天厝,住家用,鋼筋混凝土造,0830114,215.01,5,2,3,有,無,5550000,25813,,0.0,0,頂樓加蓋；,RPSNMLKLNHGGFDJ18DA,165.6,30.27,19.14,無,0749
湖口鄉,房地(土地+建物)+車位,明德街８５號八樓之５,19.17,住,,,1100520,土地1建物1車位1,八層,十四層,住宅大樓(11層含以上有電梯),住家用,鋼筋混凝土造,1091014,110.89,2,1,1,有,有,5380000,48517,坡道平面,26.6,0,,RPTOMLSJOHGGFDJ09DA,53.25,1.21,6.91,有,0750
湖口鄉,房地(土地+建物),仁樂路９２號五樓,29.7,,工業區,丁種建築用地,1100522,土地3建物1車位0,五層,五層,公寓(5樓含以下無電梯),住家用,鋼筋混凝土造,0810725,81.84,3,2,2,有,無,2170000,26515,,0.0,0,,RPPPMLKKOHGGFDJ08DA,66.47,0.0,8.78,無,0751
湖口鄉,房地(土地+建物),三民一路５７號,107.07,,鄉村區,乙種建築用地,1100517,土地2建物1車位0,全,五層,透天厝,住家用,鋼筋混凝土造,1050527,469.35,24,0,24,有,無,28900000,61575,,0.0,0,,RPPNMLKKOHGGFDJ87DA,371.64,67.38,30.33,無,
湖口鄉,房地(土地+建物)+車位,蘭州四街２７號二樓,24.96,,工業區,丁種建築用地,1100519,土地1建物1車位1,二層,五層,華廈(10層含以下有電梯),住家用,鋼筋混凝土造,1010105,111.57000000000001,3,1,2,有,有,5600000,50193,一樓平面,0.0,0,,RPSNMLLKOHGGFDJ28DA,73.56,6.13,7.15,有,0752
新豐鄉,土地,崁頭段1336地號,544.0,,特定農業區,農牧用地,1100505,土地1建物0車位0,,,其他,,,,0.0,0,0,0,有,無,1480000,2721,,0.0,0,,RPWNMLLKOHGGFDJ78EA,0.0,0.0,0.0,無,
湖口鄉,房地(土地+建物),中正七街６０巷２號,91.67,都市：其他:住(一),,,1100524,土地2建物1車位0,全,四層,透天厝,住家用,鋼筋混凝土造,1040820,218.6,4,2,4,有,無,14250000,65188,,0.0,0,,RPXNMLLKOHGGFDJ88EA,195.88,0.0,22.72,無,0753
竹北市,房地(土地+建物)+車位,勝利八街一段２３１號六樓之五,10.7,商,,,1100509,土地1建物1車位1,六層,二十七層,住宅大樓(11層含以上有電梯),住家用,鋼筋混凝土造,1050608,143.96,3,2,2,有,有,12800000,88914,坡道平面,29.81,0,,RPRNMLLKOHGGFBJ08EA,63.42,8.23,5.63,有,0754
竹北市,房地(土地+建物)+車位,勝利十一路２６２號二十一樓之三,7.58,商,,,1100526,土地1建物1車位1,二十一層,二十三層,住宅大樓(11層含以上有電梯),住家用,鋼筋混凝土造,1051101,102.15,2,2,1,有,有,9980000,97699,坡道平面,25.88,0,,RPRUMLLKOHGGFBJ78EA,43.35,1.19,5.98,有,0755
竹北市,房地(土地+建物)+車位,北新一街６號十四樓,10.86,商,,,1100502,土地1建物1車位1,十四層,二十四層,住宅大樓(11層含以上有電梯),住家用,鋼筋混凝土造,1080416,125.03,2,2,1,有,有,10500000,83980,坡道平面,0.0,0,,RPPPMLPKOHGGFBJ48EA,59.03,0.0,6.98,有,0756
竹北市,房地(土地+建物)+車位,聯發街２９號八樓,26.38,住,,,1100516,土地1建物1車位1,八層,十四層,住宅大樓(11層含以上有電梯),住家用,鋼筋混凝土造,1040519,174.41,3,2,2,有,有,15800000,90591,坡道平面,30.42,0,,RPUPMLPKOHGGFBJ98EA,82.09,10.35,4.7,有,0757
竹北市,房地(土地+建物)+車位,勝利八街一段２３３號九樓之九,9.38,商,,,1100509,土地1建物1車位1,九層,二十七層,住宅大樓(11層含以上有電梯),住家用,鋼筋混凝土造,1050608,125.33000000000001,2,2,1,有,有,11700000,93354,坡道平面,29.81,0,,RPSNMLTJOHGGFBJ88EA,56.67,1.39,6.53,有,0758
竹北市,土地,東華段927地號,443.15,工,,,1100519,土地1建物0車位0,,,其他,,,,0.0,0,0,0,有,無,38130000,86043,,0.0,0,,RPXNMLLMNHGGFBJ78EA,0.0,0.0,0.0,無,0759
竹北市,房地(土地+建物)+車位,嘉政二街４８號五樓,44.01,商,,,1100506,土地1建物1車位2,五層,十五層,住宅大樓(11層含以上有電梯),住家用,鋼筋混凝土造,0990419,286.3,4,2,2,有,有,29800000,104087,坡道平面,62.8,0,,RPPNMLLKOHGGFBJ87EA,140.15,9.1,16.82,有,
尖石鄉,土地,義興段義興小段44地號,280.0,,山坡地保育區,農牧用地,1100513,土地1建物0車位0,,,其他,,,,0.0,0,0,0,有,無,44560,159,,0.0,0,地清或未辦繼承標售；,RPTNMLKKOHGGFCJ28EA,0.0,0.0,0.0,無,
竹東鎮,房地(土地+建物),幸福一路１２號,72.0,住,,,1100503,土地1建物1車位0,全,二層,透天厝,住家用,加強磚造,,123.56,4,2,3,有,無,8500000,68792,,0.0,0,,RPROMLLKOHGGFCJ28EA,123.56,0.0,0.0,無,
竹東鎮,房地(土地+建物),自由街１２０巷１５號六樓之１,14.8,都市：其他:住一,,,1100516,土地1建物1車位0,六層,十一層,住宅大樓(11層含以上有電梯),住家用,鋼筋混凝土造,0851224,92.04,4,2,2,有,有,3500000,38027,,0.0,0,夾層；,RPPNMLPKOHGGFCJ38EA,58.85,0.21,7.23,有,0760
竹東鎮,房地(土地+建物),中豐路二段３９８巷８弄３號,95.38,住,,,1100510,土地5建物1車位0,全,四層,透天厝,住家用,鋼筋混凝土造,0941212,252.51000000000002,7,3,3,有,無,10600000,41979,,0.0,0,,RPQNMLLKOHGGFCJ08EA,207.66,2.04,15.04,無,0761
竹東鎮,房地(土地+建物)+車位,光明路１２６巷１４號七樓,27.67,都市：其他:住一,,,1100517,土地3建物1車位1,七層,八層,華廈(10層含以下有電梯),住家用,鋼筋混凝土造,,136.59,3,2,2,有,有,5000000,36606,坡道機械,0.0,0,,RPPNMLQKOHGGFCJ48EA,99.32,0.0,10.54,有,
竹東鎮,房地(土地+建物),員山路１３４巷４６弄１３號,140.66,農,,,1100518,土地3建物1車位0,全,四層,透天厝,住家用,鋼筋混凝土造,0900710,247.3,4,2,3,有,有,16500000,66721,,0.0,0,陽台外推；其他增建；,RPQNMLQKOHGGFCJ58EA,216.22,23.73,7.35,無,
竹北市,房地(土地+建物)+車位,十興路３１２號七樓之六,14.86,商,,,1100507,土地1建物1車位1,七層,二十二層,住宅大樓(11層含以上有電梯),住家用,鋼筋混凝土造,1070920,160.82999999999998,3,2,2,有,有,12300000,76478,坡道平面,28.95,0,,RPOQMLPKOHGGFBJ48EA,75.64,0.0,13.95,有,0762
竹北市,房地(土地+建物)+車位,高鐵七路６５號十六樓之六,13.57,商,,,1100503,土地1建物1車位2,十六層,十八層,住宅大樓(11層含以上有電梯),商業用,鋼筋混凝土造,0990208,134.67,1,1,1,有,有,9500000,85541,坡道機械,37.64,1200000,含租約；,RPSPMLPKOHGGFBJ78EA,58.14,0.0,3.96,有,
竹北市,房地(土地+建物)+車位,莊敬六街１號十二樓,13.82,商,,,1100505,土地1建物1車位1,十二層,十五層,住宅大樓(11層含以上有電梯),住家用,鋼筋混凝土造,0941114,158.36,3,2,2,有,有,12500000,78934,坡道平面,32.73,0,,RPPOMLQKOHGGFBJ48EA,89.11,1.28,3.96,有,0763
竹北市,房地(土地+建物)+車位,隘口六街３５號三樓之一,10.13,住,,,1100516,土地1建物1車位1,三層,九層,華廈(10層含以下有電梯),商業用,鋼筋混凝土造,0970609,60.41,2,2,1,有,有,5800000,96026,坡道機械,0.0,0,夾層；,RPRNMLPKOHGGFBJ48EA,30.69,1.69,3.34,有,0764
湖口鄉,房地(土地+建物),中興二巷２０號,86.63,,鄉村區,乙種建築用地,1100512,土地4建物1車位0,全,二層,透天厝,住家用,加強磚造,0690507,135.47,3,2,2,有,無,5720000,42223,,0.0,0,,RPOOMLLKOHGGFDJ08EA,135.47,0.0,0.0,無,
新豐鄉,房地(土地+建物),保康街４０巷１弄１號,23.04,住,,,1100526,土地1建物1車位0,一層,五層,華廈(10層含以下有電梯),住家用,鋼筋混凝土造,0970601,66.62,2,1,1,有,有,4000000,60042,,0.0,0,其他增建；,RPWNMLQKOHGGFDJ66EA,47.18,0.0,3.3,有,0765
新豐鄉,房地(土地+建物)+車位,康樂路一段５１０巷３號六樓之２,24.26,,鄉村區,乙種建築用地,1100502,土地2建物1車位1,六層,十一層,住宅大樓(11層含以上有電梯),住家用,鋼筋混凝土造,1060523,101.53,3,2,2,有,有,6380000,62839,其他,5.68,0,,RPWNMLPJNHGGFDJ88DA,60.03,5.06,6.25,有,0766
湖口鄉,房地(土地+建物),健康一街５號,68.8,都市：其他:住(一),,,1100510,土地1建物1車位0,全,三層,透天厝,住家用,鋼筋混凝土造,1091109,163.55,4,2,5,有,有,11880000,72638,,0.0,0,,RPQPMLLMNHGGFDJ38DA,150.82,0.0,12.73,無,
湖口鄉,土地,建興段鳳凰小段231-3地號,198.0,,工業區,丁種建築用地,1100515,土地2建物0車位0,,,其他,,,,0.0,0,0,0,有,無,16770000,84697,,0.0,0,,RPVNMLLLNHGGFDJ58DA,0.0,0.0,0.0,無,0767
湖口鄉,房地(土地+建物),達生八街６１１號,109.23,都市：其他:住(一),,,1100504,土地2建物1車位0,全,四層,透天厝,住家用,鋼筋混凝土造,1071017,244.48,4,2,4,有,無,14800000,60537,,0.0,0,,RPQOMLOLNHGGFDJ48DA,210.19,13.93,20.36,無,
湖口鄉,房地(土地+建物),達生八街６１９號,156.62,都市：其他:住(一),,,1100509,土地2建物1車位0,全,四層,透天厝,住家用,鋼筋混凝土造,1071017,244.48,4,2,4,有,無,16500000,67490,,0.0,0,,RPVOMLOLNHGGFDJ98DA,210.19,13.93,20.36,無,
竹東鎮,房地(土地+建物)+車位,光明路１２６巷７９號八樓,21.31,都市：其他:科技商務服務專用區,,,1100513,土地3建物1車位1,八層,十四層,住宅大樓(11層含以上有電梯),辦公用,鋼筋混凝土造,1040325,149.29,2,2,2,有,有,9700000,64974,坡道平面,0.0,0,陽台加窗陽台外推；其他增建；,RPTNMLPKOHGGFCJ68DA,75.62,0.0,7.84,有,0768
芎林鄉,土地,石潭段392地號,2734.25,,山坡地保育區,農牧用地,1100514,土地2建物0車位0,,,其他,,,,0.0,0,0,0,有,無,10500000,3840,,0.0,0,農作物；,RPTNMLLKOHGGFCJ28DA,0.0,0.0,0.0,無,
寶山鄉,房地(土地+建物),館前路８８號五樓,16.41,住,,,1100517,土地2建物1車位0,五層,八層,華廈(10層含以下有電梯),住家用,鋼筋混凝土造,0841106,99.31,3,2,2,有,有,3680000,37056,,0.0,0,,RPTOMLTJOHGGFCJ09DA,73.53,0.0,8.12,有,0769
竹東鎮,房地(土地+建物),北興路三段４７２號四樓,11.24,住,,,1100505,土地1建物1車位0,四層,十二層,住宅大樓(11層含以上有電梯),住家用,鋼筋混凝土造,0840519,107.96000000000001,3,2,2,有,有,3590000,33253,,0.0,0,陽台外推；,RPOOMLPKOHGGFCJ28DA,77.61,0.0,7.07,有,0770
竹北市,房地(土地+建物)+車位,六家五路二段２１６號八樓之一,32.6,住,,,1100519,土地1建物1車位2,八層,二十四層,住宅大樓(11層含以上有電梯),住家用,鋼筋混凝土造,1010328,226.85,3,2,2,有,有,21000000,92572,坡道平面,0.0,0,,RPTNMLTJOHGGFBJ88DA,103.78,5.73,4.68,有,0518
竹北市,房地(土地+建物)+車位,十興二街１６０號九樓,21.02,住,,,1100516,土地1建物1車位1,九層,十四層,住宅大樓(11層含以上有電梯),住家用,鋼筋混凝土造,1050729,136.76,2,2,1,有,有,12500000,91401,坡道平面,27.08,0,,RPRNMLSJOHGGFBJ58DA,58.07,4.68,10.42,有,0772
新埔鎮,房地(土地+建物)+車位,田新路５００號十三樓之一,31.21,商,,,1100518,土地1建物1車位1,十三層,十三層,住宅大樓(11層含以上有電梯),住家用,鋼筋混凝土造,1070730,285.9,4,2,3,有,有,16380000,57293,坡道平面,28.8,0,陽台外推；,RPTNMLSJOHGGFBJ78DA,154.09,28.66,8.49,有,0773
竹北市,房地(土地+建物)+車位,勝利十一路２６２號十樓之十,13.0,商,,,1100514,土地1建物1車位2,十層,二十三層,住宅大樓(11層含以上有電梯),住家用,鋼筋混凝土造,1051101,178.42000000000002,3,2,2,有,有,14620000,81941,坡道平面,60.06,0,,RPRQMLLKOHGGFBJ28DA,66.99,5.22,6.27,有,0774
新埔鎮,房地(土地+建物),和平街３０號,121.44,住,,,1100506,土地2建物1車位0,全,二層,透天厝,住家用,加強磚造,,186.86,4,2,2,有,無,6800000,36391,,0.0,0,頂樓加蓋；其他增建；,RPVQMLLKOHGGFBJ68DA,186.86,0.0,0.0,無,
竹北市,房地(土地+建物)+車位,興隆路一段６３１號十一樓之十,16.41,住,,,1100510,土地1建物1車位1,十一層,十五層,住宅大樓(11層含以上有電梯),住家用,鋼筋混凝土造,1071026,115.99,2,2,1,有,有,11100000,95698,坡道平面,33.03,0,,RPTOMLNJOHGGFBJ38DA,42.12,6.98,4.91,有,0775
竹北市,房地(土地+建物),博愛街２９６之１號,84.6,住,,,1100505,土地2建物1車位0,全,四層,透天厝,住商用,鋼筋混凝土造,1081101,256.35,7,0,8,有,無,29500000,115077,,0.0,0,其他增建；,RPQQNLQLNHGGFBJ78DA,244.3,0.0,12.05,有,
竹北市,房地(土地+建物),縣政三街４２之１號,82.91,住,,,1100508,土地2建物1車位0,全,三層,透天厝,住家用,鋼筋混凝土造,0831018,167.28,4,2,6,有,無,15600000,93257,,0.0,0,,RPXOMLSKNHGGFBJ66DA,155.05,7.31,4.92,無,0776
竹北市,土地,省道段1228地號,80.13,都市：其他:道路用地,,,1100521,土地4建物0車位0,,,其他,,,,0.0,0,0,0,有,無,3329790,41555,,0.0,0,包含公共設施保留地用地；,RPSRMLLJOHGGFBJ38DA,0.0,0.0,0.0,無,
竹北市,房地(土地+建物),中正西路１０７３巷７８弄１０６號　,179.11,,特定農業區,甲種建築用地,1100507,土地3建物1車位0,全,五層,透天厝,住家用,鋼筋混凝土造,1090910,314.97,5,2,6,有,有,18000000,57148,,0.0,0,,RPSNMLLJOHGGFBJ97DA,299.61,0.0,15.36,有,
新埔鎮,房地(土地+建物),田新路２２０號,159.35,住,,,1100511,土地1建物1車位0,全,四層,透天厝,住商用,鋼筋混凝土造,1080702,303.75,4,2,6,有,無,24500000,80658,,0.0,0,,RPXSMLOLNHGGFBJ76DA,285.72,0.0,18.03,有,
竹北市,土地,省道段1534地號,117.55,都市：其他:道路用地,,,1100510,土地1建物0車位0,,,其他,,,,0.0,0,0,0,有,無,9596900,81641,,0.0,0,包含公共設施保留地用地；,RPQQMLMKNHGGFBJ18DA,0.0,0.0,0.0,無,
竹北市,房地(土地+建物)+車位,勝利十一路２６０號十九樓之一,8.33,商,,,1100516,土地1建物1車位1,十九層,二十三層,住宅大樓(11層含以上有電梯),住家用,鋼筋混凝土造,1051101,118.43,2,2,1,有,有,10600000,89504,坡道平面,30.03,0,,RPRRMLPKOHGGFBJ78DA,50.84,1.72,6.02,有,0777
竹北市,房地(土地+建物)+車位,竹仁街３６號二樓之九,8.46,商,,,1100525,土地1建物1車位1,二層,七層,套房(1房1廳1衛),住家用,鋼筋混凝土造,0910613,50.5,1,1,1,有,無,3700000,73267,其他,0.0,0,含土地增值稅或其他稅費；含仲介費；陽台外推；,RPOPMLQKOHGGFBJ38DA,22.74,0.0,3.28,有,
竹北市,土地,水瀧段973地號,337.63,都市：其他:道路用地,,,1100507,土地3建物0車位0,,,其他,,,,0.0,0,0,0,有,無,19350000,57311,,0.0,0,包含公共設施保留地用地；,RPVPMLPKOHGGFBJ98DA,0.0,0.0,0.0,無,0460
竹北市,土地,中興段67地號,32.21,都市：其他:道路用地,,,1100513,土地2建物0車位0,,,其他,,,,0.0,0,0,0,有,無,2922000,90717,,0.0,0,包含公共設施保留地用地；,RPRQMLPKOHGGFBJ68DA,0.0,0.0,0.0,無,
竹北市,房地(土地+建物)+車位,勝利二路３８號四樓,30.26,商,,,1100504,土地1建物1車位1,四層,十二層,住宅大樓(11層含以上有電梯),住家用,鋼筋混凝土造,1010120,235.18,3,2,2,有,有,13922000,59197,坡道平面,0.0,0,,RPWNMLPKOHGGFBJ88DA,136.19,6.12,18.0,有,
竹北市,房地(土地+建物)+車位,六家五路一段３１０號五樓,24.09,住,,,1100506,土地1建物1車位1,五層,十五層,住宅大樓(11層含以上有電梯),住家用,鋼筋混凝土造,1050923,139.31,2,1,1,有,有,12800000,91881,坡道平面,41.29,0,,RPTNMLRKOHGGFBJ78DA,57.96,0.0,7.72,有,0779
芎林鄉,土地,富林段59-1地號,77.99,,特定農業區,甲種建築用地,1100527,土地1建物0車位0,,,其他,,,,0.0,0,0,0,有,無,3700000,47442,,0.0,0,,RPSOMLLJOHGGFCJ18DA,0.0,0.0,0.0,無,0780
竹東鎮,房地(土地+建物)+車位,工業一路８之６號八樓,18.95,住,,,1100512,土地1建物1車位1,八層,十五層,住宅大樓(11層含以上有電梯),住家用,鋼筋混凝土造,1090113,110.34,2,2,2,有,有,6150000,55737,坡道平面,27.34,0,,RPUNMLNJOHGGFCJ48DA,46.43,2.79,6.26,有,0781
竹東鎮,土地,重光段892-1地號,52.16,都市：其他:住一,,,1100524,土地1建物0車位0,,,其他,,,,0.0,0,0,0,有,無,3945000,75633,,0.0,0,,RPWNMLPKOHGGFCJ98DA,0.0,0.0,0.0,無,
寶山鄉,房地(土地+建物)+車位,雙豐二街８８號六樓,38.87,住,,,1100510,土地1建物1車位1,六層,七層,華廈(10層含以下有電梯),住家用,鋼筋混凝土造,1050929,155.69,3,2,2,有,有,10400000,66799,坡道平面,29.37,0,,RPXNMLPKOHGGFCJ09DA,78.25,0.0,9.41,有,0782
竹東鎮,房地(土地+建物),光武街１０１號七樓,12.53,商,,,1100517,土地2建物1車位0,七層,九層,華廈(10層含以下有電梯),住家用,鋼筋混凝土造,0850506,90.43,3,2,1,有,有,2500000,27646,,0.0,0,,RPSRMLQLNHGGFCJ09DA,61.01,1.92,10.82,有,
湖口鄉,房地(土地+建物),成功路９２８巷８２弄２號,150.44,,特定農業區,甲種建築用地,1100505,土地4建物1車位0,全,三層,透天厝,住家用,鋼筋混凝土造,1050608,222.86,4,2,3,有,無,11360000,50974,,0.0,0,,RPXNMLQJNHGGFDJ09DA,214.7,8.16,0.0,無,0783
湖口鄉,房地(土地+建物),吳厝路３３５巷７號,130.38,,特定農業區,甲種建築用地,1100503,土地3建物1車位0,全,三層,透天厝,住家用,鋼筋混凝土造,1020827,194.32,4,2,3,有,無,7680000,39522,,0.0,0,其他增建；,RPVOMLOJNHGGFDJ78DA,183.92,0.0,10.4,無,0784
湖口鄉,房地(土地+建物),新化街５８巷５號,63.43,住,,,1100521,土地3建物1車位0,全,四層,透天厝,住家用,鋼筋混凝土造,1090409,184.42,3,2,3,有,有,9380000,50862,,0.0,0,,RPPNMLOKOHGGFDJ28DA,164.23,0.0,20.19,無,0785
北埔鄉,房地(土地+建物),仁愛路１５號,122.57,住,,,1100504,土地1建物1車位0,全,三層,透天厝,住家用,鋼筋混凝土造,,155.1,4,2,2,有,無,6400000,41264,,0.0,0,,RPUOMLQKOHGGFCJ98DA,155.1,0.0,0.0,無,0786
新埔鎮,房地(土地+建物)+車位,福德街２１０號,109.48,住,,,1100525,土地1建物1車位1,全,四層,透天厝,住商用,鋼筋混凝土造,1090821,235.74,5,2,6,有,無,21600000,91626,一樓平面,0.0,0,陽台外推；,RPQOMLQKOHGGFBJ58EA,209.28,0.0,26.46,無,
竹北市,房地(土地+建物),博愛街１６８號六樓之七,9.02,商,,,1100510,土地1建物1車位0,六層,七層,華廈(10層含以下有電梯),商業用,鋼筋混凝土造,0970710,51.44,2,2,1,有,有,5300000,103033,,0.0,0,,RPUPMLQKOHGGFBJ09EA,32.34,0.0,7.23,有,0787
芎林鄉,土地,富林段294-2地號,514.54,,特定農業區,農牧用地,1100527,土地1建物0車位0,,,其他,,,,0.0,0,0,0,有,無,5200000,10106,,0.0,0,農作物；,RPQNMLKKOHGGFCJ97EA,0.0,0.0,0.0,無,
芎林鄉,土地,新鳳段102-2地號,481.22,,特定農業區,農牧用地,1100531,土地1建物0車位0,,,其他,,,,0.0,0,0,0,有,無,8000000,16624,,0.0,0,,RPWNMLRKOHGGFCJ66EA,0.0,0.0,0.0,無,
竹東鎮,房地(土地+建物),新竹縣竹東鎮公園路１８５巷２弄３７號,73.0,,鄉村區,乙種建築用地,1100512,土地2建物1車位0,全,二層,透天厝,住家用,加強磚造,,97.2,4,2,2,有,無,3850000,39609,,0.0,0,,RPOOMLRKOHGGFCJ58EA,97.2,0.0,0.0,無,0788
竹北市,房地(土地+建物)+車位,勝利八街一段２３３號三樓之二,9.29,商,,,1100507,土地1建物1車位1,三層,二十七層,住宅大樓(11層含以上有電梯),住家用,鋼筋混凝土造,1050608,122.97,2,2,1,有,有,11660000,94820,坡道平面,29.81,0,,RPQOMLRKOHGGFBJ68EA,56.97,0.0,6.15,有,0789
竹北市,房地(土地+建物),縣政十街８號九樓之五,5.39,商,,,1100506,土地1建物1車位0,九層,十層,套房(1房1廳1衛),商業用,鋼筋混凝土造,0950908,41.58,1,1,1,有,有,4050000,97403,,0.0,0,,RPQRMLSKOHGGFBJ09EA,22.1,0.0,3.15,有,0790
竹北市,房地(土地+建物)+車位,福興東路一段３７０巷１１號二樓,35.15,住,,,1100510,土地3建物1車位1,二層,十三層,住宅大樓(11層含以上有電梯),住家用,鋼筋混凝土造,1010706,178.88,3,2,2,有,有,14890000,83240,坡道平面,0.0,0,,RPTPMLQKOHGGFBJ98EA,85.74,0.86,8.49,有,0791
竹北市,房地(土地+建物)+車位,十興路３０５巷１０弄１５號六樓,24.55,住,,,1100510,土地1建物1車位1,六層,六層,公寓(5樓含以下無電梯),住家用,鋼筋混凝土造,0841011,122.5,3,2,2,有,有,7700000,62857,坡道平面,0.0,0,,RPTQMLPKOHGGFBJ98EA,77.09,0.0,8.26,無,0792
竹東鎮,房地(土地+建物),公園路１５２號一樓之３,12.12,住,,,1100520,土地1建物1車位0,一層,七層,華廈(10層含以下有電梯),住家用,鋼筋混凝土造,0890401,62.63,1,2,1,有,有,1600000,25547,,0.0,0,其他增建；,RPQNMLRKOHGGFCJ58DA,43.23,0.0,6.86,有,
寶山鄉,房地(土地+建物),大坪二街３號,134.63,,山坡地保育區,丙種建築用地,1100527,土地9建物1車位0,全,四層,透天厝,住家用,鋼筋混凝土造,0980825,197.47,4,2,3,有,有,13500000,68365,,0.0,0,採光罩其他增建；,RPVOMLQKOHGGFCJ09DA,170.53,8.26,18.68,無,0793
湖口鄉,房地(土地+建物)+車位,貴州街１００巷３號九樓之６,36.9,住,,,1100509,土地1建物1車位1,九層,十四層,住宅大樓(11層含以上有電梯),住家用,鋼筋混凝土造,1090122,208.63,4,2,2,有,有,9810000,48311,坡道平面,26.27,1000000,,RPUNMLRJOHGGFDJ98DA,112.22,0.0,11.84,有,
湖口鄉,房地(土地+建物),成功路４５４巷７８弄４號,94.0,,特定農業區,甲種建築用地,1100503,土地1建物1車位0,全,三層,透天厝,住家用,鋼筋混凝土造,0811116,165.35,4,3,3,有,有,6000000,36287,,0.0,0,,RPUNMLLLNHGGFDJ48DA,150.0,7.35,8.0,無,
湖口鄉,房地(土地+建物),達生三街９號,80.31,都市：其他:住(一),,,1100512,土地1建物1車位0,全,四層,透天厝,住家用,鋼筋混凝土造,1021112,202.34,5,2,4,有,有,14500000,71662,,0.0,0,,RPSOMLSLNHGGFDJ09DA,186.8,2.72,12.82,無,0794
橫山鄉,土地,橫村段1342地號,621.26,,山坡地保育區,農牧用地,1100511,土地1建物0車位0,,,其他,,,,0.0,0,0,0,有,無,1100000,1771,,0.0,0,,RPUOMLPKOHGGFCJ88DA,0.0,0.0,0.0,無,
芎林鄉,土地,竹林段709-1地號,1832.78,,特定農業區,農牧用地,1100514,土地2建物0車位0,,,其他,,,,0.0,0,0,0,有,無,6098000,3327,,0.0,0,,RPOOMLQKOHGGFCJ38DA,0.0,0.0,0.0,無,
竹北市,房地(土地+建物)+車位,文興路７７號九樓,55.37,住,,,1100518,土地1建物1車位2,九層,十七層,住宅大樓(11層含以上有電梯),住家用,鋼筋混凝土造,1011102,361.56,4,2,3,有,有,39900000,110355,坡道平面,74.34,0,,RPTOMLSJOHGGFBJ88DA,162.3,13.41,18.0,有,0795
竹北市,房地(土地+建物)+車位,復興三路一段２１０號八樓,47.35,住,,,1100520,土地1建物1車位3,八層,十四層,住宅大樓(11層含以上有電梯),住家用,鋼筋混凝土造,1001129,307.2,4,2,2,有,有,35600000,115885,坡道平面,62.81,0,,RPWOMLPLNHGGFBJ98DA,147.11,5.41,16.14,有,0796
竹北市,房地(土地+建物)+車位,光明六路東二段３７３號十五樓,56.25,住,,,1100514,土地1建物1車位2,十五層,二十四層,住宅大樓(11層含以上有電梯),住家用,鋼筋混凝土造、鋼骨鋼筋混凝土造,1070809,378.59,3,2,3,有,有,52750000,156087,坡道平面,62.42,3400000,,RPQOMLSKNHGGFBJ58DA,171.77,15.23,24.92,有,
竹北市,房地(土地+建物)+車位,勝利十一路２６０號十二樓之九,7.86,商,,,1100502,土地1建物1車位1,十二層,二十三層,住宅大樓(11層含以上有電梯),住家用,鋼筋混凝土造,1051101,110.49,2,1,1,有,有,10500000,95031,坡道平面,30.03,0,,RPPPMLSKNHGGFBJ58DA,46.43,1.22,5.76,有,0797
竹北市,房地(土地+建物)+車位,福興一路２０號十一樓之二,18.64,商,,,1100522,土地1建物1車位1,十一層,十五層,住宅大樓(11層含以上有電梯),住家用,鋼筋混凝土造,0991120,208.55,3,2,2,有,有,12500000,59938,坡道平面,0.0,0,,RPTQMLQKOHGGFBJ98DA,82.38,0.0,28.66,有,0798
竹北市,房地(土地+建物)+車位,興隆路一段６３３號十四樓之十一,15.84,住,,,1100524,土地1建物1車位1,十四層,十五層,住宅大樓(11層含以上有電梯),住家用,鋼筋混凝土造,1071026,110.27000000000001,2,1,1,有,有,9500000,86152,坡道平面,30.46,0,,RPORMLQKOHGGFBJ58DA,42.64,4.53,4.82,有,0799
關西鎮,土地,老社寮段320-3地號,4973.15,,山坡地保育區,林業用地,1100504,土地5建物0車位0,,,其他,,,,0.0,0,0,0,有,無,4650000,935,,0.0,0,交易價格包含其他買賣案件標的之價格。,RPTNMLPKOHGGFBJ58DA,0.0,0.0,0.0,無,
竹北市,房地(土地+建物)+車位,成功八路１７２號六樓之一,15.41,商,,,1100505,土地1建物1車位1,六層,十九層,住宅大樓(11層含以上有電梯),住家用,鋼筋混凝土造,1031009,171.89,3,2,2,有,有,16100000,93659,坡道平面,31.34,0,,RPTOMLPKOHGGFBJ68DA,82.78,4.19,8.86,有,0800
竹北市,房地(土地+建物),中和街１９１巷２６號,756.12,工,,,1100511,土地1建物1車位0,全,一層,透天厝,工業用,鋼骨,0880714,427.71,0,0,0,無,無,61000000,142620,,0.0,0,其他增建；,RPQNMLQKOHGGFBJ38DA,427.71,0.0,0.0,無,0801
關西鎮,房地(土地+建物)+車位,中正路４１之１號,49.97,住,,,1100530,土地2建物1車位1,全,二層,透天厝,住家用,加強磚造,,81.6,3,2,2,有,無,2700000,33088,坡道平面,0.0,0,,RPPQMLPKOHGGFBJ48DA,81.6,0.0,0.0,無,
竹北市,房地(土地+建物)+車位,聯發街９號十三樓,20.06,住,,,1100505,土地1建物1車位1,十三層,十四層,住宅大樓(11層含以上有電梯),住家用,鋼筋混凝土造,1040519,132.82999999999998,2,2,2,有,有,11250000,84695,坡道平面,30.42,0,,RPSOMLPKOHGGFBJ58DA,58.32,6.02,4.71,有,0802
竹北市,房地(土地+建物)+車位,十興路二段１０６號二樓,15.31,住,,,1100511,土地1建物1車位1,二層,十四層,住宅大樓(11層含以上有電梯),住家用,鋼筋混凝土造,1080929,104.02000000000001,2,2,1,有,有,9800000,94213,坡道平面,26.16,0,,RPXOMLQKOHGGFBJ56DA,49.1,0.0,3.21,有,0803
竹北市,房地(土地+建物)+車位,嘉豐北路２０號八樓,20.65,住,,,1100507,土地1建物1車位2,八層,二十三層,住宅大樓(11層含以上有電梯),住家用,鋼筋混凝土造,1081014,150.97,2,2,1,有,有,14000000,92734,坡道機械,53.88,0,,RPPRMLQKOHGGFBJ68DA,52.59,0.0,4.42,有,0804
竹北市,房地(土地+建物)+車位,興隆路一段６３１號八樓之一,15.74,住,,,1100511,土地1建物1車位1,八層,十五層,住宅大樓(11層含以上有電梯),住家用,鋼筋混凝土造,1071026,112.42,2,2,1,有,有,10500000,93400,坡道平面,33.03,0,含租約；,RPXQMLQKOHGGFBJ76DA,42.5,4.53,4.68,有,0805
竹北市,房地(土地+建物)+車位,隘口二路２９７號,60.13,住,,,1100506,土地1建物1車位2,一層，二層,十五層,住宅大樓(11層含以上有電梯),住商用,鋼筋混凝土造,1090305,303.03,0,0,0,無,有,36880000,139803,坡道平面,64.98,3600000,,RPRNMLSKOHGGFBJ68DA,170.37,0.0,7.05,有,
竹北市,房地(土地+建物)+車位,中央路２２５號三樓,22.25,住,,,1100509,土地1建物1車位1,三層,七層,華廈(10層含以下有電梯),住家用,鋼筋混凝土造,0821210,107.14,3,2,2,有,有,5850000,54601,坡道機械,0.0,0,,RPSNMLKLOHGGFBJ08DA,70.17,0.0,8.64,有,
竹北市,房地(土地+建物)+車位,十興路一段２６８號十四樓之一,12.99,住,,,1100510,土地1建物1車位1,十四層,十五層,住宅大樓(11層含以上有電梯),住家用,鋼筋混凝土造,1070625,110.53,2,2,1,有,有,11200000,101330,坡道平面,34.49,0,,RPUNMLQKNHGGFBJ68DA,43.41,2.69,3.96,有,0806
竹北市,房地(土地+建物),莊敬北路１５０號十五樓,15.42,商,,,1100516,土地1建物1車位0,十五層,二十一層,住宅大樓(11層含以上有電梯),住家用,鋼筋混凝土造,0941005,159.46,3,2,2,有,有,15700000,98463,,0.0,0,,RPSOMLLLNHGGFBJ18DA,88.53,0.96,7.27,有,
竹北市,房地(土地+建物)+車位,新竹縣竹北市勝利十一路９２號十七樓,9.55,商,,,1100509,土地1建物1車位1,十七層,二十一層,住宅大樓(11層含以上有電梯),住家用,鋼筋混凝土造,1050921,116.09,2,1,1,有,有,9520000,82005,坡道平面,19.94,0,,RPUQMLNKNHGGFBJ68DA,54.34,2.4,4.89,有,0807
竹北市,房地(土地+建物),縣政三街１１巷１９號,79.45,住,,,1100508,土地2建物1車位0,全,四層,透天厝,住家用,鋼筋混凝土造,0831202,246.6,4,2,3,有,有,15600000,63260,,0.0,0,其他增建；,RPVPMLKKNHGGFBJ38DA,198.63,4.78,11.32,無,
關西鎮,房地(土地+建物),大德街２２號,94.72,住,,,1100526,土地2建物1車位0,全,四層,透天厝,住商用,鋼筋混凝土造,1100118,200.85,5,2,4,有,有,12100000,60244,,0.0,0,,RPVPMLRJOHGGFBJ09DA,183.61,0.0,17.24,無,
竹東鎮,土地,柯子湖段577-27地號,306.0,,山坡地保育區,丙種建築用地,1100516,土地1建物0車位0,,,其他,,,,0.0,0,0,0,有,無,6050000,19771,,0.0,0,,RPPOMLSKOHGGFCJ68DA,0.0,0.0,0.0,無,
新豐鄉,房地(土地+建物),圓山子１１６之１１號五樓,26.31,,特定農業區,甲種建築用地,1100513,土地1建物1車位0,五層,五層,華廈(10層含以下有電梯),住家用,鋼筋混凝土造,0830126,84.98,4,1,2,有,有,1800000,21181,,0.0,0,,RPUNMLQLNHGGFDJ98DA,58.5,0.75,7.84,有,0808
湖口鄉,房地(土地+建物),龍江街１３３巷２２號五樓,23.24,住,,,1100513,土地1建物1車位0,五層,六層,華廈(10層含以下有電梯),住家用,鋼筋混凝土造,0830217,117.84,3,2,2,有,有,3050000,25883,,0.0,0,,RPOPMLRKNHGGFDJ58DA,86.04,0.0,11.16,有,
湖口鄉,房地(土地+建物),明德街９７巷１１弄１３衖９號,76.07,商,,,1100502,土地4建物1車位0,全,四層,透天厝,住家用,鋼筋混凝土造,0960102,218.21,3,2,4,有,無,9300000,42619,,0.0,0,,RPVOMLSJOHGGFDJ66DA,205.5,10.44,2.27,無,
新豐鄉,土地,青埔子段1552地號,2500.0,,特定農業區,農牧用地,1100510,土地1建物0車位0,,,其他,,,,0.0,0,0,0,有,無,8318750,3328,,0.0,0,,RPPNMLRKOHGGFDJ58DA,0.0,0.0,0.0,無,0809
新豐鄉,土地,新庄子段1409地號,285.49,,特定農業區,甲種建築用地,1100512,土地1建物0車位0,,,其他,,,,0.0,0,0,0,有,無,9180000,32155,,0.0,0,,RPRNMLRKOHGGFDJ78DA,0.0,0.0,0.0,無,0810
新豐鄉,土地,中崙段708地號,1643.33,,特定農業區,農牧用地,1100514,土地2建物0車位0,,,其他,,,,0.0,0,0,0,有,無,3000000,1826,,0.0,0,,RPTNMLRKOHGGFDJ98DA,0.0,0.0,0.0,無,
新豐鄉,土地,鳳坑段148地號,21.91,,一般農業區,甲種建築用地,1100517,土地2建物0車位0,,,其他,,,,0.0,0,0,0,有,無,159046,7259,,0.0,0,,RPUOMLQKOHGGFDJ09DA,0.0,0.0,0.0,無,0811
湖口鄉,房地(土地+建物)+車位,大勇路１巷５５號三樓,19.36,,工業區,丁種建築用地,1100504,土地1建物1車位1,三層,五層,華廈(10層含以下有電梯),住家用,鋼筋混凝土造,1080529,82.4,2,2,1,有,有,4900000,59466,升降機械,0.0,0,,RPRNMLKKOHGGFDJ08DA,49.3,0.0,9.92,有,
竹東鎮,房地(土地+建物),明星路２６４巷１５號,122.58,都市：其他:保護區,,,1100505,土地1建物1車位0,全,二層,透天厝,住家用,加強磚造,,155.0,4,2,2,有,無,9250000,59677,,0.0,0,頂樓加蓋；其他增建；,RPWOMLQKOHGGFCJ56DA,155.0,0.0,0.0,無,
竹東鎮,房地(土地+建物)+車位,北興路二段１１巷１０號六樓,17.55,商,,,1100517,土地3建物1車位1,六層,八層,華廈(10層含以下有電梯),住家用,鋼筋混凝土造,0840619,125.33000000000001,3,2,2,有,有,5780000,46118,坡道平面,0.0,0,含租約；,RPTOMLQKOHGGFCJ88DA,80.72,0.75,8.82,有,0812
竹東鎮,土地,頭重埔段259-4地號,689.81,,,,1100503,土地4建物0車位0,,,其他,,,,0.0,0,0,0,有,無,7400000,10728,,0.0,0,,RPTOMLRKOHGGFCJ98DA,0.0,0.0,0.0,無,0813
關西鎮,房地(土地+建物),北斗街３９巷３弄５號,69.16,住,,,1100528,土地1建物1車位0,三層，四層，五層,五層,公寓(5樓含以下無電梯),住家用,鋼筋混凝土造,0881018,259.33,3,2,2,有,無,4000000,15424,,0.0,0,房屋售價91萬6仟元土地售價308萬4仟元,RPSQMLPKOHGGFBJ88EA,157.5,12.83,35.79,無,0814
竹北市,土地,省道段434-4地號,514.37,都市：其他:道路用地,,,1100528,土地2建物0車位0,,,其他,,,,0.0,0,0,0,有,無,20226700,39323,,0.0,0,,RPQNMLLLOHGGFBJ08EA,0.0,0.0,0.0,無,
竹北市,房地(土地+建物),國光街６巷２０號五樓,17.85,住,,,1100501,土地1建物1車位0,五層,六層,華廈(10層含以下有電梯),住家用,鋼筋混凝土造,0810513,84.3,3,2,1,有,無,2550000,30249,,0.0,0,,RPRNMLLLOHGGFBJ18EA,59.96,0.0,6.09,有,
竹北市,房地(土地+建物)+車位,勝利八街二段１２３號十四樓,30.61,住,,,1100524,土地1建物1車位1,十四層,二十三層,住宅大樓(11層含以上有電梯),住家用,鋼筋混凝土造,1050913,187.01,3,2,2,有,有,19880000,106304,坡道平面,29.88,0,,RPSOMLRKOHGGFBJ88EA,89.51,7.43,8.3,有,0815
竹北市,房地(土地+建物),長園一街３８１巷６號,639.0,,特定農業區,甲種建築用地,1100511,土地1建物1車位0,一層，二層,二層,其他,住家用,加強磚造,0820211,208.31,0,0,0,有,無,34130000,163842,,0.0,0,,RPTOMLRKOHGGFBJ98EA,197.4,10.91,0.0,無,
竹北市,房地(土地+建物),新生街８７號六樓,20.98,住,,,1100508,土地1建物1車位0,六層,六層,華廈(10層含以下有電梯),住家用,鋼筋混凝土造,0821210,105.08000000000001,4,2,2,有,有,4680000,44533,,0.0,0,,RPUOMLRKOHGGFBJ09EA,73.4,0.48,10.13,有,0816
竹北市,房地(土地+建物),莊敬六街１３號二樓之二,4.42,商,,,1100504,土地1建物1車位0,二層,十五層,套房(1房1廳1衛),住家用,鋼筋混凝土造,0941114,42.36,1,1,1,有,有,4150000,97970,,0.0,0,,RPXOMLRKOHGGFBJ76EA,28.3,0.61,2.81,有,0817
竹北市,房地(土地+建物)+車位,北新一街２８號八樓,9.36,商,,,1100509,土地1建物1車位1,八層,二十四層,住宅大樓(11層含以上有電梯),住家用,鋼筋混凝土造,1080416,111.25999999999999,2,2,1,有,有,8580000,77117,坡道平面,26.97,0,,RPOOMLSKOHGGFBJ58EA,47.74,0.0,9.72,有,0818
竹北市,房地(土地+建物)+車位,自強三路６５號十一樓,19.79,商,,,1100503,土地1建物1車位2,十一層,十九層,住宅大樓(11層含以上有電梯),住家用,鋼筋混凝土造,1010808,204.61,4,2,2,有,有,21000000,102634,坡道機械,33.6,0,陽台外推；,RPTQMLSKOHGGFBJ66EA,98.66,6.13,14.63,有,0819
竹北市,房地(土地+建物)+車位,光明一路７號八樓,35.19,住,,,1100503,土地1建物1車位2,八層,十層,華廈(10層含以下有電梯),住家用,鋼筋混凝土造,0930601,200.6,3,2,2,有,有,16880000,84143,坡道平面,0.0,0,,RPOOMLQKOHGGFBJ38EA,101.89,0.0,11.8,有,
竹東鎮,土地,東寧段1285地號,17.17,住,,,1100513,土地1建物0車位0,,,其他,,,,0.0,0,0,0,有,無,485344,28267,,0.0,0,,RPXNMLRKOHGGFCJ76EA,0.0,0.0,0.0,無,0143
橫山鄉,土地,矺子段678-4地號,1013.45,,山坡地保育區,農牧用地,1100523,土地1建物0車位0,,,其他,,,,0.0,0,0,0,有,無,1481782,1462,,0.0,0,,RPRNMLSKOHGGFCJ88EA,0.0,0.0,0.0,無,
橫山鄉,土地,矺子段677-7地號,491.52,,山坡地保育區,林業用地,1100523,土地1建物0車位0,,,其他,,,,0.0,0,0,0,有,無,718218,1461,,0.0,0,,RPSNMLSKOHGGFCJ98EA,0.0,0.0,0.0,無,
新豐鄉,房地(土地+建物),保康街３號三樓,14.11,住,,,1100526,土地1建物1車位0,三層,五層,華廈(10層含以下有電梯),住家用,鋼筋混凝土造,0991115,56.559999999999995,1,1,1,有,無,3400000,60113,,0.0,0,,RPRNMLLLOHGGFDJ38EA,34.85,5.8,1.9,有,
湖口鄉,房地(土地+建物),廣興街１１８號二樓之１,26.7,,工業區,丁種建築用地,1100519,土地1建物1車位0,二層,五層,華廈(10層含以下有電梯),住家用,鋼筋混凝土造,1010514,101.1,3,2,2,有,有,4550000,45005,,0.0,0,,RPSNMLMLOHGGFDJ58EA,76.02,1.88,7.9,有,0821
寶山鄉,土地,明湖段275-1地號,373.65,,,,1100524,土地4建物0車位0,,,其他,,,,0.0,0,0,0,有,無,2748067,7355,,0.0,0,,RPTNMLLLOHGGFCJ48EA,0.0,0.0,0.0,無,
竹東鎮,房地(土地+建物),新竹縣竹東鎮生產街７８巷９號二樓,40.58,住,,,1100518,土地2建物1車位0,二層,五層,公寓(5樓含以下無電梯),住家用,鋼筋混凝土造,0861020,115.46,3,2,2,有,無,2950000,25550,,0.0,0,,RPROMLSKOHGGFCJ98EA,76.83,0.0,9.15,無,0822
竹東鎮,房地(土地+建物),世界街７１巷１５號二樓,22.62,住,,,1100522,土地3建物1車位0,二層,四層,公寓(5樓含以下無電梯),住家用,鋼筋混凝土造,0851231,76.38,4,2,2,有,有,2000000,26185,,0.0,0,,RPQOMLLLOHGGFCJ28EA,51.66,0.33,5.77,無,
竹北市,房地(土地+建物)+車位,華興三街２８１號二樓之三,19.52,住,,,1100521,土地1建物1車位1,二層,十四層,住宅大樓(11層含以上有電梯),住家用,鋼筋混凝土造,1090819,125.85,2,2,1,有,有,10580000,84068,坡道平面,29.8,0,,RPUQMLSKOHGGFBJ76EA,60.8,0.0,3.92,有,0823
竹北市,房地(土地+建物),溪州路１７０巷２０弄１８號,71.58,,特定農業區,甲種建築用地,1100531,土地2建物1車位0,全,四層,透天厝,住家用,鋼筋混凝土造,0950725,216.28,5,2,3,有,無,12000000,55484,,0.0,0,,RPQNMLSKOHGGFBJ68EA,186.58,0.0,29.7,無,0824
竹北市,房地(土地+建物)+車位,隘口一街２２２號九樓,32.07,住,,,1100516,土地1建物1車位1,九層,十五層,住宅大樓(11層含以上有電梯),住家用,鋼筋混凝土造,1090305,176.95999999999998,3,2,2,有,有,20000000,113020,坡道平面,32.49,0,,RPXQMLSKOHGGFBJ07EA,86.26,0.0,10.07,有,0825
竹北市,房地(土地+建物)+車位,隘口三街２１０號十樓之二,16.54,商,,,1100523,土地1建物1車位1,十層,十五層,住宅大樓(11層含以上有電梯),住家用,鋼筋混凝土造,0991214,131.89,2,2,1,有,有,12000000,90985,坡道平面,31.89,0,,RPOPMLLLOHGGFBJ08EA,62.09,4.9,4.15,有,0826
竹北市,房地(土地+建物),文昌街２８號,23.21,住,,,1100517,土地2建物1車位0,一層,七層,華廈(10層含以下有電梯),住家用,鋼筋混凝土造,0810513,116.6,3,2,2,有,有,8000000,68611,,0.0,0,,RPQPMLLLOHGGFBJ28EA,77.98,9.57,0.0,有,
竹北市,房地(土地+建物)+車位,勝利八街一段２３３號十五樓之八,10.87,商,,,1100525,土地1建物1車位1,十五層,二十七層,住宅大樓(11層含以上有電梯),住家用,鋼筋混凝土造,1050608,144.9,3,2,2,有,有,12880000,88889,坡道平面,29.81,0,,RPUPMLLLOHGGFBJ68EA,64.83,7.74,5.47,有,0827
橫山鄉,土地,豐鄉段210地號,192.48,,山坡地保育區,農牧用地,1100517,土地1建物0車位0,,,其他,,,,0.0,0,0,0,有,無,290000,1507,,0.0,0,親友、員工、共有人或其他特殊關係間之交易；,RPUNMLLLOHGGFCJ48DA,0.0,0.0,0.0,無,
竹東鎮,房地(土地+建物)+車位,勝利路９１號三樓,22.76,住,,,1100513,土地3建物1車位1,三層,七層,華廈(10層含以下有電梯),住家用,鋼筋混凝土造,0851118,119.66,3,2,2,有,無,4200000,35099,升降機械,0.0,0,,RPROMLLLOHGGFCJ28DA,70.46,0.0,12.25,有,0828
新豐鄉,房地(土地+建物),埔頂４０５之６號,95.41,,特定農業區,甲種建築用地,1100517,土地1建物1車位0,全,四層,透天厝,住商用,鋼筋混凝土造,0850326,174.48,5,2,2,有,無,6760000,38744,,0.0,0,頂樓增建其他增建；,RPSOMLRKOHGGFDJ98DA,168.2,0.0,6.28,無,0829
湖口鄉,房地(土地+建物),德和路７６巷１８號三樓之３,9.84,,鄉村區,乙種建築用地,1100518,土地1建物1車位0,三層,七層,華廈(10層含以下有電梯),住家用,鋼筋混凝土造,0930705,34.230000000000004,1,1,1,有,有,1150000,33596,,0.0,0,,RPPNMLSKOHGGFDJ68DA,21.86,0.0,2.32,有,0179
湖口鄉,房地(土地+建物),新竹縣湖口鄉龍江街１８８號四樓,21.43,住,,,1100522,土地2建物1車位0,四層,四層,公寓(5樓含以下無電梯),住家用,鋼筋混凝土造,0711115,74.72,2,2,1,有,無,3000000,40150,,0.0,0,,RPWNMLLLOHGGFDJ78DA,74.72,0.0,0.0,無,
新豐鄉,土地,大埔段511地號,746.32,住,,,1100527,土地2建物0車位0,,,其他,,,,0.0,0,0,0,有,無,38370000,51412,,0.0,0,,RPPOMLLLOHGGFDJ18DA,0.0,0.0,0.0,無,0831
新豐鄉,房地(土地+建物),埔頂８８之５１號,111.11,,特定農業區,甲種建築用地,1100516,土地3建物1車位0,全,四層,透天厝,住家用,鋼筋混凝土造,0940620,167.0,3,2,3,有,有,6000000,35928,,0.0,0,以社區規定以社區外私設一個停車位,RPQOMLKKOHGGFDJ08DA,151.8,0.0,15.2,無,
湖口鄉,房地(土地+建物),德興路５０７號,61.0,,鄉村區,乙種建築用地,1100508,土地1建物1車位0,全,三層,透天厝,住商用,加強磚造,0701126,140.61,5,2,3,有,無,6000000,42671,,0.0,0,,RPSOMLLKOHGGFDJ38DA,140.61,0.0,0.0,無,
湖口鄉,房地(土地+建物)+車位,千禧路４３巷２１弄２６號二樓,42.31,,鄉村區,乙種建築用地,1100513,土地1建物1車位1,二層,五層,公寓(5樓含以下無電梯),住家用,鋼筋混凝土造,0890730,125.47999999999999,3,2,2,有,無,4270000,34029,一樓平面,0.0,0,,RPTNMLLKOHGGFDJ38DA,82.55,0.0,7.31,無,0832
新豐鄉,房地(土地+建物),自立街３２巷４０號二樓之１,23.78,住,,,1100530,土地4建物1車位0,二層,五層,公寓(5樓含以下無電梯),住家用,鋼筋混凝土造,0811218,76.46,2,1,2,有,無,2500000,32697,,0.0,0,,RPUNMLLKOHGGFDJ48DA,59.28,0.0,8.54,無,0833
湖口鄉,房地(土地+建物),錦州一街３８號五樓,18.87,,工業區,丁種建築用地,1100526,土地1建物1車位0,五層,五層,華廈(10層含以下有電梯),住家用,鋼筋混凝土造,1041110,76.84,2,2,1,有,有,4200000,54659,,0.0,0,,RPWNMLPKOHGGFDJ09DA,58.08,4.58,3.2,有,0834
湖口鄉,房地(土地+建物),天津二街２０號,99.0,,工業區,丁種建築用地,1100514,土地1建物1車位0,全,三層,透天厝,住家用,鋼筋混凝土造,0880310,180.77,5,2,5,有,無,11000000,60851,,0.0,0,,RPSNMLOJOHGGFDJ48DA,165.79,0.0,14.98,無,0835
新豐鄉,土地,新庄子段974-3地號,910.0,,特定農業區,甲種建築用地,1100524,土地5建物0車位0,,,其他,,,,0.0,0,0,0,有,無,21000000,23077,,0.0,0,,RPPPMLOLNHGGFDJ48DA,0.0,0.0,0.0,無,0836
竹北市,土地,中興段495地號,22.88,都市：其他:道路用地,,,1100513,土地2建物0車位0,,,其他,,,,0.0,0,0,0,有,無,1480000,64685,,0.0,0,包含公共設施保留地用地；,RPTPMLTJOHGGFBJ09DA,0.0,0.0,0.0,無,0116
竹北市,房地(土地+建物)+車位,隘口六街３５號二樓之六,10.05,住,,,1100528,土地1建物1車位1,二層,九層,華廈(10層含以下有電梯),商業用,鋼筋混凝土造,0970609,59.77,2,2,1,有,有,5800000,97055,坡道機械,0.0,0,夾層；,RPXPMLLMNHGGFBJ88DA,30.33,1.69,3.22,有,
關西鎮,房地(土地+建物),青山街８２號,92.09,住,,,1100505,土地1建物1車位0,全,四層,透天厝,住家用,鋼筋混凝土造,1100421,214.05,4,3,5,有,有,10500000,49054,,0.0,0,,RPSOMLLJOHGGFBJ08DA,206.66,0.0,7.39,無,
關西鎮,房地(土地+建物),青山街８０之２號,91.94,住,,,1100508,土地1建物1車位0,全,四層,透天厝,住家用,鋼筋混凝土造,1100421,211.73,4,3,5,有,有,10500000,49591,,0.0,0,,RPUOMLLJOHGGFBJ28DA,204.39,0.0,7.34,無,
竹北市,房地(土地+建物)+車位,新竹縣竹北市興隆路一段５２５號二十三樓,130.45,住,,,1100501,土地1建物1車位4,二十三層，二十四層,二十四層,住宅大樓(11層含以上有電梯),住家用,鋼筋混凝土造,1020515,774.79,5,2,6,有,有,57120000,73723,坡道平面,129.12,0,,RPTNMLLLNHGGFBJ18DA,380.19,23.26,54.43,有,
竹北市,車位,興隆路一段５２１等號等樓,3.01,住,,,1100501,土地1建物1車位1,,,其他,,,,32.29,0,0,0,有,有,1500000,,坡道平面,32.28,1500000,僅車位交易；,SPTNMLLLNHGGFBJ28DA,0.0,0.0,0.0,有,
竹北市,土地,興崙段240地號,154.62,,特定農業區,農牧用地,1100505,土地4建物0車位0,,,其他,,,,0.0,0,0,0,有,無,4816280,31149,,0.0,0,,RPRNMLNLNHGGFBJ18DA,0.0,0.0,0.0,無,
竹北市,房地(土地+建物),文平路１２０巷５號,115.73,住,,,1100508,土地2建物1車位0,全,四層,透天厝,住家用,鋼筋混凝土造,0941014,362.79,4,3,5,有,無,33680000,92836,,0.0,0,4樓夾層增建其他增建；,RPPSMLSKOHGGFBJ98DA,283.65,0.0,36.64,有,
竹北市,房地(土地+建物)+車位,福興路８３９巷１６弄１８號,84.89,住,,,1100504,土地1建物1車位1,全,四層,透天厝,住家用,鋼筋混凝土造,0870819,260.18,5,2,5,有,無,18000000,69183,一樓平面,0.0,0,,RPSRMLSKOHGGFBJ56DA,229.63,24.61,4.37,無,
新埔鎮,房地(土地+建物),文山路犁頭山段４４９號,166.17,,鄉村區,乙種建築用地,1100526,土地2建物1車位0,全,二層,透天厝,住家用,加強磚造,,137.07,4,2,2,有,無,13000000,94842,,0.0,0,頂樓加蓋；,RPVRMLSKOHGGFBJ86DA,137.07,0.0,0.0,無,
新埔鎮,土地,福田段291地號,278.48,住,,,1100512,土地1建物0車位0,,,其他,,,,0.0,0,0,0,有,無,21680000,77851,,0.0,0,,RPWRMLSKOHGGFBJ96DA,0.0,0.0,0.0,無,0838
竹北市,房地(土地+建物)+車位,北新一街２０號六樓,9.36,商,,,1100507,土地1建物1車位1,六層,二十四層,住宅大樓(11層含以上有電梯),住家用,鋼筋混凝土造,1080416,112.46000000000001,2,1,1,有,有,8330000,74071,坡道平面,28.17,0,,RPOOMLLLOHGGFBJ87DA,47.74,0.0,9.72,有,0839
竹北市,房地(土地+建物)+車位,興隆路一段６３１號四樓之七,15.9,住,,,1100522,土地1建物1車位1,四層,十五層,住宅大樓(11層含以上有電梯),住家用,鋼筋混凝土造,1071026,113.08,2,2,1,有,有,10600000,93739,坡道平面,33.03,0,,RPQOMLLLOHGGFBJ08DA,42.92,4.32,4.93,有,0840
竹北市,房地(土地+建物),中華路４０８巷６２號四樓之二,9.28,住,,,1100513,土地1建物1車位0,四層,六層,華廈(10層含以下有電梯),住家用,鋼筋混凝土造,0801209,44.96,1,1,1,有,有,1958000,43550,,0.0,0,,RPSOMLMLOHGGFBJ38DA,23.6,0.0,5.61,有,0841
新埔鎮,土地,巨埔段90地號,1015.89,,一般農業區,農牧用地,1100506,土地1建物0車位0,,,其他,,,,0.0,0,0,0,有,無,3070000,3022,,0.0,0,農作物；,RPXSMLMLOHGGFBJ66DA,0.0,0.0,0.0,無,
竹北市,房地(土地+建物)+車位,新民街２１３巷９號五樓,24.65,住,,,1100529,土地1建物1車位1,五層,六層,華廈(10層含以下有電梯),住家用,鋼筋混凝土造,0850717,124.16,4,2,2,有,有,6180000,49774,坡道機械,0.0,0,,RPSWMLMLOHGGFBJ56DA,79.07,2.17,11.89,有,
竹北市,房地(土地+建物)+車位,勝利十一路９２號十九樓,9.55,商,,,1100506,土地1建物1車位1,十九層,二十一層,住宅大樓(11層含以上有電梯),住家用,鋼筋混凝土造,1050921,116.09,2,2,1,有,有,9950000,85709,坡道機械,19.94,0,,RPPOMLLLOHGGFBJ97DA,54.34,2.4,4.89,有,0842
新埔鎮,土地,正興段615地號,239.1,都市：其他:道路用地,,,1100518,土地2建物0車位0,,,其他,,,,0.0,0,0,0,有,無,3870000,16186,,0.0,0,包含公共設施保留地用地；,RPQPMLLLOHGGFBJ18DA,0.0,0.0,0.0,無,0843
竹北市,房地(土地+建物),光明十一路１巷９２弄３８號,65.16,住,,,1100519,土地1建物1車位0,全,三層,透天厝,住家用,鋼筋混凝土造,0840601,150.81,4,3,3,有,無,9000000,59678,,0.0,0,其他增建；,RPVNMLRKOHGGFBJ98DA,107.34,8.46,7.01,無,0844
竹北市,房地(土地+建物),中正東路４８８號五樓,126.37,商,,,1100507,土地1建物1車位0,五層,七層,華廈(10層含以下有電梯),住家用,鋼筋混凝土造,0720111,827.68,26,0,26,有,有,33000000,39870,,0.0,0,陽台外推；,RPQPMLRJNHGGFBJ48DA,827.68,0.0,0.0,有,0845
竹北市,房地(土地+建物),華興三街３５號七樓之一,18.2,住,,,1100507,土地1建物1車位0,七層,十四層,住宅大樓(11層含以上有電梯),住家用,鋼筋混凝土造,1060915,129.91,2,2,1,有,有,9000000,69279,,0.0,0,,RPXRMLOLNHGGFBJ66DA,53.41,4.5,5.99,有,0846
竹北市,土地,省道段494-1地號,4.86,都市：其他:道路用地,,,1100526,土地1建物0車位0,,,其他,,,,0.0,0,0,0,有,無,100000,20576,,0.0,0,包含公共設施保留地用地；,RPVRMLLJOHGGFBJ68DA,0.0,0.0,0.0,無,
竹北市,土地,溪洲段620-1地號,172.0,,特定農業區,甲種建築用地,1100521,土地1建物0車位0,,,其他,,,,0.0,0,0,0,有,無,17000000,98837,,0.0,0,,RPQNMLLMNHGGFBJ97DA,0.0,0.0,0.0,無,0847
寶山鄉,房地(土地+建物)+車位,雙豐二街２９號二樓,23.86,住,,,1100515,土地1建物1車位1,二層,六層,華廈(10層含以下有電梯),住家用,鋼筋混凝土造,0821117,101.07,3,2,2,有,有,3980000,39379,一樓平面,0.0,0,,RPXNMLLMNHGGFCJ78DA,66.21,0.0,8.26,有,
芎林鄉,房地(土地+建物)+車位,竹林路１２３巷７號三樓,46.92,,山坡地保育區,丙種建築用地,1100520,土地1建物1車位1,三層,五層,華廈(10層含以下有電梯),住家用,鋼筋混凝土造,0841116,145.44,3,2,2,有,有,4300000,29565,坡道平面,0.0,0,陽台外推；,RPQOMLLJOHGGFCJ97DA,80.5,0.0,8.21,有,0848
芎林鄉,房地(土地+建物),石壁潭４０５號,169.19,,山坡地保育區,丙種建築用地,1100503,土地2建物1車位0,全,四層,透天厝,住家用,鋼筋混凝土造,0840615,291.48,4,2,3,有,無,7000000,24015,,0.0,0,,RPXNMLLKNHGGFCJ58DA,227.39,5.7,14.49,無,
湖口鄉,房地(土地+建物),中山路三段２０８巷５０弄１４號二樓,58.45,,特定農業區,甲種建築用地,1100514,土地1建物1車位0,二層,三層,公寓(5樓含以下無電梯),住家用,鋼筋混凝土造,0810124,114.03,3,2,2,有,無,3210000,28150,,0.0,0,,RPPPMLOJOHGGFDJ38DA,99.93,0.0,5.78,無,0849
湖口鄉,房地(土地+建物),吉安街１６０巷１號,80.85,,鄉村區,乙種建築用地,1100511,土地1建物1車位0,全,四層,透天厝,住家用,鋼筋混凝土造,1020423,199.74,3,3,3,有,有,9300000,46561,,0.0,0,,RPUNMLRKOHGGFDJ09DA,191.38,3.16,5.2,無,0850
新豐鄉,房地(土地+建物),圓山子１１６之７號三樓,24.56,,特定農業區,甲種建築用地,1100522,土地1建物1車位0,三層,五層,華廈(10層含以下有電梯),住家用,鋼筋混凝土造,0830126,79.18,3,2,2,有,有,1900000,23996,,0.0,0,,RPQNMLPKOHGGFDJ48DA,55.04,0.75,7.91,有,
新豐鄉,土地,員興段1483地號,4.72,,特定農業區,農牧用地,1100512,土地1建物0車位0,,,其他,,,,0.0,0,0,0,有,無,15000,3178,,0.0,0,,RPQNMLKLOHGGFDJ08DA,0.0,0.0,0.0,無,
竹東鎮,土地,柯子湖段336地號,361.3,工,,,1100523,土地1建物0車位0,,,其他,,,,0.0,0,0,0,有,無,7104018,19662,,0.0,0,,RPWOMLLLOHGGFCJ78DA,0.0,0.0,0.0,無,0851
關西鎮,房地(土地+建物),茅子埔路３６之６號,168.33,,一般農業區,丙種建築用地,1100513,土地3建物1車位0,全,四層,透天厝,其他,鋼筋混凝土造,0830219,212.7,6,2,5,有,無,5500000,25858,,0.0,0,,RPVRMLMLOHGGFBJ09EA,191.1,5.4,16.2,無,
竹北市,房地(土地+建物)+車位,文化街１６５號十樓,18.46,住,,,1100512,土地1建物1車位1,十層,十層,華廈(10層含以下有電梯),住家用,鋼筋混凝土造,0930119,108.38,2,2,1,有,有,7120000,65695,坡道平面,0.0,0,,RPXRMLMLOHGGFBJ66EA,52.39,2.06,6.05,有,
竹北市,房地(土地+建物)+車位,福竹街２０號,66.52,住,,,1100522,土地2建物1車位1,全,四層,透天厝,住商用,鋼筋混凝土造,1050108,196.5,5,1,4,有,無,21200000,107888,一樓平面,0.0,0,陽台外推；,RPQTMLMLOHGGFBJ78EA,172.55,0.0,23.95,無,0852
橫山鄉,土地,八十分段馬福小段127地號,2701.0,,山坡地保育區,農牧用地,1100521,土地1建物0車位0,,,其他,,,,0.0,0,0,0,有,無,3800000,1407,,0.0,0,,RPUNMLMLOHGGFCJ68EA,0.0,0.0,0.0,無,0853
竹東鎮,房地(土地+建物)+車位,中興路二段１５２巷５８號四樓,30.79,,特定農業區,甲種建築用地,1100523,土地1建物1車位1,四層,五層,華廈(10層含以下有電梯),住家用,鋼筋混凝土造,0890427,125.36,3,2,2,有,有,6000000,47862,坡道平面,0.0,0,,RPQOMLSKOHGGFCJ88EA,70.53,0.0,7.44,有,
竹東鎮,房地(土地+建物)+車位,新竹縣竹東鎮北興路三段２６０號十二樓,33.18,住,,,1100502,土地1建物1車位1,十二層,十二層,住宅大樓(11層含以上有電梯),住家用,鋼筋混凝土造,1051005,170.28,3,2,2,有,有,10300000,60489,坡道平面,30.4,0,,RPQOMLMLOHGGFCJ38EA,88.1,0.0,5.01,有,0854
竹東鎮,房地(土地+建物)+車位,長春路三段４２號八樓,16.35,商,,,1100504,土地2建物1車位1,八層,十三層,住宅大樓(11層含以上有電梯),住家用,鋼筋混凝土造,0840120,143.26999999999998,3,2,2,有,有,4125000,28792,坡道機械,0.0,0,,RPROMLMLOHGGFCJ48EA,78.43,1.68,12.49,有,
寶山鄉,房地(土地+建物),新竹縣寶山鄉吉林路３３巷２３號,303.98,,山坡地保育區,丙種建築用地,1100513,土地3建物1車位0,全,三層,透天厝,住家用,鋼骨混凝土造,,594.6,5,3,4,有,無,13300000,22368,,0.0,0,頂樓露台2樓露台其他增建；,RPWNMLMLOHGGFCJ78DA,543.92,25.34,25.34,無,
湖口鄉,房地(土地+建物),中山路三段６１０巷２０弄２２號三樓,24.96,,特定農業區,甲種建築用地,1100516,土地1建物1車位0,三層,七層,華廈(10層含以下有電梯),住家用,鋼筋混凝土造,0930515,117.25999999999999,4,0,4,有,有,2550000,21747,,0.0,0,,RPOOMLMLOHGGFDJ18DA,70.08,1.19,5.11,有,0855
新豐鄉,房地(土地+建物),建興路一段１５５巷２７號十一樓,18.49,住,,,1100531,土地1建物1車位0,十一層,十一層,住宅大樓(11層含以上有電梯),住家用,鋼筋混凝土造,0910401,64.43,7,1,7,有,有,3600000,55875,,0.0,0,,RPWNMLRKOHGGFDJ66DA,37.24,4.43,6.18,有,
湖口鄉,房地(土地+建物),中山路二段４２８巷５２弄１１號四樓之２,33.25,農,,,1100516,土地1建物1車位0,四層,四層,華廈(10層含以下有電梯),住家用,鋼筋混凝土造,1041230,69.01,1,1,1,有,有,3400000,49268,,0.0,0,,RPSNMLNLNHGGFDJ48DA,54.12,0.0,2.67,有,0856
湖口鄉,房地(土地+建物),中山路二段４２８巷２弄２１號,92.0,住,,,1100520,土地1建物1車位0,全,二層,透天厝,住家用,加強磚造,0780225,119.58,5,2,3,有,無,6360000,53186,,0.0,0,,RPUNMLPLNHGGFDJ88DA,94.46,14.96,10.16,無,
竹北市,房地(土地+建物)+車位,福竹街１１０號六樓,22.72,住,,,1100506,土地1建物1車位1,六層,十四層,住宅大樓(11層含以上有電梯),住家用,鋼筋混凝土造,1021024,169.35,3,2,2,有,有,12000000,70859,坡道平面,35.01,0,,RPRNMLMLNHGGFBJ08DA,85.84,0.0,6.99,有,0857
竹北市,土地,永興段526地號,2317.21,住,,,1100503,土地1建物0車位0,,,其他,,,,0.0,0,0,0,有,無,778065000,335777,,0.0,0,,RPUQMLPKOHGGFBJ98DA,0.0,0.0,0.0,無,0858
竹北市,房地(土地+建物)+車位,六家五路一段２３５號十樓,11.24,商,,,1100508,土地1建物1車位1,十層,十四層,住宅大樓(11層含以上有電梯),住家用,鋼筋混凝土造,1030127,84.41,1,1,1,有,有,6950000,82336,坡道機械,0.0,0,,RPXNMLLLOHGGFBJ68DA,41.84,1.75,3.28,有,0859
關西鎮,土地,馬武督段六畜小段35-21地號,1247.25,,山坡地保育區,農牧用地,1100503,土地2建物0車位0,,,其他,,,,0.0,0,0,0,有,無,110000,88,,0.0,0,,RPPNMLMLOHGGFBJ97DA,0.0,0.0,0.0,無,
竹北市,房地(土地+建物)+車位,勝利八街二段１２１號,21.61,住,,,1100523,土地1建物1車位1,一層，見其他登記事項,二十三層,住宅大樓(11層含以上有電梯),商業用,鋼筋混凝土造,1050913,132.81,0,0,0,無,有,16300000,122732,坡道平面,29.88,0,,RPOOMLNLOHGGFBJ08DA,74.09,0.0,0.0,有,0860
竹北市,房地(土地+建物)+車位,勝利八街一段２３１號十七樓之五,10.7,商,,,1100510,土地1建物1車位1,十七層,二十七層,住宅大樓(11層含以上有電梯),住家用,鋼筋混凝土造,1050608,143.96,3,2,2,有,有,15200000,105585,坡道平面,29.81,0,,RPRWMLMLOHGGFBJ09DA,63.42,8.23,5.63,有,0861
竹北市,房地(土地+建物),新興路２４２巷５７號,92.86,,特定農業區,甲種建築用地,1100531,土地2建物1車位0,全,四層,透天厝,住家用,鋼筋混凝土造,0840930,202.11,4,2,2,有,無,7500000,37109,,0.0,0,,RPSRMLNLOHGGFBJ78DA,181.94,16.33,3.84,無,0862
竹北市,房地(土地+建物),光明九路１６８號二樓之十一,5.03,商,,,1100516,土地3建物1車位0,二層,十一層,套房(1房1廳1衛),商業用,鋼筋混凝土造,0980225,40.33,1,1,1,有,有,4380000,108604,,0.0,0,陽台外推；夾層；,RPVUMLNLOHGGFBJ76DA,20.85,5.3,4.87,有,
竹北市,土地,興崙段291地號,49.59,農,,,1100525,土地1建物0車位0,,,其他,,,,0.0,0,0,0,有,無,1230000,24803,,0.0,0,,RPPPMLOLOHGGFBJ38DA,0.0,0.0,0.0,無,0863
竹北市,房地(土地+建物),縣政九路１３５巷２０弄１號六樓之二,5.93,商,,,1100515,土地1建物1車位0,六層,十層,套房(1房1廳1衛),商業用,鋼筋混凝土造,0940524,37.68,1,1,1,有,有,3450000,91561,,0.0,0,陽台外推；夾層；,RPPQMLOLOHGGFBJ48DA,19.62,0.0,5.1,有,
竹北市,房地(土地+建物)+車位,文興路１５７號十九樓,49.97,商,,,1100511,土地1建物1車位2,十九層,二十六層,住宅大樓(11層含以上有電梯),住家用,鋼筋混凝土造,1011228,478.0,3,2,4,有,有,47200000,98745,坡道平面,58.62,0,其他增建：雨遮改陽台。買賣總價4720萬元整：土地3372萬元整、建物1348萬元整。其他增建；,RPXNMLPLOHGGFBJ09DA,255.51,10.9,31.33,有,0864
竹北市,房地(土地+建物)+車位,科大一路１８２號六樓,18.67,住,,,1100506,土地1建物1車位1,六層,十三層,住宅大樓(11層含以上有電梯),住家用,鋼筋混凝土造,1010531,131.11,2,2,1,有,有,11390000,86874,坡道平面,30.0,0,,RPOQMLMLOHGGFBJ18DA,59.07,4.52,4.66,有,0865
竹北市,房地(土地+建物)+車位,新國街５１號五樓,49.79,住,,,1100516,土地1建物1車位1,五層，見其他登記事項,五層,華廈(10層含以下有電梯),住家用,鋼筋混凝土造,0941128,159.35,3,2,2,有,有,11500000,72168,其他,0.0,0,陽台外推；夾層；其他增建；,RPXQMLMLOHGGFBJ09DA,103.71,1.03,10.34,有,
竹北市,房地(土地+建物)+車位,興隆路一段５３３號二十一樓,67.48,住,,,1100504,土地1建物1車位2,二十一層,二十四層,住宅大樓(11層含以上有電梯),住家用,鋼筋混凝土造,1011030,386.15,3,2,3,有,有,34600000,89602,坡道平面,0.0,3600000,,RPOPMLRKOHGGFBJ48DA,204.33,18.23,8.95,有,0866
竹北市,房地(土地+建物)+車位,嘉豐南路一段６２號七樓,51.29,住,,,1100508,土地1建物1車位2,七層,二十層,住宅大樓(11層含以上有電梯),住家用,鋼筋混凝土造,1021110,338.26,4,2,3,有,有,37100000,109679,坡道平面,77.1,0,,RPQNMLTKNHGGFBJ58DA,150.1,7.53,18.99,有,
竹東鎮,房地(土地+建物),新竹縣竹東鎮光明路８５５巷９號,1277.3,,山坡地保育區,林業用地,1100516,土地4建物1車位0,全,三層,透天厝,農業用,鋼筋混凝土造,0980803,179.72,4,2,3,有,有,13600000,75673,,0.0,0,,RPSNMLRKNHGGFCJ68DA,140.94,28.67,10.11,無,0867
湖口鄉,土地,綠園段350-2地號,2672.71,,特定農業區,農牧用地,1100518,土地1建物0車位0,,,其他,,,,0.0,0,0,0,有,無,11500000,4303,,0.0,0,,RPVNMLSKNHGGFDJ56DA,0.0,0.0,0.0,無,
新豐鄉,房地(土地+建物),建興路一段１０６之４號二樓,37.06,住,,,1100518,土地1建物1車位0,二層,四層,公寓(5樓含以下無電梯),住家用,鋼筋混凝土造,,102.3,3,2,2,有,無,3500000,34213,,0.0,0,,RPWNMLQKOHGGFDJ56DA,91.57,0.0,10.73,無,
湖口鄉,房地(土地+建物),新竹縣湖口鄉達生八街５５３號,95.82,都市：其他:住(一),,,1100530,土地1建物1車位0,全,四層,透天厝,住家用,鋼筋混凝土造,1030125,262.13,5,3,4,有,無,18500000,70576,,0.0,0,,RPTNMLNLOHGGFDJ68DA,238.43,0.0,23.7,有,0868
新豐鄉,土地,新庄子段1409地號,26.5,,特定農業區,甲種建築用地,1100514,土地1建物0車位0,,,其他,,,,0.0,0,0,0,有,無,840000,31698,,0.0,0,,RPRNMLKLOHGGFDJ18DA,0.0,0.0,0.0,無,0810
竹東鎮,土地,上坪段294-19地號,631.55,,山坡地保育區,林業用地,1100512,土地2建物0車位0,,,其他,,,,0.0,0,0,0,有,無,1298000,2055,,0.0,0,,RPQNMLMLOHGGFCJ18DA,0.0,0.0,0.0,無,0870
竹北市,房地(土地+建物)+車位,縣政九路１３５巷２０弄３號,10.45,商,,,1100524,土地1建物1車位1,一層,十層,店面(店鋪),商業用,鋼筋混凝土造,0940524,67.35,1,2,2,有,有,10150000,150705,坡道機械,0.0,0,夾層；其他增建；,RPSQMLOLOHGGFBJ88EA,30.06,13.45,0.0,有,
竹北市,房地(土地+建物)+車位,勝利八街一段２０７號二樓,26.53,商,,,1100514,土地1建物1車位1,二層,十九層,住宅大樓(11層含以上有電梯),住家用,鋼筋混凝土造,1020624,286.2,4,2,3,有,有,26000000,90846,坡道平面,31.26,0,陽台外推；,RPTQMLOLOHGGFBJ98EA,150.11,12.21,15.69,有,0871
寶山鄉,土地,寶山段沙湖壢小段351-5地號,2647.0,,山坡地保育區,農牧用地,1100506,土地2建物0車位0,,,其他,,,,0.0,0,0,0,有,無,4500000,1700,,0.0,0,,RPOOMLMLOHGGFCJ18EA,0.0,0.0,0.0,無,
新豐鄉,房地(土地+建物),新竹縣新豐鄉成德街５巷１２之４號,39.83,住,,,1100508,土地1建物1車位0,五層,五層,華廈(10層含以下有電梯),住家用,鋼筋混凝土造,0811210,104.97999999999999,3,2,2,有,無,3300000,31435,,0.0,0,,RPVNMLOLOHGGFDJ09EA,85.3,0.0,8.47,有,
竹東鎮,房地(土地+建物),新竹縣竹東鎮康莊街１０７巷１３號,117.73,,山坡地保育區,丙種建築用地,1100502,土地7建物1車位0,全,四層,透天厝,住家用,鋼筋混凝土造,0851105,157.15,4,1,3,有,無,6080000,38689,,0.0,0,,RPTOMLOLOHGGFCJ88EA,143.42,13.73,0.0,無,
竹東鎮,房地(土地+建物),新竹縣竹東鎮資源街１８巷１號,95.88,住,,,1100504,土地2建物1車位0,全,三層,透天厝,住家用,鋼筋混凝土造,1040608,175.38,4,2,3,有,有,9500000,54168,,0.0,0,,RPPNMLSLOHGGFCJ78EA,168.46,0.0,6.92,無,0872
北埔鄉,土地,埔中段635地號,137.56,住,,,1100529,土地2建物0車位0,,,其他,,,,0.0,0,0,0,有,無,2413380,17544,,0.0,0,,SPQNMLSKOHGGFCJ88EA,0.0,0.0,0.0,無,
竹北市,房地(土地+建物)+車位,新竹縣竹北市勝利十一路２６０號十樓之十一,8.53,商,,,1100517,土地1建物1車位1,十層,二十三層,住宅大樓(11層含以上有電梯),住家用,鋼筋混凝土造,1051101,122.35,2,1,1,有,有,8500000,69473,坡道平面,30.02,0,親友、員工、共有人或其他特殊關係間之交易；,RPQNMLPLOHGGFBJ48EA,52.88,1.76,6.57,有,0873
竹北市,房地(土地+建物),新竹縣竹北市勝利七街一段１６６號八樓,8.36,商,,,1100511,土地1建物1車位0,八層,十二層,住宅大樓(11層含以上有電梯),商業用,鋼筋混凝土造,0930921,51.849999999999994,3,1,1,有,有,4510000,86982,,0.0,0,陽台外推；夾層；,RPOPMLPLOHGGFBJ48EA,29.73,0.0,5.57,有,
竹北市,房地(土地+建物)+車位,新竹縣竹北市勝利十一路１０２號十九樓,10.65,商,,,1100515,土地1建物1車位1,十九層,二十一層,住宅大樓(11層含以上有電梯),住家用,鋼筋混凝土造,1050921,133.8,2,2,1,有,有,12850000,96039,坡道平面,29.83,0,,RPRNMLNLOHGGFBJ38EA,60.46,2.13,4.04,有,0874
竹北市,房地(土地+建物)+車位,新竹縣竹北市隘口六街１６５號八樓之三,10.9,住,,,1100522,土地1建物1車位1,八層,八層,華廈(10層含以下有電梯),住家用,鋼筋混凝土造,0961228,85.96000000000001,1,1,1,有,有,5500000,90517,坡道平面,39.56,1300000,含租約；,RPVSMLNLOHGGFBJ66EA,27.65,0.0,3.29,有,0875
竹北市,房地(土地+建物)+車位,新竹縣竹北市勝利八街一段２３１號十五樓之三,8.68,商,,,1100521,土地1建物1車位1,十五層,二十七層,住宅大樓(11層含以上有電梯),住家用,鋼筋混凝土造,1050608,115.12,2,2,1,有,有,11000000,95552,坡道平面,29.81,0,,RPPNMLOLOHGGFBJ28EA,50.57,1.25,6.15,有,0876
竹北市,房地(土地+建物)+車位,新竹縣竹北市莊敬三路２６６號二十樓,15.33,商,,,1100509,土地1建物1車位2,二十層,二十九層,住宅大樓(11層含以上有電梯),住家用,鋼筋混凝土造,1040417,210.17000000000002,3,2,2,有,有,17300000,82314,坡道平面,0.0,2600000,,RPWOMLSLOHGGFBJ86EA,94.66,0.0,8.56,有,0877
峨眉鄉,土地,中興段四分子小段22-29地號,3479.0,,山坡地保育區,農牧用地,1100528,土地1建物0車位0,,,其他,,,,0.0,0,0,0,有,無,2435300,700,,0.0,0,,RPQNMLLLOHGGFCJ08DA,0.0,0.0,0.0,無,
峨眉鄉,土地,中興段四分子小段3-1地號,3821.0,,山坡地保育區,農牧用地,1100528,土地1建物0車位0,,,其他,,,,0.0,0,0,0,有,無,2674700,700,,0.0,0,,SPQNMLLLOHGGFCJ18DA,0.0,0.0,0.0,無,
峨眉鄉,土地,中興段四分子小段16-4地號,224.0,,山坡地保育區,農牧用地,1100528,土地1建物0車位0,,,其他,,,,0.0,0,0,0,有,無,156800,700,,0.0,0,,TPQNMLLLOHGGFCJ28DA,0.0,0.0,0.0,無,
峨眉鄉,土地,中興段四分子小段22地號,5325.0,,山坡地保育區,農牧用地,1100528,土地1建物0車位0,,,其他,,,,0.0,0,0,0,有,無,3727500,700,,0.0,0,,UPQNMLLLOHGGFCJ38DA,0.0,0.0,0.0,無,
峨眉鄉,土地,中興段四分子小段22-19地號,207.0,,山坡地保育區,農牧用地,1100528,土地1建物0車位0,,,其他,,,,0.0,0,0,0,有,無,144900,700,,0.0,0,,VPQNMLLLOHGGFCJ48DA,0.0,0.0,0.0,無,
峨眉鄉,土地,中興段四分子小段1-1地號,355.0,,山坡地保育區,農牧用地,1100528,土地2建物0車位0,,,其他,,,,0.0,0,0,0,有,無,248500,700,,0.0,0,,WPQNMLLLOHGGFCJ58DA,0.0,0.0,0.0,無,
峨眉鄉,土地,中興段四分子小段22-14地號,2438.0,,山坡地保育區,農牧用地,1100528,土地1建物0車位0,,,其他,,,,0.0,0,0,0,有,無,1706600,700,,0.0,0,,XPQNMLLLOHGGFCJ68DA,0.0,0.0,0.0,無,
峨眉鄉,土地,中興段四分子小段2-1地號,947.0,,山坡地保育區,農牧用地,1100528,土地2建物0車位0,,,其他,,,,0.0,0,0,0,有,無,662900,700,,0.0,0,,YPQNMLLLOHGGFCJ78DA,0.0,0.0,0.0,無,
寶山鄉,房地(土地+建物),新竹縣寶山鄉嵩翠路２３巷９號,397.0,,山坡地保育區,丙種建築用地,1100516,土地1建物1車位0,全,三層,透天厝,住家用,鋼筋混凝土造,0921201,386.76,5,2,4,有,有,24250000,62700,,0.0,0,,RPUOMLOLOHGGFCJ88DA,367.67,0.0,19.09,無,
新豐鄉,土地,青埔子段2188地號,2090.0,,特定農業區,農牧用地,1100524,土地1建物0車位0,,,其他,,,,0.0,0,0,0,有,無,8050000,3852,,0.0,0,,RPROMLLLOHGGFDJ38DA,0.0,0.0,0.0,無,0878
湖口鄉,房地(土地+建物),新竹縣湖口鄉蘭州街１５３號五樓,29.69,,工業區,丁種建築用地,1100516,土地1建物1車位0,五層,五層,華廈(10層含以下有電梯),住家用,鋼筋混凝土造,0950430,108.13,3,2,2,有,有,4600000,42541,,0.0,0,,RPROMLLLNHGGFDJ28DA,85.76,1.8,8.57,有,
湖口鄉,房地(土地+建物),新竹縣湖口鄉維東路７９巷３號,80.66,,鄉村區,乙種建築用地,1100507,土地2建物1車位0,全,四層,透天厝,住家用,鋼筋混凝土造,1090821,160.69,3,2,4,有,無,8350000,51963,,0.0,0,,RPWNMLMKNHGGFDJ68DA,155.59,0.0,5.1,無,
湖口鄉,房地(土地+建物),新竹縣湖口鄉成功路９５４號,158.17,,特定農業區,甲種建築用地,1100517,土地2建物1車位0,一層，二層,三層,公寓(5樓含以下無電梯),住家用,加強磚造,,238.6,4,3,2,有,無,7600000,31852,,0.0,0,其他增建；,RPTNMLQLNHGGFDJ88DA,238.6,0.0,0.0,無,
竹東鎮,房地(土地+建物),新竹縣竹東鎮中豐路三段４５巷２弄２號,61.0,住,,,1100523,土地1建物1車位0,全,二層,透天厝,住家用,加強磚造,,107.5,5,2,1,有,無,4650000,43256,,0.0,0,頂樓加蓋；,RPROMLOLNHGGFCJ48DA,107.5,0.0,0.0,無,
竹北市,房地(土地+建物)+車位,新竹縣竹北市興隆路二段９９號十樓,88.04,住,,,1100509,土地1建物1車位4,十層,二十五層,住宅大樓(11層含以上有電梯),住家用,鋼筋混凝土造,1020131,498.65999999999997,0,0,0,無,有,47800000,95857,坡道平面,63.28,0,,RPOPMLMKNHGGFBJ87DA,251.84,7.8,36.04,有,0879
竹北市,房地(土地+建物)+車位,新竹縣竹北市興隆路三段３０１號十七樓,72.07,住,,,1100509,土地1建物1車位3,十七層,二十五層,住宅大樓(11層含以上有電梯),住家用,鋼筋混凝土造,1001223,483.25,4,2,3,有,有,39980000,90250,坡道平面,90.12,4500000,,RPVSMLQLNHGGFBJ76DA,221.08,10.89,26.3,有,
竹北市,房地(土地+建物)+車位,新竹縣竹北市 興隆路一段５３號十四樓,39.48,住,,,1100530,土地1建物1車位2,十四層,十五層,住宅大樓(11層含以上有電梯),住家用,鋼筋混凝土造,1011012,273.74,4,2,2,有,有,20680000,75546,坡道平面,78.86,0,,RPUOMLLLOHGGFBJ48DA,112.71,17.41,10.19,有,0880
竹北市,房地(土地+建物),新竹縣竹北市縣政八街６２號九樓,20.01,商,,,1100512,土地1建物1車位0,九層,九層,華廈(10層含以下有電梯),住家用,鋼筋混凝土造,0820712,113.92,4,4,4,有,有,8800000,77247,,0.0,0,頂樓加蓋；,RPOWMLMLOHGGFBJ78DA,79.94,0.77,10.54,有,0881
竹北市,房地(土地+建物)+車位,新竹縣竹北市興隆路二段３３５號三樓,28.03,住,,,1100508,土地1建物1車位1,三層,十九層,住宅大樓(11層含以上有電梯),住家用,鋼筋混凝土造,1091024,149.39,2,2,2,有,有,14550000,105020,坡道平面,26.08,1600000,,RPTRMLOLOHGGFBJ98DA,76.27,7.35,2.74,有,
新埔鎮,土地,福田段396-1地號,142.87,住,,,1100501,土地1建物0車位0,,,其他,,,,0.0,0,0,0,有,無,11400000,79793,,0.0,0,,RPXPMLNLOHGGFBJ09DA,0.0,0.0,0.0,無,
竹北市,房地(土地+建物),新竹縣竹北市新泰路１８巷１號三樓,35.59,住,,,1100531,土地1建物1車位0,三層,五層,公寓(5樓含以下無電梯),住家用,鋼筋混凝土造,0841230,112.02,3,2,1,有,無,6000000,53562,,0.0,0,,RPPSMLPLOHGGFBJ78DA,94.94,0.0,9.38,無,
竹北市,土地,豐田段397地號,550.59,,特定農業區,農牧用地,1100511,土地1建物0車位0,,,其他,,,,0.0,0,0,0,有,無,2600000,4722,,0.0,0,親友、員工、共有人或其他特殊關係間之交易；,RPTSMLPLOHGGFBJ56DA,0.0,0.0,0.0,無,
竹東鎮,房地(土地+建物)+車位,新竹縣竹東鎮光明路１８８巷１８號八樓,20.99,都市：其他:科技商務服務專用區,,,1100523,土地1建物1車位1,八層,十四層,住宅大樓(11層含以上有電梯),住家用,鋼筋混凝土造,1080304,145.04,3,2,2,有,有,9500000,65504,坡道平面,27.96,0,,RPQPMLOLNHGGFCJ48DA,71.75,0.0,7.55,有,0882
湖口鄉,房地(土地+建物),新竹縣湖口鄉光復東路５３號三樓,17.2,,工業區,丁種建築用地,1100523,土地1建物1車位0,三層,五層,華廈(10層含以下有電梯),住家用,鋼筋混凝土造,1001015,80.05000000000001,3,2,2,有,有,4100000,51218,,0.0,0,,RPXNMLOLOHGGFDJ56DA,53.45,7.08,6.2,有,0883
新豐鄉,土地,褔龍段116地號,7466.56,,特定農業區,農牧用地,1100501,土地2建物0車位0,,,其他,,,,0.0,0,0,0,有,無,19413056,2600,,0.0,0,親友、員工、共有人或其他特殊關係間之交易；,RPUNMLNLOHGGFDJ78DA,0.0,0.0,0.0,無,
湖口鄉,房地(土地+建物),新竹縣湖口鄉新生一路２３巷６號,88.62,,工業區,丁種建築用地,1100504,土地3建物1車位0,全,三層,透天厝,住家用,鋼筋混凝土造,0920620,193.70999999999998,4,2,3,有,有,8600000,44396,,0.0,0,,RPQOMLMLOHGGFDJ38DA,171.9,0.0,5.86,無,0884
湖口鄉,房地(土地+建物),新竹縣湖口鄉中湖路１８號,39.74,,山坡地保育區,丙種建築用地,1100524,土地1建物1車位0,全,四層,透天厝,住家用,鋼筋混凝土造,1080709,162.13,4,2,5,有,無,9800000,60445,,0.0,0,含裝潢費；,RPPNMLNKOHGGFDJ18DA,159.42,2.71,0.0,無,
竹東鎮,房地(土地+建物)+車位,新竹縣竹東鎮三重路４２號三樓,15.52,都市：其他:住一,,,1100527,土地4建物1車位1,三層,十層,華廈(10層含以下有電梯),住家用,鋼筋混凝土造,0810706,91.26,2,2,2,有,有,3430000,37581,坡道機械,0.0,0,陽台外推；,RPUNMLPLOHGGFCJ88DA,65.03,0.0,5.75,有,0885
芎林鄉,房地(土地+建物),新竹縣芎林鄉光明一街５５巷６號,79.9,住,,,1100522,土地2建物1車位0,全,四層,透天厝,住家用,鋼筋混凝土造,1100208,197.47,4,2,5,有,有,14100000,71403,,0.0,0,,RPRNMLSLOHGGFCJ88DA,172.24,0.0,25.23,無,
寶山鄉,房地(土地+建物),新竹縣寶山鄉吉林路３９巷２５號,149.66,,山坡地保育區,丙種建築用地,1100523,土地6建物1車位0,全,三層,透天厝,住家用,鋼筋混凝土造,1030829,217.3,4,2,3,有,有,11700000,53843,,0.0,0,,RPSOMLNLOHGGFCJ58DA,194.52,3.78,19.0,無,0886
北埔鄉,土地,南坑段大南坑小段451地號,21454.0,,山坡地保育區,林業用地,1100522,土地4建物0車位0,,,其他,,,,0.0,0,0,0,有,無,5578040,260,,0.0,0,,RPWNMLOLOHGGFCJ98DA,0.0,0.0,0.0,無,
竹東鎮,土地,燥樹排段326-5地號,2955.85,,山坡地保育區,農牧用地,1100515,土地7建物0車位0,,,其他,,,,0.0,0,0,0,有,無,5900000,1996,,0.0,0,未登記建物；,RPPNMLPLOHGGFCJ38DA,0.0,0.0,0.0,無,0887
竹北市,房地(土地+建物)+車位,新竹縣竹北市復興二路２３３號七樓之九,11.12,商,,,1100525,土地1建物1車位1,七層,十一層,住宅大樓(11層含以上有電梯),商業用,鋼筋混凝土造,0961204,108.33,1,1,1,有,有,7000000,64611,坡道平面,34.9,0,親友、員工、共有人或其他特殊關係間之交易；,RPQQMLOLOHGGFBJ68EA,44.56,0.0,5.48,有,
竹東鎮,房地(土地+建物)+車位,新竹縣竹東鎮自強路３６１號五樓,45.62,住,,,1100513,土地1建物1車位1,五層,六層,華廈(10層含以下有電梯),住家用,鋼筋混凝土造,0970615,171.09,3,2,2,有,有,8100000,47344,坡道平面,36.66,0,陽台外推；,RPRNMLTLOHGGFCJ09EA,96.7,3.19,14.64,有,
寶山鄉,土地,雞油凸段雞油凸小段701-50地號,163.75,,山坡地保育區,交通用地,1100531,土地3建物0車位0,,,其他,,,,0.0,0,0,0,有,無,589500,3600,,0.0,0,協議價購；,RPWNMLNLOHGGFCJ98EA,0.0,0.0,0.0,無,
寶山鄉,土地,雞油凸段雞油凸小段800-9地號,37.0,,山坡地保育區,農牧用地,1100531,土地1建物0車位0,,,其他,,,,0.0,0,0,0,有,無,129500,3500,,0.0,0,協議價購；,RPXNMLNLOHGGFCJ09EA,0.0,0.0,0.0,無,
寶山鄉,土地,雞油凸段三叉凸小段110-10地號,14.5,,山坡地保育區,交通用地,1100531,土地2建物0車位0,,,其他,,,,0.0,0,0,0,有,無,55250,3810,,0.0,0,協議價購；,RPOOMLNLOHGGFCJ28EA,0.0,0.0,0.0,無,0888
寶山鄉,土地,雞油凸段三叉凸小段110-10地號,38.67,,山坡地保育區,交通用地,1100531,土地2建物0車位0,,,其他,,,,0.0,0,0,0,有,無,147333,3810,,0.0,0,協議價購；,RPPOMLNLOHGGFCJ38EA,0.0,0.0,0.0,無,0888
寶山鄉,土地,雞油凸段三叉凸小段110-10地號,19.33,,山坡地保育區,交通用地,1100531,土地2建物0車位0,,,其他,,,,0.0,0,0,0,有,無,73667,3811,,0.0,0,協議價購；,RPQOMLNLOHGGFCJ48EA,0.0,0.0,0.0,無,0888
寶山鄉,土地,雞油凸段三叉凸小段110-10地號,14.5,,山坡地保育區,交通用地,1100531,土地2建物0車位0,,,其他,,,,0.0,0,0,0,有,無,55250,3810,,0.0,0,協議價購；,RPROMLNLOHGGFCJ58EA,0.0,0.0,0.0,無,0888
寶山鄉,土地,雞油凸段三叉凸小段110-10地號,29.0,,山坡地保育區,交通用地,1100531,土地2建物0車位0,,,其他,,,,0.0,0,0,0,有,無,110500,3810,,0.0,0,協議價購；,RPSOMLNLOHGGFCJ68EA,0.0,0.0,0.0,無,0888
寶山鄉,土地,雞油凸段三叉凸小段110-10地號,19.33,,山坡地保育區,交通用地,1100531,土地2建物0車位0,,,其他,,,,0.0,0,0,0,有,無,73667,3811,,0.0,0,協議價購；,RPTOMLNLOHGGFCJ78EA,0.0,0.0,0.0,無,0888
寶山鄉,土地,雞油凸段三叉凸小段110-10地號,11.6,,山坡地保育區,交通用地,1100531,土地2建物0車位0,,,其他,,,,0.0,0,0,0,有,無,44200,3810,,0.0,0,協議價購；,RPUOMLNLOHGGFCJ88EA,0.0,0.0,0.0,無,0888
寶山鄉,土地,雞油凸段三叉凸小段110-10地號,58.0,,山坡地保育區,交通用地,1100531,土地2建物0車位0,,,其他,,,,0.0,0,0,0,有,無,221000,3810,,0.0,0,協議價購；,RPVOMLNLOHGGFCJ98EA,0.0,0.0,0.0,無,0888
寶山鄉,土地,雞油凸段三叉凸小段110-9地號,0.75,,山坡地保育區,農牧用地,1100531,土地1建物0車位0,,,其他,,,,0.0,0,0,0,有,無,3000,0,,0.0,0,協議價購；,RPWOMLNLOHGGFCJ09EA,0.0,0.0,0.0,無,0888
寶山鄉,土地,雞油凸段三叉凸小段110-10地號,4.58,,山坡地保育區,交通用地,1100531,土地1建物0車位0,,,其他,,,,0.0,0,0,0,有,無,17417,3803,,0.0,0,協議價購；,RPXOMLNLOHGGFCJ56EA,0.0,0.0,0.0,無,0897
寶山鄉,土地,雞油凸段三叉凸小段110-10地號,4.58,,山坡地保育區,交通用地,1100531,土地1建物0車位0,,,其他,,,,0.0,0,0,0,有,無,17417,3803,,0.0,0,協議價購；,RPOPMLNLOHGGFCJ38EA,0.0,0.0,0.0,無,0897
寶山鄉,土地,雞油凸段三叉凸小段110-10地號,4.58,,山坡地保育區,交通用地,1100531,土地1建物0車位0,,,其他,,,,0.0,0,0,0,有,無,17417,3803,,0.0,0,協議價購；,RPPPMLNLOHGGFCJ48EA,0.0,0.0,0.0,無,0897
竹北市,土地,泰和段345地號,1067.3,農,,,1100511,土地2建物0車位0,,,其他,,,,0.0,0,0,0,有,無,21955000,20571,,0.0,0,,RPVNMLTLOHGGFBJ76EA,0.0,0.0,0.0,無,
寶山鄉,土地,雙高段226-2地號,17035.46,,山坡地保育區,農牧用地,1100528,土地13建物0車位0,,,其他,,,,0.0,0,0,0,有,無,116784211,6855,,0.0,0,,RPVNMLOLOHGGFCJ88DA,0.0,0.0,0.0,無,0900
芎林鄉,土地,下山段下山小段8-24地號,1150.0,,特定農業區,農牧用地,1100517,土地1建物0車位0,,,其他,,,,0.0,0,0,0,有,無,14263000,12403,,0.0,0,,RPOPMLQKOHGGFCJ48DA,0.0,0.0,0.0,無,0901
寶山鄉,土地,洽水段238地號,497.01,,山坡地保育區,丙種建築用地,1100506,土地1建物0車位0,,,其他,,,,0.0,0,0,0,有,無,8420000,16941,,0.0,0,1.有管理組織,RPPNMLKMOHGGFCJ97DA,0.0,0.0,0.0,無,
寶山鄉,土地,洽水段239地號,464.54,,山坡地保育區,丙種建築用地,1100506,土地1建物0車位0,,,其他,,,,0.0,0,0,0,有,無,7870000,16941,,0.0,0,1.有管理組織,SPPNMLKMOHGGFCJ08DA,0.0,0.0,0.0,無,
新豐鄉,房地(土地+建物)+車位,新竹縣新豐鄉中崙３２７之１８號,32.84,,特定農業區,甲種建築用地,1100518,土地1建物1車位1,一層,七層,華廈(10層含以下有電梯),住家用,鋼筋混凝土造,0860804,109.4,3,2,2,有,有,3600000,32907,坡道平面,0.0,0,後院搭鐵皮其他增建；,RPPNMLLLOHGGFDJ08DA,66.72,10.08,0.0,有,
新豐鄉,土地,員興段249地號,1890.25,,一般農業區,農牧用地,1100506,土地1建物0車位0,,,其他,,,,0.0,0,0,0,有,無,13151400,6957,,0.0,0,,RPVOMLMJOHGGFDJ68DA,0.0,0.0,0.0,無,
芎林鄉,房地(土地+建物),新竹縣芎林鄉文富街１７２巷８號,82.38,住,,,1100510,土地2建物1車位0,全,四層,透天厝,住家用,鋼筋混凝土造,1091124,227.88,3,2,4,有,無,15200000,66702,,0.0,0,,RPSNMLPLNHGGFCJ58DA,206.53,0.0,21.35,無,
橫山鄉,土地,豐鄉段683-10地號,2425.8,,山坡地保育區,林業用地,1100506,土地5建物0車位0,,,其他,,,,0.0,0,0,0,有,無,2200000,907,,0.0,0,,RPTOMLOJOHGGFCJ58DA,0.0,0.0,0.0,無,0654
竹北市,房地(土地+建物),新竹縣竹北市博愛街４８６巷６號八樓,6.66,商,,,1100512,土地1建物1車位0,八層,八層,套房(1房1廳1衛),商業用,鋼筋混凝土造,0940215,36.5,1,1,1,有,有,2500000,68493,,0.0,0,,RPQPMLSLOHGGFBJ88DA,23.04,0.0,0.0,有,
竹北市,房地(土地+建物)+車位,新竹縣竹北市福竹街１０８號七樓,22.47,住,,,1100529,土地1建物1車位1,七層,十四層,住宅大樓(11層含以上有電梯),住家用,鋼筋混凝土造,1021024,168.07,3,2,2,有,有,11700000,69614,坡道平面,0.0,0,,RPUNMLSLOHGGFBJ09DA,83.1,0.0,8.74,有,0903
竹北市,房地(土地+建物)+車位,新竹縣竹北市六家五路一段２３３號四樓,11.24,商,,,1100522,土地1建物1車位1,四層,十四層,住宅大樓(11層含以上有電梯),住家用,鋼筋混凝土造,1030127,85.31,1,1,1,有,有,6900000,80881,坡道機械,0.0,0,,RPWNMLSLOHGGFBJ66DA,42.62,1.5,3.28,有,0904
關西鎮,土地,關農段374-6地號,37.44,都市：其他:綠地,,,1100526,土地2建物0車位0,,,其他,,,,0.0,0,0,0,有,無,212000,5662,,0.0,0,,RPPRMLOJOHGGFBJ38DA,0.0,0.0,0.0,無,0905
關西鎮,土地,關農段374-7地號,39.15,,,,1100526,土地2建物0車位0,,,其他,,,,0.0,0,0,0,有,無,199000,5083,,0.0,0,,RPQRMLOJOHGGFBJ48DA,0.0,0.0,0.0,無,0905
關西鎮,土地,關農段374-10地號,81.41,都市：其他:綠地,,,1100526,土地3建物0車位0,,,其他,,,,0.0,0,0,0,有,無,300000,3685,,0.0,0,,RPRRMLOJOHGGFBJ58DA,0.0,0.0,0.0,無,0905
關西鎮,土地,關農段374-8地號,38.87,都市：其他:綠地,,,1100530,土地2建物0車位0,,,其他,,,,0.0,0,0,0,有,無,190000,4888,,0.0,0,,RPUQMLOJOHGGFBJ78DA,0.0,0.0,0.0,無,0905
關西鎮,土地,關農段374-5地號,35.73,都市：其他:綠地,,,1100526,土地2建物0車位0,,,其他,,,,0.0,0,0,0,有,無,216000,6045,,0.0,0,,RPXQMLOJOHGGFBJ09DA,0.0,0.0,0.0,無,0905
關西鎮,房地(土地+建物),新竹縣關西鎮大德街３８巷６號,66.06,住,,,1100529,土地2建物1車位0,全,四層,透天厝,住商用,鋼筋混凝土造,1100118,177.14,4,2,3,有,有,10060000,56791,,0.0,0,,RPTPMLRJOHGGFBJ88DA,163.26,0.0,13.88,無,
關西鎮,房地(土地+建物),新竹縣關西鎮大德街３８巷２號,75.07,住,,,1100529,土地2建物1車位0,全,四層,透天厝,住商用,鋼筋混凝土造,1100118,175.54,4,2,3,有,有,10760000,61297,,0.0,0,,RPUPMLRJOHGGFBJ98DA,161.66,0.0,13.88,無,
竹北市,土地,隘興段429-4地號,146.15,住,,,1100518,土地1建物0車位0,,,其他,,,,0.0,0,0,0,有,無,24315000,166370,,0.0,0,,RPSNMLMJOHGGFBJ08DA,0.0,0.0,0.0,無,
竹北市,土地,省道段515-1地號,41.45,都市：其他:住宅用地,,,1100513,土地1建物0車位0,,,其他,,,,0.0,0,0,0,有,無,4970000,119903,,0.0,0,,RPWOMLLMNHGGFBJ68DA,0.0,0.0,0.0,無,
竹北市,房地(土地+建物)+車位,新竹縣竹北市嘉豐南路一段６０號三樓,63.67,住,,,1100514,土地1建物1車位3,三層,二十層,住宅大樓(11層含以上有電梯),住家用,鋼筋混凝土造,1021110,439.47,4,2,3,有,有,42990000,97822,坡道平面,115.65,0,,RPRQMLRLNHGGFBJ88DA,185.23,8.82,25.34,有,0910
竹北市,房地(土地+建物)+車位,新竹縣竹北市華興三街９號六樓,26.41,住,,,1100505,土地1建物1車位1,六層,十四層,住宅大樓(11層含以上有電梯),住家用,鋼筋混凝土造,1040809,179.38,3,2,2,有,有,16980000,94659,坡道平面,27.99,0,,RPWPMLLKNHGGFBJ58DA,90.79,5.49,9.82,有,0911
竹北市,土地,華城段100地號,577.03,,山坡地保育區,農牧用地,1100518,土地1建物0車位0,,,其他,,,,0.0,0,0,0,有,無,1000000,1733,,0.0,0,,RPROMLTLOHGGFBJ98DA,0.0,0.0,0.0,無,
竹東鎮,房地(土地+建物),新竹縣竹東鎮光武街１０７號一至三樓,23.18,商,,,1100507,土地2建物1車位0,一層，二層，三層，騎樓,九層,華廈(10層含以下有電梯),住商用,鋼筋混凝土造,0850506,168.89000000000001,4,2,4,有,有,4900000,29013,,0.0,0,,RPWOMLKKNHGGFCJ48DA,139.05,0.0,2.16,有,0912
湖口鄉,房地(土地+建物),新竹縣湖口鄉安宅六街２１號二樓,30.2,,工業區,丁種建築用地,1100508,土地1建物1車位0,二層,五層,華廈(10層含以下有電梯),住家用,鋼筋混凝土造,0810915,88.99000000000001,2,2,1,有,無,3300000,37083,,0.0,0,,RPPNMLQKNHGGFDJ38DA,65.03,0.66,11.68,有,0913
竹東鎮,房地(土地+建物),新竹縣竹東鎮自由街１２０巷３號五樓之２,9.17,都市：其他:住一,,,1100528,土地1建物1車位0,五層,十一層,住宅大樓(11層含以上有電梯),住家用,鋼筋混凝土造,0851224,57.540000000000006,3,2,2,有,有,2650000,46055,,0.0,0,夾層；,RPOOMLKMOHGGFCJ97DA,36.25,1.94,3.15,有,
寶山鄉,土地,明湖段284地號,745.39,都市：其他:道路用地,,,1100524,土地1建物0車位0,,,其他,,,,0.0,0,0,0,有,無,6251933,8387,,0.0,0,,RPOOMLLJPHGGFCJ97EA,0.0,0.0,0.0,無,
新豐鄉,房地(土地+建物)+車位,新竹縣新豐鄉尚仁街１９８巷２弄２１號,17.91,住,,,1100514,土地1建物1車位1,全,四層,透天厝,住家用,鋼筋混凝土造,0931121,45.44,4,1,3,有,有,1800000,39613,一樓平面,0.0,0,,RPTNMLMJPHGGFDJ58EA,42.1,2.45,0.89,無,
竹北市,房地(土地+建物)+車位,新竹縣竹北市文采街１７０號七樓,25.01,住,,,1100515,土地1建物1車位1,七層,九層,華廈(10層含以下有電梯),住家用,鋼筋混凝土造,0940714,141.32,3,2,2,有,有,9850000,69695,坡道平面,0.0,0,,RPOOMLLJPHGGFBJ87EA,77.74,0.0,5.91,有,
竹東鎮,房地(土地+建物)+車位,新竹縣竹東鎮光明路１２６巷８７弄６０號七樓,24.71,都市：其他:科技商務服務專用區,,,1100527,土地3建物1車位1,七層,十四層,住宅大樓(11層含以上有電梯),辦公用,鋼筋混凝土造,1040325,162.97,4,2,2,有,有,9500000,58293,坡道平面,0.0,0,,RPPOMLKMOHGGFCJ08DA,87.54,0.0,5.61,有,0914
竹東鎮,土地,二重埔段223-49地號,128.9,工,,,1100503,土地2建物0車位0,,,其他,,,,0.0,0,0,0,有,無,2450000,19007,,0.0,0,農作物；,RPUNMLNLOHGGFCJ68DA,0.0,0.0,0.0,無,
湖口鄉,房地(土地+建物)+車位,新竹縣湖口鄉吉祥街８０號四樓之７,33.06,,鄉村區,乙種建築用地,1100508,土地2建物1車位1,四層,十層,華廈(10層含以下有電梯),住家用,鋼筋混凝土造,1090715,163.24,3,2,2,有,有,8060000,49375,坡道平面,33.26,0,含裝潢費；,RPQNMLPLOHGGFDJ58DA,75.81,3.86,8.65,有,
湖口鄉,房地(土地+建物),新竹縣湖口鄉興安街３１號四樓,51.62,,工業區,丁種建築用地,1100520,土地3建物1車位0,四層,四層,公寓(5樓含以下無電梯),住家用,鋼筋混凝土造,0800408,126.04,3,2,2,有,無,3600000,28562,,0.0,0,,RPXNMLPKOHGGFDJ56DA,105.37,0.0,13.64,無,0915
湖口鄉,房地(土地+建物),新竹縣湖口鄉成功路９２８巷８０弄１２號,141.12,,特定農業區,甲種建築用地,1100529,土地4建物1車位0,全,三層,透天厝,住家用,鋼筋混凝土造,1050608,210.06,3,2,3,有,無,10250000,48796,,0.0,0,,RPPNMLLKOHGGFDJ97DA,202.14,7.92,0.0,無,
湖口鄉,房地(土地+建物),新竹縣湖口鄉中興四巷３７弄１４號,46.23,,一般農業區,甲種建築用地,1100521,土地1建物1車位0,全,二層,透天厝,住家用,加強磚造,,82.8,4,2,3,有,無,4000000,48309,,0.0,0,,RPQOMLSJOHGGFDJ78DA,82.8,0.0,0.0,無,0916
新豐鄉,土地,福興段十一股小段472地號,700.0,,特定農業區,農牧用地,1100525,土地1建物0車位0,,,其他,,,,0.0,0,0,0,有,無,1800000,2571,,0.0,0,,RPTNMLKMOHGGFDJ48DA,0.0,0.0,0.0,無,0917
新豐鄉,土地,崁頭段1686地號,1900.0,,特定農業區,農牧用地,1100515,土地1建物0車位0,,,其他,,,,0.0,0,0,0,有,無,3735800,1966,,0.0,0,,RPXNMLQJPHGGFDJ66DA,0.0,0.0,0.0,無,
新埔鎮,土地,照門段178-17地號,862.43,,山坡地保育區,農牧用地,1100520,土地3建物0車位0,,,其他,,,,0.0,0,0,0,有,無,2430000,2818,,0.0,0,,RPPPMLKMOHGGFBJ08DA,0.0,0.0,0.0,無,0202
新埔鎮,土地,照門段253-8地號,830.57,,山坡地保育區,農牧用地,1100529,土地4建物0車位0,,,其他,,,,0.0,0,0,0,有,無,2350000,2829,,0.0,0,,RPQPMLKMOHGGFBJ18DA,0.0,0.0,0.0,無,0202
竹北市,房地(土地+建物)+車位,新竹縣竹北市復興二路７５號十一樓,18.14,住,,,1100527,土地1建物1車位1,十一層,十三層,住宅大樓(11層含以上有電梯),住家用,鋼筋混凝土造,1001222,128.72,2,2,1,有,有,14420000,112026,坡道平面,37.69,0,,RPWOMLQKOHGGFBJ09DA,52.8,2.47,7.92,有,0920
竹北市,土地,貓兒錠段山腳小段747地號,1600.01,,特定農業區,農牧用地,1100510,土地1建物0車位0,,,其他,,,,0.0,0,0,0,有,無,8000000,5000,,0.0,0,親友、員工、共有人或其他特殊關係間之交易；,RPSQMLMJOHGGFBJ38DA,0.0,0.0,0.0,無,
竹北市,土地,白地粉段485地號,1200.0,,特定農業區,農牧用地,1100511,土地1建物0車位0,,,其他,,,,0.0,0,0,0,有,無,3900000,3250,,0.0,0,農作物；,RPRNMLLJPHGGFBJ97DA,0.0,0.0,0.0,無,
竹北市,房地(土地+建物)+車位,新竹縣竹北市縣政三街４０號,94.2,住,,,1100531,土地2建物1車位2,全,三層,透天厝,住家用,鋼筋混凝土造,0831018,171.9,4,2,6,有,無,15680000,91216,坡道平面,0.0,0,陽台外推；頂樓加蓋；其他增建；,RPOQMLKMOHGGFBJ08DA,159.67,7.31,4.92,無,0921
竹東鎮,房地(土地+建物),新竹縣竹東鎮世界街７１巷３號二樓,25.33,住,,,1100525,土地3建物1車位0,二層,四層,公寓(5樓含以下無電梯),住家用,鋼筋混凝土造,0851231,84.92,3,2,2,有,有,2300000,27084,,0.0,0,,RPUNMLPLNHGGFCJ78DA,51.6,0.0,5.68,無,
竹北市,房地(土地+建物),新竹縣竹北市十興路３０５巷１號,32.98,住,,,1100515,土地3建物1車位0,一層，夾層,五層,公寓(5樓含以下無電梯),住商用,鋼筋混凝土造,0830425,118.45,3,2,2,有,有,8180000,69059,,0.0,0,夾層；,RPTOMLMJPHGGFBJ38DA,98.07,6.77,0.0,無,
新豐鄉,房地(土地+建物),新竹縣新豐鄉尚仁街１９號,79.15,住,,,1100515,土地2建物2車位0,全,一層,透天厝,商業用,鋼筋混凝土造,,159.28,5,2,3,有,無,14500000,91035,,0.0,0,,RPVPMLLJPHGGFDJ78DA,159.28,0.0,0.0,無,
湖口鄉,房地(土地+建物),新竹縣湖口鄉德興路２４７號,144.0,,特定農業區,甲種建築用地,1100522,土地1建物1車位0,全,三層,透天厝,住家用,鋼筋混凝土造,1000125,228.0,3,2,4,有,有,12800000,56140,,0.0,0,,RPQNMLKMOHGGFDJ18DA,217.32,5.55,5.13,無,
湖口鄉,土地,中義段681地號,513.7,都市：其他:住(一),,,1100520,土地1建物0車位0,,,其他,,,,0.0,0,0,0,有,無,37294632,72600,,0.0,0,,RPVNMLRJOHGGFDJ09DA,0.0,0.0,0.0,無,
湖口鄉,土地,中義段678地號,364.39,都市：其他:住(一),,,1100520,土地1建物0車位0,,,其他,,,,0.0,0,0,0,有,無,28493938,78196,,0.0,0,,RPWNMLRJOHGGFDJ56DA,0.0,0.0,0.0,無,
湖口鄉,土地,中義段682-1地號,181.91,都市：其他:住(一),,,1100520,土地1建物0車位0,,,其他,,,,0.0,0,0,0,有,無,13206672,72600,,0.0,0,,RPXNMLRJOHGGFDJ66DA,0.0,0.0,0.0,無,
芎林鄉,房地(土地+建物),新竹縣芎林鄉三民路３１號,208.58,,山坡地保育區,丙種建築用地,1100512,土地7建物1車位0,全,三層,透天厝,住家用,鋼筋混凝土造,0811207,354.2,5,2,4,有,有,12130000,34246,,0.0,0,陽台外推；頂樓加蓋；其他增建；,RPXNMLOJPHGGFCJ98DA,319.31,34.89,0.0,無,
竹東鎮,土地,燥樹排段208-80地號,2500.0,,山坡地保育區,農牧用地,1100511,土地1建物0車位0,,,其他,,,,0.0,0,0,0,有,無,5100000,2040,,0.0,0,,RPPOMLRKOHGGFCJ58DA,0.0,0.0,0.0,無,
竹北市,土地,貓兒錠段拔子窟小段90地號,3591.0,,森林區,農牧用地,1100505,土地1建物0車位0,,,其他,,,,0.0,0,0,0,有,無,8472900,2359,,0.0,0,,RPUQMLKMOHGGFBJ78EA,0.0,0.0,0.0,無,
竹北市,房地(土地+建物)+車位,新竹縣竹北市北新一街１９號十樓之三,10.83,商,,,1100520,土地1建物1車位1,十層,二十四層,住宅大樓(11層含以上有電梯),住家用,鋼筋混凝土造,1091225,127.86000000000001,2,2,1,有,有,9550000,74691,坡道平面,28.74,0,,RPSPMLMJPHGGFBJ48EA,61.98,0.0,5.36,有,0922
竹東鎮,房地(土地+建物)+車位,新竹縣竹東鎮東峰路２７９巷１５號四樓,78.2,,,,1100521,土地4建物1車位1,四層,四層,公寓(5樓含以下無電梯),住家用,鋼筋混凝土造,0831224,159.41,3,2,2,有,有,4350000,27288,一樓平面,0.0,0,,RPQNMLPJPHGGFCJ48EA,104.14,0.0,10.9,無,
寶山鄉,土地,枋子坑段365地號,5560.94,,山坡地保育區,農牧用地,1100528,土地4建物0車位0,,,其他,,,,0.0,0,0,0,有,無,45000000,8092,,0.0,0,,RPROMLQJPHGGFCJ78EA,0.0,0.0,0.0,無,
竹北市,房地(土地+建物)+車位,新竹縣竹北市嘉豐六路二段８５號十一樓之三,31.47,住,,,1100525,土地1建物1車位2,十一層,十四層,住宅大樓(11層含以上有電梯),住家用,鋼筋混凝土造,0980106,224.58999999999997,3,2,2,有,有,18380000,81838,坡道平面,0.0,0,,RPQPMLQJPHGGFBJ68EA,100.79,3.87,8.47,有,
竹北市,房地(土地+建物)+車位,新竹縣竹北市日興一街５０號十一樓,26.58,住,,,1100530,土地1建物1車位1,十一層,十三層,住宅大樓(11層含以上有電梯),住家用,鋼筋混凝土造,0960517,139.89999999999998,3,2,2,有,有,12880000,92066,坡道平面,22.99,0,,RPRNMLQJPHGGFBJ58EA,72.6,5.3,8.09,有,
竹北市,房地(土地+建物)+車位,新竹縣竹北市六家五路二段２１６號二十樓之二,32.6,住,,,1100507,土地1建物1車位2,二十層,二十四層,住宅大樓(11層含以上有電梯),住家用,鋼筋混凝土造,1010328,226.85,4,2,2,有,有,18200000,80229,坡道平面,0.0,0,,RPRNMLPJPHGGFBJ48EA,103.78,5.73,4.68,有,0923
關西鎮,土地,坪林段36-1地號,6553.0,,特定農業區,農牧用地,1100524,土地3建物0車位0,,,其他,,,,0.0,0,0,0,有,無,24000000,3662,,0.0,0,,RPQPMLMJPHGGFBJ28EA,0.0,0.0,0.0,無,0924
新埔鎮,土地,黃梨園段1362地號,109.78,,山坡地保育區,農牧用地,1100520,土地1建物0車位0,,,其他,,,,0.0,0,0,0,有,無,265680,2420,,0.0,0,未登記建物；,RPUNMLQKOHGGFBJ88EA,0.0,0.0,0.0,無,
寶山鄉,房地(土地+建物),新竹縣寶山鄉嵩翠路６９號,297.0,,山坡地保育區,丙種建築用地,1100519,土地1建物1車位0,全,三層,透天厝,住家用,鋼筋混凝土造,0911001,319.68,5,3,3,有,有,22000000,68819,,0.0,0,,RPPOMLPJPHGGFCJ38DA,309.41,0.0,10.27,無,
竹東鎮,土地,二重埔段283地號,265.0,工,,,1100528,土地2建物0車位0,,,其他,,,,0.0,0,0,0,有,無,11379000,42940,,0.0,0,親友、員工、共有人或其他特殊關係間之交易；農作物；,RPTNMLQJPHGGFCJ78DA,0.0,0.0,0.0,無,
新豐鄉,房地(土地+建物),新竹縣新豐鄉泰安街２１號,84.02,住,,,1100513,土地1建物1車位0,全,二層,透天厝,住家用,加強磚造,0670712,128.76,8,0,8,有,無,15200000,118049,,0.0,0,其他增建；,RPSOMLNLOHGGFDJ68DA,128.76,0.0,0.0,無,
新豐鄉,房地(土地+建物),新竹縣新豐鄉長春路９２號,95.24,住,,,1100531,土地1建物1車位0,全,四層,透天厝,住家用,鋼筋混凝土造,0951025,223.31,6,3,3,有,無,9500000,42542,,0.0,0,一樓空地、頂樓增建其他增建；,RPTOMLLLOHGGFDJ58DA,198.11,0.0,25.2,無,
新豐鄉,土地,員興段617-741地號,286.66,,山坡地保育區,丙種建築用地,1100505,土地2建物0車位0,,,其他,,,,0.0,0,0,0,有,無,9900000,34536,,0.0,0,,RPXOMLQLNHGGFDJ76DA,0.0,0.0,0.0,無,
新豐鄉,土地,員興段617-643地號,355.65,,山坡地保育區,國土保安用地,1100505,土地2建物0車位0,,,其他,,,,0.0,0,0,0,有,無,484000,1361,,0.0,0,,RPXNMLSLNHGGFDJ86DA,0.0,0.0,0.0,無,
湖口鄉,房地(土地+建物),新竹縣湖口鄉信昌街１１９號,76.74,,鄉村區,乙種建築用地,1100511,土地3建物1車位0,全,四層,透天厝,住家用,鋼筋混凝土造,1100330,211.77,3,2,3,有,有,11460000,54115,,0.0,0,,RPQNMLLJPHGGFDJ08DA,198.2,0.0,13.57,無,
竹東鎮,土地,柯子湖段181-15地號,466.0,,山坡地保育區,丙種建築用地,1100502,土地1建物0車位0,,,其他,,,,0.0,0,0,0,有,無,8000000,17167,,0.0,0,,RPPNMLTJNHGGFCJ48DA,0.0,0.0,0.0,無,0925
竹北市,房地(土地+建物)+車位,新竹縣竹北市光明六路８７之１號三樓之一,28.75,商,,,1100521,土地1建物1車位1,三層,十一層,住宅大樓(11層含以上有電梯),商業用,鋼筋混凝土造,0960827,213.81,0,0,0,無,有,14050000,65713,坡道平面,27.98,0,,RPRQMLKMOHGGFBJ38DA,118.3,4.93,6.65,有,
竹北市,房地(土地+建物)+車位,新竹縣竹北市新瀧一街２３巷２０號四樓,13.92,商,,,1100513,土地1建物1車位1,四層,十三層,住宅大樓(11層含以上有電梯),住家用,鋼筋混凝土造,1050126,142.6,3,2,2,有,有,12350000,86606,坡道機械,16.56,0,,RPVOMLRKOHGGFBJ09DA,79.57,0.0,9.48,有,0926
關西鎮,土地,下南片段219-1地號,2411.0,,特定農業區,農牧用地,1100521,土地3建物0車位0,,,其他,,,,0.0,0,0,0,有,無,5000000,2074,,0.0,0,,RPOOMLTJOHGGFBJ48DA,0.0,0.0,0.0,無,
竹北市,房地(土地+建物),新竹縣竹北市中華路１１巷６８號,68.62,住,,,1100531,土地5建物1車位0,全,四層,透天厝,住家用,鋼筋混凝土造,0970512,226.54,4,1,3,有,有,15680000,69215,,0.0,0,,RPPOMLNJOHGGFBJ97DA,197.95,2.7,24.77,無,
竹北市,房地(土地+建物)+車位,新竹縣竹北市復興三路一段１９７號六樓之二,49.95,住,,,1100502,土地1建物1車位2,六層,二十二層,住宅大樓(11層含以上有電梯),住家用,鋼筋混凝土造,1071121,347.14,4,2,3,有,無,39600000,126250,坡道平面,57.24,3000000,,RPWNMLPJNHGGFBJ68DA,166.0,0.0,24.34,有,
竹北市,房地(土地+建物),新竹縣竹北市縣政二十一街１０１巷１２弄１號,84.06,住,,,1100525,土地2建物1車位0,全,四層,透天厝,住家用,鋼筋混凝土造,0880804,217.04,4,2,3,有,無,14050000,64735,,0.0,0,,RPRQMLSKOHGGFBJ98DA,169.11,28.47,19.46,無,
竹北市,房地(土地+建物),新竹縣竹北市光明五街３６３號,90.42,住,,,1100515,土地1建物1車位0,全,五層,透天厝,住家用,鋼筋混凝土造,0951028,274.42,5,2,5,有,無,25000000,91101,,0.0,0,壹樓空地其他增建；,RPOSMLSKOHGGFBJ88DA,214.13,21.39,38.9,無,
竹北市,房地(土地+建物)+車位,新竹縣竹北市興學街１８號八樓,30.16,住,,,1100513,土地1建物1車位1,八層,十三層,住宅大樓(11層含以上有電梯),住家用,鋼筋混凝土造,1000512,179.14,3,2,2,有,有,19000000,106062,坡道平面,28.88,0,,RPSNMLLKOHGGFBJ08DA,89.6,4.71,10.86,有,
竹東鎮,房地(土地+建物),新竹縣竹東鎮中興路一段１１５號,220.01,,山坡地保育區,丙種建築用地,1100501,土地1建物1車位0,全,四層,透天厝,住家用,鋼筋混凝土造,0960510,300.76,5,2,4,有,無,17500000,58186,,0.0,0,其他增建；,RPOOMLRJNHGGFCJ28DA,276.76,0.0,24.0,無,
橫山鄉,房地(土地+建物)+車位,新竹縣橫山鄉永昌街１２３巷１弄７之２號三樓,34.85,住,,,1100521,土地2建物1車位1,三層,六層,華廈(10層含以下有電梯),住家用,鋼筋混凝土造,1091102,128.71,2,2,2,有,無,5550000,40897,升降機械,10.12,700000,,RPWPMLSKOHGGFCJ86DA,75.47,0.0,10.14,有,
新埔鎮,土地,正興段133地號,255.97,住,,,1100528,土地1建物0車位0,,,其他,,,,0.0,0,0,0,有,無,15000000,58601,,0.0,0,,RPUNMLQJPHGGFBJ78DA,0.0,0.0,0.0,無,
竹北市,土地,省道段1262地號,208.34,住,,,1100516,土地5建物0車位0,,,其他,,,,0.0,0,0,0,有,無,23000000,110396,,0.0,0,,RPOPMLQJPHGGFBJ38DA,0.0,0.0,0.0,無,
關西鎮,房地(土地+建物),新竹縣關西鎮小東坑３６號,2391.0,,山坡地保育區,農牧用地,1100515,土地2建物1車位0,一層，二層,二層,農舍,農業用,鋼筋混凝土造,1040402,272.23,4,2,6,有,無,21250000,,,0.0,0,,RPTNMLRJPHGGFBJ78DA,234.02,0.0,38.21,無,0927
竹北市,房地(土地+建物)+車位,新竹縣竹北市勝利十二街２５２號二樓,26.57,住,,,1100530,土地1建物1車位1,二層,十四層,住宅大樓(11層含以上有電梯),住家用,鋼筋混凝土造,1020208,172.17000000000002,3,2,2,有,有,16980000,98623,坡道平面,33.69,0,,RPPOMLRJPHGGFBJ48DA,82.53,3.58,8.47,有,0928
新豐鄉,房地(土地+建物)+車位,新竹縣新豐鄉康樂路一段４５７巷２弄７號二樓,25.81,,一般農業區,甲種建築用地,1100507,土地1建物1車位1,二層,五層,華廈(10層含以下有電梯),住家用,鋼筋混凝土造,,88.61,3,2,1,有,有,3000000,33856,坡道平面,0.0,0,,RPXNMLMJPHGGFDJ88DA,62.52,0.0,2.61,有,0929
湖口鄉,土地,光華段453地號,146.97,住,,,1100516,土地1建物0車位0,,,其他,,,,0.0,0,0,0,有,無,10200000,69402,,0.0,0,,RPQNMLOKOHGGFDJ38DA,0.0,0.0,0.0,無,
橫山鄉,房地(土地+建物)+車位,新竹縣橫山鄉永昌街１２３巷１弄７之３號四樓,65.65,住,,,1100507,土地2建物1車位1,四層,六層,華廈(10層含以下有電梯),住家用,鋼筋混凝土造,1091102,158.65,4,2,2,有,無,7700000,48535,其他,0.0,900000,,RPWNMLSKOHGGFCJ66DA,102.46,0.0,12.09,有,
竹北市,土地,溝貝段1421-5地號,30.0,,特定農業區,甲種建築用地,1100510,土地1建物0車位0,,,其他,,,,0.0,0,0,0,有,無,750000,25000,,0.0,0,未登記建物；,RPUNMLMJOHGGFBJ38EA,0.0,0.0,0.0,無,
竹北市,房地(土地+建物),新竹縣竹北市國華街４２號二樓之二,19.36,住,,,1100519,土地1建物1車位0,二層,七層,華廈(10層含以下有電梯),住家用,鋼筋混凝土造,0860512,104.25,3,2,2,有,有,5100000,48921,,0.0,0,陽台外推；,RPOOMLQJPHGGFBJ38EA,70.28,3.01,8.46,有,
竹北市,房地(土地+建物),新竹縣竹北市縣政十六街２３５號,86.36,住,,,1100521,土地1建物1車位0,全,四層,透天厝,住家用,鋼筋混凝土造,1030128,237.25,10,0,10,有,無,29900000,126027,,0.0,0,頂樓加蓋；其他增建；,RPUOMLRJPHGGFBJ09EA,218.08,0.0,19.17,有,
芎林鄉,房地(土地+建物),新竹縣芎林鄉竹林路７２號,126.48,,特定農業區,農牧用地,1100515,土地1建物1車位0,全,二層,透天厝,農業用,加強磚造,0840613,143.64,6,1,4,有,無,5100000,35505,,0.0,0,,RPVNMLQJPHGGFCJ09EA,143.64,0.0,0.0,無,
竹東鎮,房地(土地+建物)+車位,新竹縣竹東鎮中豐路二段２３５號八樓,24.27,住,,,1100514,土地1建物1車位1,八層,十三層,住宅大樓(11層含以上有電梯),住家用,鋼筋混凝土造,0840801,189.86,4,2,2,有,有,5900000,31076,坡道平面,0.0,0,,RPRNMLPJPHGGFCJ58EA,110.31,0.0,8.21,有,
新埔鎮,土地,黃梨園段1353地號,38.47,,山坡地保育區,農牧用地,1100522,土地1建物0車位0,,,其他,,,,0.0,0,0,0,有,無,93097,2420,,0.0,0,未登記建物；,RPPQMLTJOHGGFBJ88EA,0.0,0.0,0.0,無,
新埔鎮,土地,黃梨園段1358地號,149.08,,山坡地保育區,農牧用地,1100522,土地1建物0車位0,,,其他,,,,0.0,0,0,0,有,無,360880,2421,,0.0,0,未登記建物；,RPQQMLTJOHGGFBJ98EA,0.0,0.0,0.0,無,0930
新埔鎮,土地,黃梨園段1346地號,479.73,,山坡地保育區,農牧用地,1100522,土地2建物0車位0,,,其他,,,,0.0,0,0,0,有,無,1160946,2420,,0.0,0,未登記建物；,RPRQMLTJOHGGFBJ09EA,0.0,0.0,0.0,無,0930
新埔鎮,土地,黃梨園段1358地號,278.87,,山坡地保育區,農牧用地,1100522,土地2建物0車位0,,,其他,,,,0.0,0,0,0,有,無,647865,2323,,0.0,0,未登記建物；,RPSQMLTJOHGGFBJ56EA,0.0,0.0,0.0,無,
竹東鎮,房地(土地+建物),新竹縣竹東鎮榮樂街２０８號,47.0,住,,,1100517,土地2建物1車位0,全,二層,透天厝,住家用,加強磚造,,119.43,4,2,3,有,無,5880000,49234,,0.0,0,頂樓加蓋；,RPRNMLKMOHGGFCJ18DA,119.43,0.0,0.0,無,
芎林鄉,房地(土地+建物),新竹縣芎林鄉福昌街４３８巷１１號三樓,33.03,,特定農業區,甲種建築用地,1100531,土地2建物1車位0,三層,八層,華廈(10層含以下有電梯),住家用,鋼筋混凝土造,1091221,118.81,3,2,2,有,有,6600000,55551,,0.0,0,芎林鄉竹林段181地號、182地號兩筆土地買賣價金為新台幣231萬元芎林鄉竹林段445建號買賣價金為新台幣429萬元,RPOOMLPJPHGGFCJ28DA,71.68,0.0,7.39,有,
芎林鄉,土地,富林段775-3地號,928.31,,特定農業區,農牧用地,1100521,土地1建物0車位0,,,其他,,,,0.0,0,0,0,有,無,11457000,12342,,0.0,0,,RPVOMLQJPHGGFCJ09DA,0.0,0.0,0.0,無,
芎林鄉,土地,富林段775-4地號,928.32,,特定農業區,農牧用地,1100521,土地1建物0車位0,,,其他,,,,0.0,0,0,0,有,無,10333000,11131,,0.0,0,,RPWOMLQJPHGGFCJ56DA,0.0,0.0,0.0,無,0932
新豐鄉,房地(土地+建物),新竹縣新豐鄉康樂路一段１９２巷２弄１３號,76.6,住,,,1100509,土地2建物1車位0,全,二層,透天厝,住家用,加強磚造,0700121,100.8,8,0,8,有,無,5900000,58532,,0.0,0,頂樓加蓋；其他增建；,RPOOMLQJPHGGFDJ48DA,100.8,0.0,0.0,無,
湖口鄉,房地(土地+建物)+車位,新竹縣湖口鄉興安街３７號二樓之１,18.98,,工業區,丁種建築用地,1100531,土地1建物1車位1,二層,五層,華廈(10層含以下有電梯),住家用,鋼筋混凝土造,1061115,73.29,2,2,2,有,無,5100000,69587,升降機械,0.0,0,陽台外推；其他增建；,RPUNMLPJPHGGFDJ88DA,49.19,0.0,2.83,有,0933
湖口鄉,土地,綠園段1227-3地號,2366.96,,一般農業區,農牧用地,1100522,土地1建物0車位0,,,其他,,,,0.0,0,0,0,有,無,13604000,5747,,0.0,0,,RPSNMLPJPHGGFDJ68DA,0.0,0.0,0.0,無,0934
竹北市,房地(土地+建物)+車位,新竹縣竹北市興隆路三段２０３號二樓,77.42,住,,,1100510,土地1建物1車位4,二層,二十六層,住宅大樓(11層含以上有電梯),住家用,鋼筋混凝土造,1041214,593.96,3,2,4,有,有,54580000,102996,坡道平面,112.58,5000000,含裝潢費8750000元；,RPRNMLRJPHGGFBJ58DA,262.86,33.38,25.97,有,
竹北市,土地,大學段591地號,120.43,住,,,1100511,土地1建物0車位0,,,其他,,,,0.0,0,0,0,有,無,18800000,156107,,0.0,0,,RPRPMLQJPHGGFBJ68DA,0.0,0.0,0.0,無,
竹北市,土地,家興段22地號,172.17,住,,,1100529,土地1建物0車位0,,,其他,,,,0.0,0,0,0,有,無,49470000,287332,,0.0,0,未登記建物；,RPVOMLPJPHGGFBJ88DA,0.0,0.0,0.0,無,
竹北市,房地(土地+建物)+車位,新竹縣竹北市莊敬五街５５號五樓,13.43,商,,,1100501,土地1建物1車位1,五層,十四層,住宅大樓(11層含以上有電梯),住家用,鋼筋混凝土造,0940923,155.91,3,2,2,有,有,14610000,93708,坡道平面,0.0,0,,RPTNMLPJPHGGFBJ58DA,82.89,4.47,7.66,有,
芎林鄉,房地(土地+建物),新竹縣芎林鄉三民路４８號,193.65,,山坡地保育區,丙種建築用地,1100513,土地8建物1車位0,全,四層,透天厝,住家用,鋼筋混凝土造,0820215,338.69,5,3,3,有,有,8300000,24506,,0.0,0,,RPPOMLSKNHGGFCJ58DA,300.98,15.26,22.45,無,
新埔鎮,土地,南平段1016-9地號,1710.3,,山坡地保育區,農牧用地,1100530,土地2建物0車位0,,,其他,,,,0.0,0,0,0,有,無,5500000,3216,,0.0,0,農作物；機電設備；,RPRRMLSKOHGGFBJ09DA,0.0,0.0,0.0,無,0935
新埔鎮,土地,南平段1018-7地號,792.59,,山坡地保育區,農牧用地,1100522,土地3建物0車位0,,,其他,,,,0.0,0,0,0,有,無,2500000,3154,,0.0,0,,RPPTMLOLNHGGFBJ68DA,0.0,0.0,0.0,無,0936
五峰鄉,土地,大隘段673地號,8449.0,,山坡地保育區,農牧用地,1100528,土地1建物0車位0,,,其他,,,,0.0,0,0,0,有,無,3500000,414,,0.0,0,未登記建物；,RPSOMLTJOHGGFCJ98DA,0.0,0.0,0.0,無,
竹北市,房地(土地+建物)+車位,新竹縣竹北市光明六路東一段１７０號七樓,24.64,商,,,1100511,土地1建物1車位2,七層,二十三層,住宅大樓(11層含以上有電梯),住家用,鋼筋混凝土造,1010824,312.48,4,2,3,有,有,36500000,116807,坡道平面,37.38,0,,RPRQMLQJPHGGFBJ78DA,171.17,6.47,15.22,有,0937
竹北市,土地,社北段824地號,906.99,農,,,1100503,土地1建物0車位0,,,其他,,,,0.0,0,0,0,有,無,35390000,39019,,0.0,0,,RPRNMLSJPHGGFBJ68DA,0.0,0.0,0.0,無,0938
竹北市,房地(土地+建物)+車位,新竹縣竹北市復興一街２５１號十六樓之五,15.07,商,,,1100524,土地1建物1車位1,十六層，見其他登記事項,十六層,住宅大樓(11層含以上有電梯),住家用,鋼筋混凝土造,0970915,155.82999999999998,1,1,1,有,有,14000000,89841,坡道平面,0.0,0,,RPUOMLSJPHGGFBJ09DA,72.72,0.0,7.22,有,
湖口鄉,房地(土地+建物),新竹縣湖口鄉維東路９７號,92.67,,鄉村區,乙種建築用地,1100521,土地1建物1車位0,全,四層,透天厝,住家用,鋼筋混凝土造,1091217,156.6,4,2,4,有,無,9600000,61303,,0.0,0,,RPTNMLRLNHGGFDJ98DA,152.14,0.0,4.46,無,
竹北市,房地(土地+建物)+車位,新竹縣竹北市興隆路五段２６３號三樓,21.88,住,,,1100522,土地1建物1車位2,三層,十四層,住宅大樓(11層含以上有電梯),住家用,鋼筋混凝土造,1070613,174.03,2,2,1,有,有,14500000,111480,坡道平面,65.49,2400000,,RPSPMLQJPHGGFBJ88EA,62.25,5.67,4.17,有,0939
湖口鄉,房地(土地+建物),新竹縣湖口鄉成功路３２７巷９號,100.59,住,,,1100522,土地2建物1車位0,全,三層,透天厝,住家用,鋼筋混凝土造,0940725,250.48,6,2,3,有,無,9680000,38646,,0.0,0,,RPQPMLSJPHGGFDJ09EA,193.2,19.0,15.0,無,
芎林鄉,房地(土地+建物),新竹縣芎林鄉光復街１１９巷２２號,101.05,住,,,1100517,土地2建物1車位0,全,三層,透天厝,住家用,鋼筋混凝土造,0870522,237.51,3,2,3,有,有,12000000,50524,,0.0,0,,RPTOMLQJPHGGFCJ98EA,205.19,14.09,0.0,無,
寶山鄉,土地,寶香段150-2地號,2072.93,,山坡地保育區,林業用地,1100529,土地2建物0車位0,,,其他,,,,0.0,0,0,0,有,無,11280000,5442,,0.0,0,,RPXOMLQJPHGGFCJ76EA,0.0,0.0,0.0,無,
竹東鎮,房地(土地+建物)+車位,新竹縣竹東鎮自強路２０號一樓,22.85,住,,,1100525,土地1建物1車位1,一層,十層,華廈(10層含以下有電梯),住家用,鋼筋混凝土造,0870929,141.52,3,2,2,有,有,5200000,36744,坡道平面,0.0,0,,RPPOMLPLOHGGFCJ48DA,80.3,10.95,0.0,有,
新豐鄉,房地(土地+建物),新竹縣新豐鄉明新街１８２巷１１號,46.35,,鄉村區,乙種建築用地,1100530,土地1建物1車位0,一層,五層,華廈(10層含以下有電梯),住家用,鋼筋混凝土造,0940620,134.74,7,0,7,有,有,6150000,45643,,0.0,0,,RPPNMLLMNHGGFDJ08DA,110.43,0.0,6.92,有,0940
新豐鄉,房地(土地+建物),新竹縣新豐鄉員山１３１之４３號,85.05,,山坡地保育區,丙種建築用地,1100512,土地3建物1車位0,全,三層,透天厝,住家用,鋼筋混凝土造,1100129,159.04,3,2,3,有,無,8900000,55961,,0.0,0,預售屋、或土地及建物分件登記案件；,RPPOMLOLNHGGFDJ38DA,143.74,0.0,15.3,無,
新豐鄉,房地(土地+建物),新竹縣新豐鄉員山１３１之４５號,85.05,,山坡地保育區,丙種建築用地,1100520,土地3建物1車位0,全,三層,透天厝,住家用,鋼筋混凝土造,1100129,159.04,3,2,3,有,無,8860000,55709,,0.0,0,預售屋、或土地及建物分件登記案件；,RPVNMLMLOHGGFDJ78DA,143.74,0.0,15.3,無,
新豐鄉,土地,中崙段1504-5地號,148.25,,特定農業區,甲種建築用地,1100525,土地2建物0車位0,,,其他,,,,0.0,0,0,0,有,無,5706400,38492,,0.0,0,,RPTNMLRJPHGGFDJ98DA,0.0,0.0,0.0,無,0679
竹北市,土地,府前段1066地號,104.84,住,,,1100502,土地1建物0車位0,,,其他,,,,0.0,0,0,0,有,無,13000000,123998,,0.0,0,,RPOOMLSJPHGGFBJ48DA,0.0,0.0,0.0,無,
竹北市,土地,府前段1065地號,104.88,住,,,1100502,土地1建物0車位0,,,其他,,,,0.0,0,0,0,有,無,12400000,118230,,0.0,0,,RPPOMLSJPHGGFBJ58DA,0.0,0.0,0.0,無,
竹東鎮,房地(土地+建物),新竹縣竹東鎮長春路一段１７巷３號,92.0,住,,,1100519,土地2建物1車位0,全,四層,透天厝,住家用,鋼筋混凝土造,1060120,207.95,3,2,4,有,有,13800000,66362,,0.0,0,,RPRNMLTKNHGGFCJ78DA,194.93,0.0,13.02,無,
竹北市,房地(土地+建物)+車位,新竹縣竹北市科大一路１９６號十三樓,27.11,住,,,1100504,土地1建物1車位2,十三層,十四層,住宅大樓(11層含以上有電梯),住家用,鋼筋混凝土造,1010531,200.55,3,2,2,有,有,17300000,86263,坡道平面,60.0,0,,RPROMLNKNHGGFBJ18DA,85.71,6.67,4.75,有,0942
竹北市,房地(土地+建物)+車位,新竹縣竹北市科大一路２１８號十樓,27.11,住,,,1100518,土地1建物1車位2,十層,十三層,住宅大樓(11層含以上有電梯),住家用,鋼筋混凝土造,1010531,197.28,3,2,2,有,有,18600000,94282,坡道平面,60.02,0,,RPWNMLPLOHGGFBJ98DA,82.24,6.66,6.44,有,
竹北市,房地(土地+建物)+車位,新竹縣竹北市復興二路２５９號八樓之三,8.45,商,,,1100507,土地1建物1車位1,八層,二十四層,住宅大樓(11層含以上有電梯),住家用,鋼筋混凝土造,1091226,104.12,1,1,1,有,有,9900000,113867,坡道平面,30.35,1500000,預售屋、或土地及建物分件登記案件；,RPRRNLLKOHGGFBJ48DA,39.34,5.17,3.28,有,
竹北市,房地(土地+建物),新竹縣竹北市麻園二街３５８巷２３號,144.41,,特定農業區,甲種建築用地,1100515,土地5建物1車位0,全,五層,透天厝,住家用,鋼筋混凝土造,0970114,250.64,4,2,2,有,有,11950000,47678,,0.0,0,,RPSQMLSJPHGGFBJ09DA,215.5,11.98,23.16,無,
竹北市,房地(土地+建物)+車位,新竹縣竹北市泰和一街８１號四樓,31.99,住,,,1100525,土地3建物1車位1,四層,五層,華廈(10層含以下有電梯),住家用,鋼筋混凝土造,0821119,135.57999999999998,4,2,2,有,有,5950000,43886,坡道機械,0.0,0,陽台外推；,RPRPMLMKPHGGFBJ38DA,94.06,0.0,9.15,有,
湖口鄉,房地(土地+建物)+車位,新竹縣湖口鄉吉祥街８０號二樓之１,30.81,,鄉村區,乙種建築用地,1100514,土地2建物1車位1,二層,十層,華廈(10層含以下有電梯),住家用,鋼筋混凝土造,1090715,154.24,3,2,2,有,有,7180000,46551,坡道平面,33.26,0,,RPUPMLSJPHGGFDJ76DA,76.34,2.18,3.66,有,
湖口鄉,房地(土地+建物),新竹縣湖口鄉大智路１巷２弄３２號,15.25,,工業區,丁種建築用地,1100517,土地1建物1車位0,一層,五層,華廈(10層含以下有電梯),住家用,鋼筋混凝土造,1071204,53.78999999999999,2,2,1,有,有,4000000,74363,,0.0,0,,RPSOMLLLNHGGFDJ38DA,34.16,0.0,0.0,有,
橫山鄉,房地(土地+建物),新竹縣橫山鄉新興街３９巷１６號,69.39,住,,,1100526,土地1建物1車位0,全,二層,透天厝,住家用,鋼筋混凝土造,,98.12,5,2,2,有,無,4200000,42805,,0.0,0,親友、員工、共有人或其他特殊關係間之交易；,RPVNMLMJPHGGFCJ58DA,98.12,0.0,0.0,無,
竹東鎮,房地(土地+建物)+車位,新竹縣竹東鎮和江街１６８號五樓,15.66,商,,,1100509,土地2建物1車位1,五層,十層,華廈(10層含以下有電梯),住家用,鋼筋混凝土造,0850506,117.49,3,2,2,有,有,3600000,30641,坡道平面,0.0,0,其他增建；,RPSOMLMJPHGGFCJ38DA,70.64,0.0,11.44,有,0943
橫山鄉,土地,濫子段尖筆窩小段92-11地號,6377.0,,山坡地保育區,農牧用地,1100528,土地2建物0車位0,,,其他,,,,0.0,0,0,0,有,無,7300000,1145,,0.0,0,,RPPNMLKKPHGGFCJ87DA,0.0,0.0,0.0,無,
竹北市,房地(土地+建物)+車位,新竹縣竹北市興隆路一段１之１號六樓,27.31,住,,,1100530,土地1建物1車位1,六層,十四層,住宅大樓(11層含以上有電梯),住家用,鋼筋混凝土造,1000904,176.7,3,2,2,有,有,13280000,75156,坡道平面,29.51,0,,RPXOMLSJPHGGFBJ86EA,87.48,8.23,5.24,有,
竹東鎮,土地,頭重埔段121-6地號,415.0,工,,,1100524,土地1建物0車位0,,,其他,,,,0.0,0,0,0,有,無,9227000,22234,,0.0,0,,RPVNMLMKPHGGFCJ78EA,0.0,0.0,0.0,無,
峨眉鄉,土地,赤柯坪段568地號,3236.26,,山坡地保育區,農牧用地,1100517,土地1建物0車位0,,,其他,,,,0.0,0,0,0,有,無,3500000,1081,,0.0,0,親友、員工、共有人或其他特殊關係間之交易；,RPUNMLNKPHGGFCJ78EA,0.0,0.0,0.0,無,
竹北市,房地(土地+建物)+車位,新竹縣竹北市興隆路五段１７７號九樓,47.75,住,,,1100529,土地1建物1車位2,九層,二十二層,住宅大樓(11層含以上有電梯),住家用,鋼筋混凝土造,0990115,302.62,3,2,2,有,有,33800000,111691,坡道平面,0.0,0,,RPOOMLNKPHGGFBJ18EA,139.44,10.97,16.81,有,0944
竹東鎮,房地(土地+建物),新竹縣竹東鎮光明路８５５巷１１號,1316.11,,山坡地保育區,林業用地,1100531,土地4建物1車位0,全,三層,透天厝,農業用,鋼筋混凝土造,0980803,179.72,4,2,2,有,有,13500000,75117,,0.0,0,其他增建；,RPOPMLOKPHGGFCJ38DA,140.94,28.67,10.11,無,0945
竹東鎮,土地,柯子湖段73地號,662.04,都市：其他:工業區,,,1100513,土地26建物0車位0,,,其他,,,,0.0,0,0,0,有,無,10260000,15498,,0.0,0,,RPSNMLNJPHGGFCJ38DA,0.0,0.0,0.0,無,0946
湖口鄉,土地,中義段542地號,325.48,都市：其他:住(一),,,1100514,土地1建物0車位0,,,其他,,,,0.0,0,0,0,有,無,25100000,77117,,0.0,0,,RPPNMLMKPHGGFDJ18DA,0.0,0.0,0.0,無,
湖口鄉,房地(土地+建物),新竹縣湖口鄉蘭州一街６６號四樓之２,17.6,,工業區,丁種建築用地,1100521,土地2建物1車位0,四層,五層,華廈(10層含以下有電梯),住家用,鋼筋混凝土造,0950116,73.25999999999999,2,2,2,有,有,3700000,50512,,0.0,0,,RPVNMLMKPHGGFDJ78DA,56.47,1.05,3.39,有,0947
竹北市,房地(土地+建物)+車位,新竹縣竹北市新工五路４９號十一樓之五,20.99,住,,,1100506,土地1建物1車位1,十一層,十二層,住宅大樓(11層含以上有電梯),商業用,鋼筋混凝土造,0970515,129.48000000000002,3,2,2,有,有,6600000,50973,坡道平面,0.0,0,夾層；含租約；,RPPNMLNKPHGGFBJ08DA,56.42,9.87,5.13,有,0948
竹北市,房地(土地+建物)+車位,新竹縣竹北市興隆路一段４３３號六樓,64.36,住,,,1100529,土地1建物1車位2,六層,二十二層,住宅大樓(11層含以上有電梯),住家用,鋼筋混凝土造,1021007,379.3,4,2,3,有,有,39500000,104139,坡道平面,0.0,0,,RPWNMLOKPHGGFBJ88DA,188.84,7.52,23.32,有,0949
竹北市,房地(土地+建物)+車位,新竹縣竹北市文愛街６１號九樓,23.69,住,,,1100504,土地1建物1車位2,九層,十三層,住宅大樓(11層含以上有電梯),辦公用,鋼筋混凝土造,1020624,200.17000000000002,3,3,3,有,有,23200000,115901,坡道平面,0.0,0,土地1856萬元整.建物464萬元整夾層；,RPPTMLQLNHGGFBJ88DA,75.72,8.5,13.2,有,0950
竹北市,房地(土地+建物)+車位,新竹縣竹北市華興街２３８號,24.83,住,,,1100512,土地1建物1車位1,一層，見其他登記事項,十四層,住宅大樓(11層含以上有電梯),商業用,鋼筋混凝土造,1060920,131.0,0,0,0,無,有,13500000,112851,坡道機械,16.69,600000,,RPQSMLPLOHGGFBJ88DA,76.07,0.0,6.23,有,
竹北市,房地(土地+建物),新竹縣竹北市縣政二路４３２號,83.16,住,,,1100509,土地2建物1車位0,全,三層,透天厝,住商用,鋼筋混凝土造,0880309,208.12,3,2,3,有,無,25000000,120123,,0.0,0,頂樓增建其他增建；,RPXNMLPJPHGGFBJ98DA,180.15,18.9,6.1,無,
竹東鎮,房地(土地+建物),新竹縣竹東鎮東榮路５６之５號八樓,20.63,住,,,1100520,土地1建物1車位0,八層,十三層,住宅大樓(11層含以上有電梯),住家用,鋼筋混凝土造,1100128,90.22,2,2,1,有,有,5680000,62957,,0.0,0,,RPWOMLLMNHGGFCJ78DA,58.57,0.0,4.89,有,
新豐鄉,房地(土地+建物),新竹縣新豐鄉忠信街１７７號,67.97,,鄉村區,乙種建築用地,1100513,土地1建物1車位0,全,二層,透天厝,住家用,加強磚造,,115.26,3,2,2,有,無,3700000,32101,,0.0,0,,RPWNMLMKPHGGFDJ88DA,115.26,0.0,0.0,無,
湖口鄉,房地(土地+建物),新竹縣湖口鄉信昌二街１６０巷３號,73.42,,鄉村區,乙種建築用地,1100531,土地2建物1車位0,全,四層,透天厝,住家用,鋼筋混凝土造,1090610,175.46,4,2,4,有,無,9800000,55853,,0.0,0,,RPOOMLNKPHGGFDJ28DA,169.91,0.0,5.55,有,0951
湖口鄉,房地(土地+建物),新竹縣湖口鄉長富路一段６８巷７１弄２號,70.0,,特定農業區,甲種建築用地,1100505,土地2建物1車位0,全,四層,透天厝,住家用,鋼筋混凝土造,1050812,172.87,3,2,4,有,無,7500000,43385,,0.0,0,,RPVOMLSJPHGGFDJ76DA,165.68,0.0,7.19,無,
新豐鄉,房地(土地+建物)+車位,新竹縣新豐鄉自立街１２１巷２３號二樓,30.74,住,,,1100521,土地1建物1車位1,二層,六層,華廈(10層含以下有電梯),住家用,鋼筋混凝土造,0830629,142.89999999999998,3,2,2,有,有,3800000,26592,坡道平面,0.0,0,陽台增建其他增建；,RPROMLOKPHGGFDJ68DA,85.53,0.0,10.68,有,
新豐鄉,房地(土地+建物)+車位,新竹縣新豐鄉光明街２８巷２號十三樓之５,28.07,商,,,1100516,土地2建物1車位1,十三層,十三層,住宅大樓(11層含以上有電梯),住家用,鋼筋混凝土造,1080222,146.42000000000002,3,2,2,有,無,7500000,59276,坡道平面,33.39,800000,,RPXNMLLLOHGGFDJ88DA,62.48,7.43,5.37,有,
北埔鄉,土地,埔中段450-1地號,372.67,工,,,1100508,土地1建物0車位0,,,其他,,,,0.0,0,0,0,有,無,11200000,30053,,0.0,0,,RPVNMLPLOHGGFCJ98DA,0.0,0.0,0.0,無,
竹東鎮,土地,二重埔段232-17地號,3306.0,,,,1100505,土地1建物0車位0,,,其他,,,,0.0,0,0,0,有,無,35500000,10738,,0.0,0,親友、員工、共有人或其他特殊關係間之交易；農作物；,RPQOMLQJPHGGFCJ58DA,0.0,0.0,0.0,無,
新豐鄉,土地,新豐段962地號,2110.0,,特定農業區,農牧用地,1100506,土地2建物0車位0,,,其他,,,,0.0,0,0,0,有,無,7020000,3327,,0.0,0,,RPQNMLNKPHGGFDJ48EA,0.0,0.0,0.0,無,
竹東鎮,土地,二重埔段195-183地號,427.0,工,,,1100516,土地1建物0車位0,,,其他,,,,0.0,0,0,0,有,無,9687000,22686,,0.0,0,,RPQNMLNJPHGGFCJ18DA,0.0,0.0,0.0,無,0952
新豐鄉,房地(土地+建物),新竹縣新豐鄉精工路３８號,157.56,工,,,1100513,土地3建物1車位0,全,三層,透天厝,工業用,鋼筋混凝土造,,235.17,8,1,8,有,無,16800000,71438,,0.0,0,,RPQNMLOKPHGGFDJ48DA,213.15,22.02,0.0,無,
竹東鎮,房地(土地+建物)+車位,新竹縣竹東鎮東榮路５６之２號二樓,28.61,住,,,1100508,土地1建物1車位1,二層,十三層,住宅大樓(11層含以上有電梯),住家用,鋼筋混凝土造,1100128,166.38,3,2,2,有,有,9350000,65076,坡道平面,41.91,1250000,有約定專用露台,RPUOMLRKNHGGFCJ98DA,74.69,0.0,12.91,有,
竹北市,房地(土地+建物)+車位,新竹縣竹北市環科一路２１號九樓之一,455.78,工,,,1100512,土地1建物1車位15,九層,十二層,住宅大樓(11層含以上有電梯),工業用,鋼筋混凝土造,1081211,1865.85,0,0,0,無,有,107260000,67422,坡道平面,516.0,16250000,,RPRNMLQJPHGGFBJ48DA,849.94,0.0,0.0,有,
竹北市,房地(土地+建物)+車位,新竹縣竹北市環科一路２１號九樓之二,336.51,工,,,1100512,土地1建物1車位11,九層,十二層,住宅大樓(11層含以上有電梯),工業用,鋼筋混凝土造,1081211,1377.4,0,0,0,無,有,78580000,66842,坡道平面,379.82,11900000,,RPTNMLQJPHGGFBJ68DA,628.19,0.0,0.0,有,
關西鎮,土地,湖肚段48地號,790.0,,山坡地保育區,農牧用地,1100519,土地2建物0車位0,,,其他,,,,0.0,0,0,0,有,無,3020000,3823,,0.0,0,,RPVOMLSJPHGGFBJ56DA,0.0,0.0,0.0,無,0953
竹北市,房地(土地+建物),新竹縣竹北市縣政十街２０１號,137.77,住,,,1100509,土地2建物1車位0,全,四層,透天厝,住家用,鋼筋混凝土造,0900928,391.28,4,2,4,有,無,28000000,71560,,0.0,0,,RPOQMLMKNHGGFBJ97DA,332.71,14.25,3.38,無,
竹北市,車位,十興路３０５巷１３弄１４０號等公共設施,0.18,住,,,1100505,土地1建物1車位1,,,其他,,,,42.4,0,0,0,有,有,1200000,,坡道平面,42.4,0,僅車位交易；,RPQNMLSLOHGGFBJ68DA,0.0,0.0,0.0,有,0954
竹北市,土地,東興段1009地號,538.33,,特定農業區,農牧用地,1100520,土地2建物0車位0,,,其他,,,,0.0,0,0,0,有,無,14329920,26619,,0.0,0,,RPUNMLQLNHGGFBJ78DA,0.0,0.0,0.0,無,0955
竹北市,房地(土地+建物)+車位,新竹縣竹北市勝利七街二段１２０號五樓,40.89,住,,,1100530,土地1建物1車位1,五層,十五層,住宅大樓(11層含以上有電梯),住家用,鋼筋混凝土造,0960921,234.31,3,2,2,有,有,18000000,76821,坡道平面,0.0,0,,RPROMLLJOHGGFBJ97DA,132.42,5.55,9.4,有,
竹北市,房地(土地+建物)+車位,新竹縣竹北市十興路３０５巷１３弄１２０號十一樓之五,35.4,住,,,1100504,土地1建物1車位2,十一層,十五層,住宅大樓(11層含以上有電梯),住家用,鋼筋混凝土造,1080311,247.14000000000001,4,2,2,有,有,20000000,80926,坡道平面,70.77,0,,RPSNMLOKPHGGFBJ48DA,104.58,0.0,12.54,有,0956
竹北市,房地(土地+建物),新竹縣竹北市嘉政六街３１巷９號,137.15,住,,,1100522,土地1建物1車位0,全,四層,透天厝,住家用,鋼筋混凝土造,1030916,448.26,5,3,3,有,有,43680000,97443,,0.0,0,,RPRRMLOKPHGGFBJ78DA,331.37,21.76,7.17,有,0957
竹北市,房地(土地+建物)+車位,新竹縣竹北市復興三路一段３７號,121.46,住,,,1100508,土地1建物1車位1,全,四層,透天厝,住商用,鋼筋混凝土造,0930810,244.57,6,2,7,有,無,25000000,102220,一樓平面,0.0,0,,RPOOMLQKPHGGFBJ38DA,244.57,0.0,0.0,無,
湖口鄉,房地(土地+建物),新竹縣湖口鄉德和路７６巷３８弄２號,43.61,,鄉村區,乙種建築用地,1100524,土地1建物1車位0,一層,五層,華廈(10層含以下有電梯),住家用,鋼筋混凝土造,0891123,120.55,3,2,2,有,有,3800000,31522,,0.0,0,,RPRNMLNKPHGGFDJ48DA,90.74,0.0,8.34,有,
湖口鄉,房地(土地+建物),新竹縣湖口鄉長富路二段１２號,228.52,,特定農業區,農牧用地,1100507,土地2建物1車位0,全,三層,透天厝,住家用,鋼筋混凝土造,1030616,168.24,4,2,2,有,無,10500000,62411,,0.0,0,,RPSNMLOKPHGGFDJ68DA,168.24,0.0,0.0,無,
湖口鄉,房地(土地+建物),新竹縣湖口鄉仁愛路６４號二樓,31.5,,工業區,丁種建築用地,1100522,土地1建物1車位0,二層,四層,公寓(5樓含以下無電梯),住家用,鋼筋混凝土造,,75.51,2,2,1,有,無,2800000,37081,,0.0,0,,RPXOMLOLNHGGFDJ56DA,75.51,0.0,0.0,無,
竹北市,土地,府前段938地號,22.48,都市：其他:道路用地,,,1100518,土地1建物0車位0,,,其他,,,,0.0,0,0,0,有,無,1200000,53381,,0.0,0,包含公共設施保留地用地；,RPSNMLQKPHGGFBJ78EA,0.0,0.0,0.0,無,0958
新埔鎮,土地,下旱坑段717地號,263.05,,山坡地保育區,丙種建築用地,1100516,土地4建物0車位0,,,其他,,,,0.0,0,0,0,有,無,11500000,43718,,0.0,0,,RPWNMLPKPHGGFBJ09EA,0.0,0.0,0.0,無,0959
新豐鄉,房地(土地+建物),新竹縣新豐鄉泰安街１９巷２號,106.4,住,,,1100504,土地1建物1車位0,全,二層,透天厝,住家用,加強磚造,0670712,114.68,11,1,11,有,無,9500000,82839,,0.0,0,親友、員工、共有人或其他特殊關係間之交易；其他增建；,RPWNMLNKNHGGFDJ78DA,114.68,0.0,0.0,無,
湖口鄉,房地(土地+建物),新竹縣湖口鄉新生路１７５號,68.89,,工業區,丁種建築用地,1100507,土地1建物1車位0,全,四層,透天厝,住家用,鋼筋混凝土造,0940610,188.23,6,0,6,有,無,8500000,45158,,0.0,0,其他增建；,RPROMLLJOHGGFDJ18DA,183.16,4.04,1.03,無,
湖口鄉,房地(土地+建物),新竹縣湖口鄉錦州二街１７號五樓,29.3,,工業區,丁種建築用地,1100514,土地1建物1車位0,五層，夾層,五層,公寓(5樓含以下無電梯),住家用,鋼筋混凝土造,0970519,127.58,4,2,3,有,有,5450000,42718,,0.0,0,,RPVOMLQKOHGGFDJ56DA,90.24,6.13,9.97,無,
湖口鄉,房地(土地+建物),新竹縣湖口鄉民生街４１２巷８號,96.0,住,,,1100511,土地1建物1車位0,全,二層,透天厝,住家用,加強磚造,0790410,128.37,3,2,2,有,無,6060000,47207,,0.0,0,,RPWNMLTKPHGGFDJ96DA,107.86,14.88,5.63,無,
竹北市,房地(土地+建物)+車位,新竹縣竹北市聯發街３３號五樓,20.06,住,,,1100518,土地1建物1車位1,五層,十四層,住宅大樓(11層含以上有電梯),住家用,鋼筋混凝土造,1040519,132.81,2,2,1,有,有,11000000,82825,坡道平面,30.42,0,,RPPOMLQKPHGGFBJ48DA,58.3,6.02,4.71,有,0960
竹北市,土地,台元段419地號,16.42,都市：其他:道路用地,,,1100518,土地3建物0車位0,,,其他,,,,0.0,0,0,0,有,無,400000,24361,,0.0,0,包含公共設施保留地用地；,RPXOMLPKPHGGFBJ56DA,0.0,0.0,0.0,無,
竹北市,房地(土地+建物)+車位,新竹縣竹北市莊敬五街３３號十三樓,13.43,商,,,1100521,土地1建物1車位1,十三層,十四層,住宅大樓(11層含以上有電梯),住家用,鋼筋混凝土造,0940923,152.23000000000002,3,2,2,有,有,10000000,65690,坡道平面,0.0,0,,RPRNMLTKPHGGFBJ88DA,63.47,4.56,23.42,有,
竹北市,房地(土地+建物),新竹縣竹北市嘉勤南路９２號四樓,34.01,住,,,1100529,土地1建物1車位0,四層,五層,華廈(10層含以下有電梯),商業用,鋼筋混凝土造,0920903,100.91,6,0,6,有,無,7630000,75612,,0.0,0,,RPPQMLMJOHGGFBJ08DA,60.95,0.0,11.19,有,
竹北市,土地,興崙段273地號,432.47,農,,,1100520,土地1建物0車位0,,,其他,,,,0.0,0,0,0,有,無,17100000,39540,,0.0,0,,RPXOMLLLNHGGFBJ68DA,0.0,0.0,0.0,無,0961
竹北市,房地(土地+建物)+車位,新竹縣竹北市勝利一路１３０號五樓,12.71,商,,,1100522,土地1建物1車位1,五層,十五層,住宅大樓(11層含以上有電梯),住家用,鋼筋混凝土造,0941004,136.25,2,2,2,有,有,12500000,91743,坡道平面,22.84,0,陽台外推；,RPPSMLRLNHGGFBJ88DA,77.78,2.04,6.89,有,
竹東鎮,土地,重光段893地號,46.84,都市：其他:住一,,,1100514,土地2建物0車位0,,,其他,,,,0.0,0,0,0,有,無,3327000,71029,,0.0,0,,RPUNMLPKOHGGFCJ78DA,0.0,0.0,0.0,無,
竹東鎮,土地,重光段898-4地號,124.75,都市：其他:住一,,,1100514,土地4建物0車位0,,,其他,,,,0.0,0,0,0,有,無,10328000,82790,,0.0,0,,RPVNMLPKOHGGFCJ88DA,0.0,0.0,0.0,無,0962
湖口鄉,房地(土地+建物),新竹縣湖口鄉民享街１０號五樓之２,21.95,,工業區,丁種建築用地,1100529,土地1建物1車位0,五層，見其他登記事項,五層,華廈(10層含以下有電梯),住家用,鋼筋混凝土造,1000905,135.97,6,0,6,有,有,5900000,43392,,0.0,0,,RPVNMLTKPHGGFDJ86DA,57.64,12.94,5.88,有,0963
湖口鄉,房地(土地+建物),新竹縣湖口鄉瑞安街２０號,127.62,,鄉村區,乙種建築用地,1100518,土地1建物1車位0,全,二層,透天厝,住家用,加強磚造,,181.5,4,2,2,有,無,6500000,35813,,0.0,0,,RPTPMLSJOHGGFDJ56DA,181.5,0.0,0.0,無,
竹東鎮,房地(土地+建物),新竹縣竹東鎮北興路三段４９６號三樓,12.87,住,,,1100524,土地1建物1車位0,三層,十二層,住宅大樓(11層含以上有電梯),住家用,鋼筋混凝土造,0840519,121.64,3,2,2,有,有,3000000,24663,,0.0,0,親友、員工、共有人或其他特殊關係間之交易；,RPTNMLKLPHGGFCJ38DA,86.13,0.0,10.51,有,
竹東鎮,土地,柯子湖段95-29地號,133.0,,,,1100514,土地1建物0車位0,,,其他,,,,0.0,0,0,0,有,無,2413800,18149,,0.0,0,,RPUNMLSJPHGGFCJ09DA,0.0,0.0,0.0,無,0964
竹東鎮,土地,柯子湖段95-30地號,133.0,,,,1100514,土地1建物0車位0,,,其他,,,,0.0,0,0,0,有,無,2413800,18149,,0.0,0,,SPUNMLSJPHGGFCJ56DA,0.0,0.0,0.0,無,0965
湖口鄉,房地(土地+建物),新竹縣湖口鄉德和路７６巷７弄５號五樓,46.49,,鄉村區,乙種建築用地,1100516,土地1建物1車位0,五層,五層,華廈(10層含以下有電梯),住家用,鋼筋混凝土造,0891018,131.29,4,2,2,有,無,4000000,30467,,0.0,0,,RPPNMLOJOHGGFDJ18DA,100.5,0.0,8.78,有,
新豐鄉,土地,員興段188地號,52.0,,一般農業區,林業用地,1100503,土地1建物0車位0,,,其他,,,,0.0,0,0,0,有,無,430000,8269,,0.0,0,,RPRNMLOKPHGGFDJ58DA,0.0,0.0,0.0,無,
竹北市,房地(土地+建物),新竹縣竹北市中華路１巷２０弄１３號,80.36,住,,,1100513,土地2建物1車位0,全,四層,透天厝,住商用,鋼筋混凝土造,0881018,266.09,5,2,4,有,無,10500000,39460,,0.0,0,頂樓加蓋；其他增建；,RPVQMLSJPHGGFBJ76DA,208.64,34.47,22.98,無,
竹北市,房地(土地+建物)+車位,新竹縣竹北市中央路２４７號,20.55,住,,,1100530,土地1建物1車位1,一層,八層,華廈(10層含以下有電梯),住家用,鋼筋混凝土造,0841116,111.05999999999999,3,2,2,有,有,5750000,51774,坡道機械,0.0,0,其他增建；,RPPRMLLJOHGGFBJ08DA,71.64,11.43,0.0,有,
竹北市,房地(土地+建物)+車位,新竹縣竹北市六家五路二段２８０號二十四樓,67.81,住,,,1100510,土地1建物1車位3,二十四層,二十五層,住宅大樓(11層含以上有電梯),住家用,鋼筋混凝土造,1010924,518.16,6,2,4,有,有,39300000,85544,坡道平面,104.34,3900000,,RPUPMLMKPHGGFBJ68DA,258.31,4.44,18.26,有,
竹北市,房地(土地+建物),新竹縣竹北市民權街１７巷９號十二樓之六,7.38,商,,,1100519,土地1建物1車位0,十二層,十九層,住宅大樓(11層含以上有電梯),住家用,鋼筋混凝土造,0840420,96.1,2,1,2,有,無,5300000,55151,,0.0,0,,RPROMLLLPHGGFBJ28DA,72.05,0.0,3.14,無,0966
竹東鎮,房地(土地+建物)+車位,新竹縣竹東鎮榮華街５號二樓,34.29,住,,,1100508,土地1建物1車位1,二層,五層,華廈(10層含以下有電梯),住家用,鋼筋混凝土造,1100517,110.28,3,2,2,有,無,6950000,63021,升降機械,5.15,0,,RPPNMLRLOHGGFCJ58DA,66.76,0.0,7.94,有,
竹北市,房地(土地+建物)+車位,新竹縣竹北市勝利一路１５０號八樓,12.16,商,,,1100509,土地1建物1車位1,八層,十五層,住宅大樓(11層含以上有電梯),住家用,鋼筋混凝土造,0941004,133.33,3,2,2,有,有,12950000,97127,坡道平面,22.84,0,,RPOOMLMLPHGGFBJ18EA,76.47,1.36,3.6,有,0967
竹東鎮,房地(土地+建物),新竹縣竹東鎮自由街１２０巷１７號一樓,11.99,都市：其他:住一,,,1100513,土地1建物1車位0,一層,十一層,住宅大樓(11層含以上有電梯),住家用,鋼筋混凝土造,0851224,69.75,2,2,2,有,有,2950000,42294,,0.0,0,其他增建；,RPQNMLMLPHGGFCJ38EA,47.58,5.96,0.0,無,
竹北市,房地(土地+建物),新竹縣竹北市中正西路２８０巷１弄１５號三樓,23.65,住,,,1100511,土地1建物1車位0,三層,四層,公寓(5樓含以下無電梯),住家用,鋼筋混凝土造,0720630,88.38,3,2,1,有,無,3650000,41299,,0.0,0,,RPXNMLLLPHGGFBJ88EA,82.32,0.0,0.0,無,0968
竹東鎮,房地(土地+建物)+車位,新竹縣竹東鎮榮華街７號三樓,25.97,住,,,1100522,土地1建物1車位1,三層,五層,華廈(10層含以下有電梯),住家用,鋼筋混凝土造,1100517,84.55,2,2,1,有,無,5280000,62448,升降機械,5.16,0,,RPSNMLRLOHGGFCJ88DA,52.26,0.0,4.31,有,
竹東鎮,土地,下員段590地號,2910.0,農,,,1100517,土地3建物0車位0,,,其他,,,,0.0,0,0,0,有,無,69535800,23895,,0.0,0,,RPOOMLRJPHGGFCJ48DA,0.0,0.0,0.0,無,
芎林鄉,房地(土地+建物),新竹縣芎林鄉文富街１２巷１０號,90.2,住,,,1100528,土地3建物1車位0,全,四層,透天厝,住家用,鋼筋混凝土造,1091207,199.05,5,3,6,有,無,15500000,77870,,0.0,0,陽台外推；,RPSNMLKLPHGGFCJ28DA,175.54,0.0,23.51,有,
湖口鄉,房地(土地+建物),新竹縣湖口鄉中山路三段６１０巷２０弄２６號,18.21,,特定農業區,甲種建築用地,1100502,土地1建物1車位0,一層,七層,華廈(10層含以下有電梯),住家用,鋼筋混凝土造,0930515,76.96000000000001,3,0,3,有,有,2000000,25988,,0.0,0,,RPQNMLNJNHGGFDJ08DA,36.39,0.0,10.79,有,
竹北市,房地(土地+建物),新竹縣竹北市環北路一段３５０巷７１號,22.72,,特定農業區,甲種建築用地,1100528,土地1建物1車位0,一層,七層,華廈(10層含以下有電梯),住家用,鋼筋混凝土造,1100325,77.12,2,2,1,有,有,5460000,70799,,0.0,0,,RPUPMLQKOHGGFBJ98DA,56.34,0.0,0.0,有,
竹北市,房地(土地+建物)+車位,新竹縣竹北市十興路３０５巷１３弄１２０號四樓之一,27.55,住,,,1100513,土地1建物1車位1,四層,十五層,住宅大樓(11層含以上有電梯),住家用,鋼筋混凝土造,1080311,171.7,3,2,2,有,有,15200000,88526,坡道平面,34.32,0,,RPXRMLRKNHGGFBJ86DA,79.81,0.0,11.41,有,0969
竹北市,土地,家興段435地號,259.01,商,,,1100502,土地1建物0車位0,,,其他,,,,0.0,0,0,0,有,無,65810000,254083,,0.0,0,未登記建物；,RPRPMLRJNHGGFBJ58DA,0.0,0.0,0.0,無,
竹北市,房地(土地+建物)+車位,新竹縣竹北市高鐵七路６５號十六樓之二十二,6.01,商,,,1100516,土地1建物1車位2,十六層,十八層,住宅大樓(11層含以上有電梯),商業用,鋼筋混凝土造,0990208,80.7,1,1,1,有,有,5800000,71871,坡道機械,37.64,0,,RPQPMLTKNHGGFBJ78DA,24.49,0.0,3.1,有,
竹北市,土地,興崙段684地號,542.26,商,,,1100526,土地1建物0車位0,,,其他,,,,0.0,0,0,0,有,無,119000000,219452,,0.0,0,未登記建物；,RPXOMLPKOHGGFBJ09DA,0.0,0.0,0.0,無,
竹北市,土地,興崙段685地號,373.89,商,,,1100526,土地1建物0車位0,,,其他,,,,0.0,0,0,0,有,無,88218000,235946,,0.0,0,未登記建物；,RPVOMLPKOHGGFBJ88DA,0.0,0.0,0.0,無,
竹北市,土地,興崙段683地號,562.32,商,,,1100507,土地1建物0車位0,,,其他,,,,0.0,0,0,0,有,無,132678000,235948,,0.0,0,,RPOOMLPKOHGGFBJ18DA,0.0,0.0,0.0,無,
竹東鎮,土地,二重埔段243-9地號,330.58,工,,,1100526,土地1建物0車位0,,,其他,,,,0.0,0,0,0,有,無,7100000,21477,,0.0,0,農作物；,RPRNMLMLPHGGFCJ38DA,0.0,0.0,0.0,無,0970
竹東鎮,房地(土地+建物)+車位,新竹縣竹東鎮世界街７１巷５９號四樓,24.43,住,,,1100510,土地3建物1車位1,四層,八層,華廈(10層含以下有電梯),住家用,鋼筋混凝土造,0860616,112.34,3,2,2,有,有,3200000,28485,坡道平面,28.04,0,親友、員工、共有人或其他特殊關係間之交易；,RPOOMLNLPHGGFCJ38EA,54.72,0.33,6.39,有,
竹北市,房地(土地+建物),新竹縣竹北市鳳岡路二段３１６巷１０８弄２５號,69.97,,特定農業區,甲種建築用地,1100518,土地1建物1車位0,全,四層,透天厝,住家用,鋼筋混凝土造,1090813,172.01,4,2,4,有,有,9430000,54822,,0.0,0,,RPSOMLKLPHGGFBJ28DA,168.64,0.0,3.37,無,
竹北市,房地(土地+建物),新竹縣竹北市鳳岡路二段３１６巷１０８弄３２號,75.9,,特定農業區,甲種建築用地,1100510,土地1建物1車位0,全,四層,透天厝,住家用,鋼筋混凝土造,1090813,147.1,4,2,4,有,有,9000000,61183,,0.0,0,,RPTOMLKLPHGGFBJ38DA,143.73,0.0,3.37,無,
竹北市,房地(土地+建物),新竹縣竹北市四維街９５巷７之１號六樓,24.13,住,,,1100527,土地1建物1車位0,六層,六層,華廈(10層含以下有電梯),住家用,鋼筋混凝土造,0820501,116.97,3,2,2,有,有,6100000,52150,,0.0,0,陽台外推；,RPQNMLSJPHGGFBJ58DA,80.78,1.05,13.83,有,0971
關西鎮,土地,東光段160地號,147.25,工,,,1100508,土地2建物0車位0,,,其他,,,,0.0,0,0,0,有,無,6681000,45372,,0.0,0,親友、員工、共有人或其他特殊關係間之交易；,RPQOMLNLPHGGFBJ38DA,0.0,0.0,0.0,無,
關西鎮,土地,東光段161地號,167.59,工,,,1100508,土地2建物0車位0,,,其他,,,,0.0,0,0,0,有,無,7603500,45370,,0.0,0,親友、員工、共有人或其他特殊關係間之交易；,RPROMLNLPHGGFBJ48DA,0.0,0.0,0.0,無,
湖口鄉,土地,新盛段509-2地號,232.13,,鄉村區,乙種建築用地,1100509,土地1建物0車位0,,,其他,,,,0.0,0,0,0,有,無,8150000,35110,,0.0,0,,RPSOMLOKPHGGFDJ78DA,0.0,0.0,0.0,無,
湖口鄉,土地,新盛段510地號,53.36,,鄉村區,乙種建築用地,1100509,土地1建物0車位0,,,其他,,,,0.0,0,0,0,有,無,2630000,49288,,0.0,0,,RPUOMLOKPHGGFDJ98DA,0.0,0.0,0.0,無,
湖口鄉,房地(土地+建物),新竹縣湖口鄉鳳凰三街４９號,83.0,,工業區,丁種建築用地,1100527,土地1建物1車位0,全,四層,透天厝,住家用,鋼筋混凝土造,0941218,284.8,8,1,8,有,無,10000000,35112,,0.0,0,,RPXOMLRLPHGGFDJ07DA,235.44,17.47,31.89,無,
湖口鄉,房地(土地+建物)+車位,新竹縣湖口鄉蘭州三街２０號五樓之３,14.15,,工業區,丁種建築用地,1100510,土地1建物1車位1,五層,六層,華廈(10層含以下有電梯),住家用,鋼筋混凝土造,1090804,73.30000000000001,2,2,1,有,無,4380000,59754,坡道平面,0.0,0,,RPVNMLSLPHGGFDJ86DA,36.01,0.0,3.27,有,
竹北市,房地(土地+建物),新竹縣竹北市聯興三街３６１號,92.0,,特定農業區,甲種建築用地,1100518,土地1建物1車位0,全,四層,透天厝,住家用,鋼筋混凝土造,0910628,214.75,5,2,4,有,無,10900000,50757,,0.0,0,其他增建；,RPQNMLSLPHGGFBJ88EA,183.74,13.25,17.76,無,
寶山鄉,土地,雙園段48-73地號,39.6,都市：其他:園區服務區,,,1100513,土地1建物0車位0,,,其他,,,,0.0,0,0,0,有,無,894861,22598,,0.0,0,政府機關標讓售；,RPTNMLRLPHGGFCJ56EA,0.0,0.0,0.0,無,
關西鎮,土地,大旱坑段大東坑小段192-7地號,1448.06,,山坡地保育區,農牧用地,1100519,土地3建物0車位0,,,其他,,,,0.0,0,0,0,有,無,6570000,4537,,0.0,0,,RPROMLSLPHGGFBJ98DA,0.0,0.0,0.0,無,0616
竹北市,房地(土地+建物)+車位,新竹縣竹北市莊敬三路２７０號二十七樓,14.34,商,,,1100531,土地1建物1車位1,二十七層,二十九層,住宅大樓(11層含以上有電梯),住家用,鋼筋混凝土造,1040417,181.45,3,2,2,有,有,17550000,96721,坡道平面,0.0,0,,RPWOMLMJOHGGFBJ58DA,94.01,0.0,9.83,有,0973
竹北市,土地,舊港段漁寮小段192-1地號,1710.0,,特定農業區,農牧用地,1100515,土地2建物0車位0,,,其他,,,,0.0,0,0,0,有,無,16620000,9719,,0.0,0,,RPQNMLNLNHGGFBJ08DA,0.0,0.0,0.0,無,
竹北市,房地(土地+建物)+車位,新竹縣竹北市莊敬五街３１之１號二樓,16.35,商,,,1100526,土地1建物1車位1,二層,十四層,住宅大樓(11層含以上有電梯),住家用,鋼筋混凝土造,0940923,184.88,4,2,2,有,有,12800000,69238,坡道平面,0.0,0,親友、員工、共有人或其他特殊關係間之交易；,RPVNMLMJPHGGFBJ48DA,102.57,3.63,7.7,有,
竹北市,房地(土地+建物),新竹縣竹北市文興路一段８２號,166.1,住,,,1100513,土地1建物1車位0,全,五層,透天厝,住商用,鋼筋混凝土造,0960911,509.47,8,1,10,有,無,60000000,117769,,0.0,0,天井其他增建；,RPPPMLNLPHGGFBJ38DA,459.29,25.2,24.98,無,
竹北市,土地,竹仁段509-15地號,18.0,住,,,1100528,土地1建物0車位0,,,其他,,,,0.0,0,0,0,有,無,1258000,69889,,0.0,0,,RPTNMLTLPHGGFBJ56DA,0.0,0.0,0.0,無,
新豐鄉,房地(土地+建物),新竹縣新豐鄉康樂路一段３６１巷３４弄９號七樓,18.66,,一般農業區,甲種建築用地,1100515,土地1建物1車位0,七層,七層,華廈(10層含以下有電梯),住家用,鋼筋混凝土造,0971226,84.37,4,0,4,有,有,3200000,37928,,0.0,0,,RPSNMLMJQHGGFDJ48DA,46.33,9.95,5.29,有,0974
竹東鎮,土地,陸豐段596地號,791.15,,特定農業區,農牧用地,1100505,土地2建物0車位0,,,其他,,,,0.0,0,0,0,有,無,3948828,4991,,0.0,0,,RPQOMLSLPHGGFCJ98DA,0.0,0.0,0.0,無,0975
竹東鎮,土地,陸豐段591地號,1564.38,,特定農業區,農牧用地,1100505,土地2建物0車位0,,,其他,,,,0.0,0,0,0,有,無,7808212,4991,,0.0,0,,RPSOMLSLPHGGFCJ56DA,0.0,0.0,0.0,無,0975
竹北市,房地(土地+建物)+車位,新竹縣竹北市嘉豐一街１１２號四樓,29.16,住,,,1100515,土地1建物1車位1,四層,八層,華廈(10層含以下有電梯),住家用,鋼筋混凝土造,1010416,184.73000000000002,3,2,2,有,有,15380000,83257,升降平面,0.0,0,陽台外推；,RPUOMLMJQHGGFBJ68EA,75.12,15.65,10.15,有,0977
竹北市,房地(土地+建物)+車位,新竹縣竹北市新工五路５１號三樓之三,20.99,住,,,1100519,土地1建物1車位1,三層,十二層,住宅大樓(11層含以上有電梯),住家用,鋼筋混凝土造,0970515,124.81,4,2,2,有,有,6200000,49676,坡道平面,0.0,0,,RPRNMLOKPHGGFBJ48EA,56.41,9.87,5.13,有,0978
竹東鎮,土地,二重埔段230-10地號,441.0,工,,,1100522,土地1建物0車位0,,,其他,,,,0.0,0,0,0,有,無,10270000,23288,,0.0,0,農作物；,RPTNMLNKPHGGFCJ58DA,0.0,0.0,0.0,無,0979
竹北市,房地(土地+建物)+車位,新竹縣竹北市北新一街８號九樓,11.61,商,,,1100523,土地1建物1車位1,九層,二十四層,住宅大樓(11層含以上有電梯),住家用,鋼筋混凝土造,1080416,132.25,2,2,1,有,有,10650000,80529,坡道平面,28.17,0,,RPQNMLLMPHGGFBJ18DA,65.2,0.0,5.7,有,0980
竹北市,房地(土地+建物)+車位,新竹縣竹北市莊敬北路５６７號二樓,17.28,住,,,1100523,土地1建物1車位1,二層,十四層,住宅大樓(11層含以上有電梯),住家用,鋼筋混凝土造,1041105,128.88,2,2,1,有,有,8900000,69056,坡道平面,38.04,0,,RPSQMLNJQHGGFBJ78EA,55.7,0.0,4.88,有,0981
竹北市,房地(土地+建物)+車位,新竹縣竹北市嘉興二街２５號四樓,29.02,住,,,1100516,土地1建物1車位2,四層,十四層,住宅大樓(11層含以上有電梯),住家用,鋼筋混凝土造,1040901,221.97,3,2,2,有,有,18300000,82444,坡道平面,0.0,2600000,,RPTQMLNJQHGGFBJ88EA,90.57,5.45,11.19,有,0982
關西鎮,土地,馬武督段赤柯山小段105-4地號,1591.0,,山坡地保育區,農牧用地,1100510,土地1建物0車位0,,,其他,,,,0.0,0,0,0,有,無,604580,380,,0.0,0,親友、員工、共有人或其他特殊關係間之交易；,RPTNMLLLOHGGFBJ38EA,0.0,0.0,0.0,無,
竹東鎮,土地,二重埔段243-34地號,322.0,工,,,1100524,土地1建物0車位0,,,其他,,,,0.0,0,0,0,有,無,7419000,23040,,0.0,0,,RPPNMLNJPHGGFCJ08DA,0.0,0.0,0.0,無,0983
湖口鄉,房地(土地+建物),新竹縣湖口鄉中山路一段１３２號三樓之７,16.53,,特定農業區,甲種建築用地,1100503,土地1建物1車位0,三層,六層,華廈(10層含以下有電梯),辦公用,鋼筋混凝土造,0960228,69.22,2,2,2,有,有,3660000,52875,,0.0,0,夾層；,RPTNMLNLNHGGFDJ58DA,34.66,0.0,10.09,有,
竹北市,房地(土地+建物)+車位,新竹縣竹北市興隆路三段３０１號十八樓,72.07,住,,,1100515,土地1建物1車位3,十八層,二十五層,住宅大樓(11層含以上有電梯),住家用,鋼筋混凝土造,1001223,483.25,4,2,3,有,有,39500000,88520,坡道平面,90.12,4700000,,RPUQMLOKPHGGFBJ98DA,221.08,10.89,26.3,有,
竹北市,房地(土地+建物)+車位,新竹縣竹北市文仁街９６號四樓,35.48,住,,,1100516,土地1建物1車位2,四層,十二層,住宅大樓(11層含以上有電梯),住家用,鋼筋混凝土造,0960429,250.28,4,2,2,有,有,18900000,75515,坡道平面,53.42,0,陽台外推；,RPTOMLSJPHGGFBJ98DA,121.17,10.07,13.2,有,0984
竹東鎮,土地,頭重埔段237-178地號,476.0,工,,,1100515,土地3建物0車位0,,,其他,,,,0.0,0,0,0,有,無,10129000,21279,,0.0,0,,RPROMLOJQHGGFCJ68EA,0.0,0.0,0.0,無,
竹東鎮,房地(土地+建物),新竹縣竹東鎮北興路三段５３８號一樓,12.43,住,,,1100527,土地1建物1車位0,一層,九層,華廈(10層含以下有電梯),住家用,鋼筋混凝土造,0820925,81.69,3,2,2,有,有,3550000,43457,,0.0,0,,RPROMLMJQHGGFCJ38DA,58.71,7.5,0.0,有,0985
湖口鄉,房地(土地+建物)+車位,新竹縣湖口鄉吉祥街８０號八樓之１０,34.29,,鄉村區,乙種建築用地,1100522,土地2建物1車位1,八層,十層,華廈(10層含以下有電梯),住家用,鋼筋混凝土造,1090715,168.18,3,2,2,有,有,7900000,46973,坡道平面,33.26,0,,RPROMLPJQHGGFDJ78DA,79.13,3.44,9.08,有,
新豐鄉,房地(土地+建物),新竹縣新豐鄉員山１３１之３９號,85.05,,山坡地保育區,丙種建築用地,1100528,土地3建物1車位0,全,三層,透天厝,住家用,鋼筋混凝土造,1100129,159.04,3,2,3,有,無,9180000,57721,,0.0,0,預售屋、或土地及建物分件登記案件；,RPRNMLNLPHGGFDJ58DA,143.74,0.0,15.3,無,
新豐鄉,房地(土地+建物)+車位,新竹縣新豐鄉光明街２８巷２號十三樓之２,28.07,商,,,1100514,土地2建物1車位1,十三層,十三層,住宅大樓(11層含以上有電梯),住家用,鋼筋混凝土造,1080222,146.41,3,2,2,有,無,8000000,63706,坡道平面,33.39,800000,,RPUTMLTLOHGGFDJ37DA,62.47,7.43,5.37,有,
新埔鎮,土地,下寮段911地號,122.05,,山坡地保育區,農牧用地,1100531,土地1建物0車位0,,,其他,,,,0.0,0,0,0,有,無,738400,6050,,0.0,0,親友、員工、共有人或其他特殊關係間之交易；,RPSNMLRKOHGGFBJ68DA,0.0,0.0,0.0,無,0986
新埔鎮,土地,南平段349-2地號,1935.05,,山坡地保育區,農牧用地,1100517,土地2建物0車位0,,,其他,,,,0.0,0,0,0,有,無,7160000,3700,,0.0,0,,RPOSMLRKNHGGFBJ68DA,0.0,0.0,0.0,無,
竹東鎮,房地(土地+建物),新竹縣竹東鎮中興路一段１０８巷３０弄１８號,122.67,,山坡地保育區,丙種建築用地,1100511,土地2建物1車位0,全,四層,透天厝,住家用,鋼骨造,1060928,246.08,4,2,3,有,無,12500000,50796,,0.0,0,陽台外推；,RPTNMLPJQHGGFCJ78DA,216.56,5.75,23.77,無,0987
竹東鎮,房地(土地+建物)+車位,新竹縣竹東鎮北興路二段３０１巷６號五樓,31.13,住,,,1100507,土地2建物1車位1,五層,七層,華廈(10層含以下有電梯),住家用,鋼筋混凝土造,0961016,155.93,3,2,2,有,有,7700000,49381,坡道平面,0.0,0,其他增建；,RPPNMLKKQHGGFCJ08EA,78.61,0.98,7.45,有,0988
尖石鄉,土地,那羅段368地號,14929.0,,山坡地保育區,農牧用地,1100531,土地10建物0車位0,,,其他,,,,0.0,0,0,0,有,無,40000000,2679,,0.0,0,1.買方另支付土地增值稅114997及代書費、規費15500元。2.土地上含有溫泉水權。含土地增值稅或其他稅費；含地政士服務費；未登記建物；機電設備；,RPSNMLKKQHGGFCJ28DA,0.0,0.0,0.0,無,0989
竹東鎮,房地(土地+建物)+車位,新竹縣竹東鎮龍鳳路３０之２號五樓,23.55,商,,,1100527,土地1建物1車位1,五層,十五層,住宅大樓(11層含以上有電梯),住家用,鋼筋混凝土造,1100317,163.56,3,2,2,有,有,9500000,58083,坡道平面,30.57,0,,RPXNMLKKQHGGFCJ78DA,82.17,0.0,9.26,有,0990
湖口鄉,土地,成功段85地號,1292.69,工,,,1100514,土地2建物0車位0,,,其他,,,,0.0,0,0,0,有,無,64000000,49509,,0.0,0,,RPRNMLSLPHGGFDJ09DA,0.0,0.0,0.0,無,
湖口鄉,土地,綠園段864地號,13.2,,鄉村區,乙種建築用地,1100530,土地1建物0車位1,,,其他,,,,0.0,0,0,0,無,有,500000,37879,坡道平面,0.0,0,本案為車位移轉含車位公設及車位基地持分,RPPTMLTJQHGGFDJ86DA,0.0,0.0,0.0,有,
竹東鎮,房地(土地+建物)+車位,新竹縣竹東鎮北興路一段５６０巷８號七樓,16.36,住,,,1100516,土地1建物1車位1,七層,十層,華廈(10層含以下有電梯),辦公用,鋼筋混凝土造,0991231,95.62,3,2,2,有,有,6000000,62748,坡道平面,0.0,0,夾層；,RPTNMLNKQHGGFCJ78EA,39.31,2.53,3.26,有,
湖口鄉,土地,和興段1446-1地號,1139.81,,特定農業區,甲種建築用地,1100526,土地3建物0車位0,,,其他,,,,0.0,0,0,0,有,無,19300000,16933,,0.0,0,,RPUNMLKKQHGGFDJ58DA,0.0,0.0,0.0,無,
竹東鎮,房地(土地+建物)+車位,新竹縣竹東鎮世界街７１巷２７號四樓,22.62,住,,,1100507,土地3建物1車位1,四層,四層,公寓(5樓含以下無電梯),住家用,鋼筋混凝土造,0851231,104.59,3,2,2,有,有,2800000,26771,坡道平面,28.04,0,親友、員工、共有人或其他特殊關係間之交易；,RPXNMLLKQHGGFCJ88DA,51.8,0.33,5.77,無,0991
湖口鄉,房地(土地+建物),新竹縣湖口鄉安宅十街４９號四樓,15.28,,工業區,丁種建築用地,1100501,土地1建物1車位0,四層,五層,華廈(10層含以下有電梯),住家用,鋼筋混凝土造,1100322,60.480000000000004,2,1,2,有,有,4150000,68618,,0.0,0,,RPSNMLNKQHGGFDJ68DA,46.03,0.0,4.28,有,
湖口鄉,房地(土地+建物),新竹縣湖口鄉安宅十街５１號三樓之１,15.28,,工業區,丁種建築用地,1100508,土地1建物1車位0,三層,五層,華廈(10層含以下有電梯),住家用,鋼筋混凝土造,1100322,60.480000000000004,2,1,2,有,有,3900000,64484,,0.0,0,,RPTNMLNKQHGGFDJ78DA,46.03,0.0,4.28,有,
湖口鄉,房地(土地+建物),新竹縣湖口鄉安宅十街４９號二樓,15.28,,工業區,丁種建築用地,1100504,土地1建物1車位0,二層,五層,華廈(10層含以下有電梯),住家用,鋼筋混凝土造,1100322,60.480000000000004,2,1,2,有,有,3850000,63657,,0.0,0,,RPUNMLNKQHGGFDJ88DA,46.03,0.0,4.28,有,
湖口鄉,房地(土地+建物),新竹縣湖口鄉安宅十街５１號四樓,15.28,,工業區,丁種建築用地,1100501,土地1建物1車位0,四層,五層,華廈(10層含以下有電梯),住家用,鋼筋混凝土造,1100322,60.480000000000004,2,1,2,有,有,3900000,64484,,0.0,0,,RPVNMLNKQHGGFDJ98DA,46.03,0.0,4.28,有,
湖口鄉,土地,中義段61地號,590.26,都市：其他:住(一),,,1100531,土地3建物0車位0,,,其他,,,,0.0,0,0,0,有,無,50000000,84708,,0.0,0,,RPVNMLQJQHGGFDJ56DA,0.0,0.0,0.0,無,
竹北市,土地,三崁店段水坑口小段68地號,441.93,,特定農業區,農牧用地,1100520,土地1建物0車位0,,,其他,,,,0.0,0,0,0,有,無,10500000,23759,,0.0,0,,RPPNMLMLPHGGFBJ08DA,0.0,0.0,0.0,無,
竹北市,房地(土地+建物)+車位,新竹縣竹北市光明六路東二段３７１號十樓,47.25,住,,,1100505,土地1建物1車位2,十層,二十四層,住宅大樓(11層含以上有電梯),住家用,鋼筋混凝土造、鋼骨鋼筋混凝土造,1070809,327.38,3,2,2,有,有,43000000,151344,坡道平面,62.42,2900000,,RPTNMLQKNHGGFBJ58DA,150.49,12.23,14.88,有,
竹北市,土地,貓兒錠段後面小段596-1地號,19.87,,特定農業區,甲種建築用地,1100517,土地1建物0車位0,,,其他,,,,0.0,0,0,0,有,無,287700,14479,,0.0,0,,RPWNMLPJPHGGFBJ88DA,0.0,0.0,0.0,無,0992
竹北市,房地(土地+建物)+車位,新竹縣竹北市莊敬三路２６２號十九樓,14.83,商,,,1100512,土地1建物1車位1,十九層,二十九層,住宅大樓(11層含以上有電梯),住家用,鋼筋混凝土造,1040417,185.48000000000002,3,2,2,有,有,16150000,87071,坡道平面,0.0,0,,RPTOMLQJPHGGFBJ78DA,97.01,0.0,9.68,有,0993
竹北市,土地,社北段88地號,165.29,,,,1100508,土地1建物0車位0,,,其他,,,,0.0,0,0,0,有,無,5000000,30250,,0.0,0,包含公共設施保留地用地；,RPWPMLQKQHGGFBJ76DA,0.0,0.0,0.0,無,0994
竹北市,土地,社北段88地號,826.45,,,,1100508,土地1建物0車位0,,,其他,,,,0.0,0,0,0,有,無,25000000,30250,,0.0,0,包含公共設施保留地用地；,RPXPMLQKQHGGFBJ86DA,0.0,0.0,0.0,無,0994
新豐鄉,房地(土地+建物),新竹縣新豐鄉坪頂一街１３２號,70.46,,鄉村區,乙種建築用地,1100529,土地5建物1車位0,全,四層,透天厝,住家用,鋼筋混凝土造,1010910,164.26,4,2,3,有,無,10800000,65749,,0.0,0,增建頂樓採光罩、前院採光罩其他增建；,RPSNMLOJQHGGFDJ68DA,147.17,3.12,13.97,無,0996
竹東鎮,土地,二重埔段240-5地號,272.92,工,,,1100525,土地1建物0車位0,,,其他,,,,0.0,0,0,0,有,無,3880000,14217,,0.0,0,,RPXNMLKLQHGGFCJ88DA,0.0,0.0,0.0,無,0997
竹東鎮,土地,柯子湖段39-19地號,199.0,工,,,1100526,土地1建物0車位0,,,其他,,,,0.0,0,0,0,有,無,3900000,19598,,0.0,0,,RPPNMLSKQHGGFCJ78DA,0.0,0.0,0.0,無,0998
竹北市,車位,新竹縣竹北市嘉豐六路二段８５號,1.55,住,,,1100505,土地1建物1車位1,一層,十四層,其他,商業用,鋼筋混凝土造,0980106,31.330000000000002,0,0,0,有,有,400000,,坡道平面,31.33,400000,僅車位交易；,RPPPMLQLPHGGFBJ68DA,0.0,0.0,0.0,有,0318
新埔鎮,土地,文山段438-1地號,1952.48,,山坡地保育區,特定目的事業用地,1100504,土地1建物0車位0,,,其他,,,,0.0,0,0,0,有,無,36758196,18826,,0.0,0,含土地增值稅或其他稅費；其他 土地變更回饋金:6455875元；,RPSNMLOJQHGGFBJ48DA,0.0,0.0,0.0,無,
竹北市,房地(土地+建物)+車位,新竹縣竹北市莊敬三路２６０號十五樓,18.29,商,,,1100509,土地1建物1車位1,十五層,二十九層,住宅大樓(11層含以上有電梯),住家用,鋼筋混凝土造,1040417,224.57999999999998,4,2,2,有,有,26600000,118443,坡道平面,0.0,0,,RPQOMLNLQHGGFBJ48DA,123.88,0.0,9.63,有,1000
新豐鄉,房地(土地+建物),新竹縣新豐鄉坑子口４５８之２０號,228.0,,特定農業區,農牧用地,1100502,土地4建物1車位0,全,四層,透天厝,住家用,鋼筋混凝土造,1100622,164.24,4,2,3,有,有,8270000,50353,,0.0,0,預售屋、或土地及建物分件登記案件；,RPSNMLPKQHGGFDJ88DA,158.75,0.0,5.49,無,
寶山鄉,土地,雙園段1019-2地號,1240.39,都市：其他:保護區,,,1100517,土地1建物0車位0,,,其他,,,,0.0,0,0,0,有,無,5600000,4515,,0.0,0,,RPQOMLPLQHGGFCJ88EA,0.0,0.0,0.0,無,
竹東鎮,房地(土地+建物)+車位,新竹縣竹東鎮光明路１２６巷６５弄１０號七樓,32.44,都市：其他:科技商務服務專用區,,,1100522,土地2建物1車位2,七層,十四層,住宅大樓(11層含以上有電梯),住家用,鋼筋混凝土造,1040713,214.87,3,2,2,有,有,11330000,52732,坡道平面,0.0,2050000,,RPSNMLPLQHGGFCJ98EA,103.69,0.0,5.82,有,1001
竹北市,房地(土地+建物)+車位,新竹縣竹北市六家五路二段２７０號二十四樓,67.81,住,,,1100528,土地1建物1車位2,二十四層,二十五層,住宅大樓(11層含以上有電梯),住家用,鋼筋混凝土造,1010924,483.38,6,2,4,有,有,38200000,85544,坡道平面,69.56,2800000,,RPVOMLQKQHGGFBJ56DA,258.31,4.44,18.26,有,
竹北市,房地(土地+建物)+車位,新竹縣竹北市興隆路三段３０３號十八樓,72.07,住,,,1100515,土地1建物1車位3,十八層,二十五層,住宅大樓(11層含以上有電梯),住家用,鋼筋混凝土造,1001223,483.25,4,2,3,有,有,39500000,88266,坡道平面,90.12,4800000,,RPVTMLQLNHGGFBJ86DA,221.08,10.89,26.3,有,
新豐鄉,房地(土地+建物)+車位,新竹縣新豐鄉建興路二段６９０之１號十一樓,24.67,住,,,1100516,土地1建物1車位1,十一層,十二層,住宅大樓(11層含以上有電梯),住家用,鋼筋混凝土造,1100623,110.50999999999999,2,2,2,有,有,6200000,60772,坡道平面,26.59,1100000,,RPPPMLTJQHGGFDJ09DA,56.24,0.0,6.41,有,
竹北市,房地(土地+建物)+車位,新竹縣竹北市自強三路６１號十七樓,19.11,商,,,1100523,土地1建物1車位1,十七層,十九層,住宅大樓(11層含以上有電梯),住家用,鋼筋混凝土造,1010808,191.04000000000002,3,2,2,有,有,20120000,105318,坡道平面,30.14,0,,RPXOMLOLQHGGFBJ76EA,95.3,7.61,9.46,有,1002
芎林鄉,土地,新鳳段527地號,1513.0,,特定農業區,農牧用地,1100501,土地1建物0車位0,,,其他,,,,0.0,0,0,0,有,無,9840000,6504,,0.0,0,,RPUOMLRKOHGGFCJ09DA,0.0,0.0,0.0,無,
湖口鄉,房地(土地+建物),新竹縣湖口鄉仁愛路８０號三樓之３,15.46,,工業區,丁種建築用地,1100506,土地1建物1車位0,三層,五層,華廈(10層含以下有電梯),住家用,鋼筋混凝土造,1100317,59.24,3,1,1,有,有,4100000,69210,,0.0,0,,RPPNMLSLQHGGFDJ98DA,50.3,0.0,1.79,有,
竹北市,土地,社北段567地號,599.03,農,,,1100515,土地2建物0車位0,,,其他,,,,0.0,0,0,0,有,無,23990000,40048,,0.0,0,,RPUNMLRKQHGGFBJ09DA,0.0,0.0,0.0,無,
新豐鄉,房地(土地+建物),新竹縣新豐鄉坑子口４５８之１１號,255.0,,特定農業區,甲種建築用地,1100522,土地4建物1車位0,全,四層,透天厝,住家用,鋼筋混凝土造,1100622,167.46,4,2,3,有,有,9050000,54043,,0.0,0,預售屋、或土地及建物分件登記案件；,RPPOMLRLQHGGFDJ98DA,162.1,0.0,5.36,無,
新豐鄉,房地(土地+建物),新竹縣新豐鄉坑子口４５８之２９號,229.0,,特定農業區,農牧用地,1100504,土地4建物1車位0,全,四層,透天厝,住家用,鋼筋混凝土造,1100622,169.7,4,2,3,有,有,8250000,48615,,0.0,0,預售屋、或土地及建物分件登記案件；,RPROMLRLQHGGFDJ56DA,156.47,0.0,13.23,無,
竹北市,房地(土地+建物)+車位,新竹縣竹北市華興三街７號七樓,26.03,住,,,1100509,土地1建物1車位1,七層,十四層,住宅大樓(11層含以上有電梯),住家用,鋼筋混凝土造,1040809,176.48,3,2,2,有,有,16500000,93495,坡道平面,28.0,0,,RPVOMLNKNHGGFBJ58DA,90.39,5.32,8.36,有,1003
竹北市,房地(土地+建物)+車位,新竹縣竹北市復興三路一段１９７號四樓之二,49.98,住,,,1100515,土地1建物1車位2,四層,二十二層,住宅大樓(11層含以上有電梯),住家用,鋼筋混凝土造,1071121,347.22,4,2,3,有,無,36580000,115801,坡道平面,57.24,3000000,,RPWOMLSLNHGGFBJ66DA,164.82,0.0,25.55,有,
新豐鄉,房地(土地+建物),新竹縣新豐鄉坑子口５５６之２號,4008.0,,特定農業區,農牧用地,1100517,土地1建物1車位0,全,三層,透天厝,農業用,鋼筋混凝土造,0960205,534.33,8,4,6,有,無,22000000,41173,,0.0,0,含土地增值稅或其他稅費；,RPUOMLRLQHGGFDJ86DA,515.02,0.0,19.31,無,
竹北市,房地(土地+建物)+車位,新竹縣竹北市嘉興路３３８巷１８號四樓,21.02,住,,,1100523,土地1建物1車位1,四層,十二層,住宅大樓(11層含以上有電梯),住家用,鋼筋混凝土造,1030228,136.8,2,2,1,有,有,10680000,78070,坡道平面,35.96,0,陽台外推；,RPQPMLQJRHGGFBJ88EA,59.17,0.0,9.49,有,1004
竹東鎮,土地,二重埔段223-51地號,78.39,工,,,1100522,土地1建物0車位0,,,其他,,,,0.0,0,0,0,有,無,1350000,17222,,0.0,0,農作物；,RPRNMLQJRHGGFCJ88EA,0.0,0.0,0.0,無,
竹北市,房地(土地+建物)+車位,新竹縣竹北市光明六路東二段３７５號十樓,41.52,住,,,1100514,土地1建物1車位1,十層,二十四層,住宅大樓(11層含以上有電梯),住家用,鋼筋混凝土造、鋼骨鋼筋混凝土造,1070809,265.42,2,2,2,有,有,36950000,151360,坡道平面,31.21,1500000,,RPRNMLQKNHGGFBJ38DA,133.4,9.81,13.76,有,
湖口鄉,土地,中義段109-14地號,3404.04,都市：其他:住(一),,,1100518,土地29建物0車位0,,,其他,,,,0.0,0,0,0,有,無,278025000,81675,,0.0,0,,RPVNMLLMQHGGFDJ98DA,0.0,0.0,0.0,無,
芎林鄉,房地(土地+建物),新竹縣芎林鄉福昌街５６５巷１２弄９號,70.16,,特定農業區,甲種建築用地,1100523,土地2建物1車位0,全,四層,透天厝,住家用,鋼筋混凝土造,1100503,177.16,5,2,4,有,無,11200000,63220,,0.0,0,,RPUNMLSJRHGGFCJ76EA,159.41,0.0,17.75,無,
關西鎮,土地,馬武督段馬武督小段235-4地號,6262.0,,山坡地保育區,農牧用地,1100517,土地19建物0車位0,,,其他,,,,0.0,0,0,0,有,無,9300000,1485,,0.0,0,農業設施；,RPQOMLRKQHGGFBJ78DA,0.0,0.0,0.0,無,
竹北市,房地(土地+建物)+車位,新竹縣竹北市興隆路三段３０３號十七樓,72.07,住,,,1100507,土地1建物1車位3,十七層,二十五層,住宅大樓(11層含以上有電梯),住家用,鋼筋混凝土造,1001223,483.25,4,2,3,有,有,39980000,90250,坡道平面,90.12,4500000,,RPRTMLQLNHGGFBJ09DA,221.08,10.89,26.3,有,
竹北市,房地(土地+建物)+車位,新竹縣竹北市文興路二段６８號十五樓之三,39.87,住,,,1100418,土地1建物1車位2,十五層,十九層,住宅大樓(11層含以上有電梯),住家用,鋼筋混凝土造,0970201,261.06,4,2,2,有,有,27600000,105723,坡道平面,60.24,0,其中一車位交易價格為750000元,RPXNMLTKNHGGFBJ66DA,125.29,11.58,5.1,有,1005
竹北市,車位,嘉興路１６８巷７號等公共設施,0.9,商,,,1100411,土地2建物1車位1,,,其他,,,,40.21,0,0,0,有,有,1100000,,坡道平面,40.21,1100000,僅車位交易；,RPOUMLRLNHGGFBJ98DA,0.0,0.0,0.0,有,1006
竹北市,車位,嘉興路１６８巷７號等公共設施,0.9,商,,,1100430,土地2建物1車位1,,,其他,,,,40.21,0,0,0,有,有,1050000,,坡道平面,40.21,1050000,僅車位交易；,RPUUMLRLNHGGFBJ96DA,0.0,0.0,0.0,有,1006
竹北市,房地(土地+建物)+車位,新光一街５２號二樓,15.61,住,,,1100412,土地1建物1車位1,二層,十三層,住宅大樓(11層含以上有電梯),住家用,鋼筋混凝土造,1030826,120.86,2,2,1,有,有,7450000,61642,坡道平面,36.61,0,,RPQNMLSLNHGGFBJ58DA,45.92,3.48,8.02,有,1008
竹北市,房地(土地+建物)+車位,成功九街９０號十三樓,42.73,住,,,1100427,土地1建物1車位1,十三層,十五層,住宅大樓(11層含以上有電梯),住家用,鋼筋混凝土造,1050325,225.31,4,2,2,有,有,26600000,118060,坡道平面,22.23,0,陽台外推；其他增建；,RPPOMLLJOHGGFBJ77DA,118.8,14.05,12.35,有,1009
竹北市,車位,興隆路二段３４３號等公共設施,3.36,住,,,1100401,土地1建物1車位1,,,其他,,,,31.26,0,0,0,有,有,1600000,,坡道平面,31.26,1600000,僅車位交易；,RPVQMLMJOHGGFBJ68DA,0.0,0.0,0.0,有,0514
竹北市,車位,興隆路二段３４３號等公共設施,10.07,住,,,1100401,土地1建物1車位3,,,其他,,,,83.43,0,0,0,有,有,4500000,,坡道平面,83.42,4500000,僅車位交易；,RPORMLMJOHGGFBJ08DA,0.0,0.0,0.0,有,0514
竹北市,房地(土地+建物)+車位,成功一街１１０號十樓,43.62,住,,,1100419,土地1建物1車位2,十層,十四層,住宅大樓(11層含以上有電梯),住家用,鋼筋混凝土造,1010403,287.67,4,2,2,有,有,30660000,106580,坡道平面,61.2,0,,RPTNMLNJOHGGFBJ28DA,138.47,6.85,13.17,有,
竹北市,房地(土地+建物)+車位,六家五路一段３５０號九樓,39.92,住,,,1100422,土地1建物1車位1,九層,二十二層,住宅大樓(11層含以上有電梯),住家用,鋼筋混凝土造,1060705,204.15,4,2,2,有,有,26000000,127357,坡道平面,38.83,0,,RPWPMLNJOHGGFBJ78DA,101.23,0.0,10.3,有,1012
竹北市,房地(土地+建物),十興路３０５巷１３弄２５號,68.55,住,,,1100415,土地1建物1車位0,全,四層,透天厝,住家用,鋼筋混凝土造,0841117,184.52,5,2,4,有,無,8500000,46065,,0.0,0,親友、員工、共有人或其他特殊關係間之交易；,RPOOMLOJOHGGFBJ97DA,160.01,3.55,20.96,無,1013
竹北市,房地(土地+建物)+車位,嘉政七街１０６號十樓,29.56,住,,,1100410,土地1建物1車位2,十層,十三層,住宅大樓(11層含以上有電梯),住家用,鋼筋混凝土造,1050803,214.2,3,2,2,有,有,21880000,102148,坡道平面,0.0,0,,RPPNMLRJOHGGFBJ28DA,82.7,4.03,9.58,有,1014
竹北市,房地(土地+建物)+車位,福興一路２６號七樓之一,14.61,商,,,1100413,土地1建物1車位1,七層,十五層,住宅大樓(11層含以上有電梯),住家用,鋼筋混凝土造,0991120,153.52999999999997,3,2,2,有,有,12000000,78161,坡道平面,0.0,0,,RPQNMLRJOHGGFBJ38DA,78.76,2.27,5.0,有,1015
竹北市,房地(土地+建物)+車位,光明五街３４９號八樓之一,30.94,商,,,1100429,土地1建物1車位1,八層，九層,九層,華廈(10層含以下有電梯),住家用,鋼筋混凝土造,0851209,181.53,5,2,2,有,有,10500000,57842,升降機械,0.0,0,,RPSPMLTJOHGGFBJ98DA,117.7,0.0,16.86,有,1016
竹北市,房地(土地+建物)+車位,自強南路５９巷１號五樓之六,10.86,住,,,1100428,土地1建物1車位1,五層,十四層,住宅大樓(11層含以上有電梯),住商用,鋼筋混凝土造,0930611,70.67,1,1,1,有,有,6360000,89996,坡道機械,0.0,0,,RPROMLTJOHGGFBJ78DA,32.78,2.04,2.86,有,1017
竹東鎮,房地(土地+建物)+車位,中興路三段３９０號一樓,63.72,都市：其他:住一,,,1100423,土地1建物1車位1,一層，二層，騎樓,十二層,住宅大樓(11層含以上有電梯),商辦用,鋼筋混凝土造,0850507,483.47,0,0,0,無,有,20800000,43022,坡道機械,0.0,0,,RPPTMLLMNHGGFCJ58DA,341.82,5.85,28.65,有,
寶山鄉,土地,洽水段344地號,486.64,,山坡地保育區,丙種建築用地,1100424,土地1建物0車位0,,,其他,,,,0.0,0,0,0,有,無,9500000,19522,,0.0,0,,RPROMLLMNHGGFCJ28DA,0.0,0.0,0.0,無,
竹東鎮,房地(土地+建物),光明路８３１巷８號,115.86,,特定農業區,甲種建築用地,1100428,土地4建物1車位0,全,四層,透天厝,住家用,鋼筋混凝土造,1070608,212.38,5,2,6,有,無,13360000,62906,,0.0,0,,RPOPMLRJOHGGFCJ48DA,212.38,0.0,0.0,無,1018
湖口鄉,土地,和興段1740-6地號,90.0,,特定農業區,甲種建築用地,1100418,土地1建物0車位0,,,其他,,,,0.0,0,0,0,有,無,3320000,36889,,0.0,0,土地增值稅299229元買方負擔,RPQOMLLLNHGGFDJ18DA,0.0,0.0,0.0,無,
新豐鄉,土地,永寧段363地號,2049.0,住,,,1100421,土地8建物0車位0,,,其他,,,,0.0,0,0,0,有,無,77477500,37812,,0.0,0,,RPROMLRLNHGGFDJ88DA,0.0,0.0,0.0,無,
新豐鄉,房地(土地+建物),忠一街１２０巷１０號,64.71,住,,,1100419,土地2建物1車位0,全,四層,透天厝,住家用,鋼筋混凝土造,0990901,187.86,4,3,3,有,無,11200000,59619,,0.0,0,頂樓鐵皮增建其他增建；,RPOOMLSLNHGGFDJ68DA,164.78,1.99,21.09,無,1019
湖口鄉,房地(土地+建物),吉安街１６２巷８號,75.65,,鄉村區,乙種建築用地,1100423,土地1建物1車位0,全,四層,透天厝,住家用,鋼筋混凝土造,1020423,187.04,4,2,3,有,有,8400000,44910,,0.0,0,,RPPPMLLJOHGGFDJ08DA,179.03,3.09,4.92,無,1020
湖口鄉,房地(土地+建物)+車位,吉祥街８０號二樓之８,22.91,,鄉村區,乙種建築用地,1100412,土地2建物1車位1,二層,十層,華廈(10層含以下有電梯),住家用,鋼筋混凝土造,1090715,122.66,2,2,1,有,有,5300000,43209,坡道平面,33.26,0,,RPXNMLOJOHGGFDJ98DA,53.19,0.0,7.55,有,
湖口鄉,房地(土地+建物)+車位,吉祥街８０號二樓之６,19.43,,鄉村區,乙種建築用地,1100421,土地2建物1車位1,二層,十層,華廈(10層含以下有電梯),住家用,鋼筋混凝土造,1090715,108.7,2,1,1,有,有,4950000,45538,坡道平面,33.26,0,,RPTNMLOJOHGGFDJ58DA,48.27,0.0,2.98,有,
湖口鄉,房地(土地+建物),光復南路５７號,4195.0,,工業區,丁種建築用地,1100415,土地1建物2車位0,全,四層,透天厝,辦公用,鋼筋混凝土造,1010625,3915.0,0,0,0,無,有,310000000,79183,,0.0,0,,RPXQMLTJOHGGFDJ17DA,3915.0,0.0,0.0,有,
橫山鄉,土地,矺子段659地號,1209.0,,山坡地保育區,農牧用地,1100430,土地4建物0車位0,,,其他,,,,0.0,0,0,0,有,無,1600000,1323,,0.0,0,交易價格包含其他買賣登記案件標的之價格,RPVNMLTJOHGGFCJ66EA,0.0,0.0,0.0,無,
北埔鄉,土地,五指山段368地號,29237.21,,山坡地保育區,林業用地,1100421,土地4建物0車位0,,,其他,,,,0.0,0,0,0,有,無,8700000,298,,0.0,0,,RPRPMLTJOHGGFCJ09EA,0.0,0.0,0.0,無,
竹東鎮,房地(土地+建物)+車位,竹中路１０４巷４號四樓,24.71,都市：其他:住二,,,1100428,土地1建物1車位1,四層,六層,華廈(10層含以下有電梯),住家用,鋼筋混凝土造,0830513,118.94,3,2,2,有,有,5380000,45233,坡道機械,0.0,0,,RPRNMLKKOHGGFCJ08EA,77.62,0.0,9.35,有,
竹北市,房地(土地+建物)+車位,興隆路一段６３１號五樓之三,25.02,住,,,1100429,土地1建物1車位1,五層,十五層,住宅大樓(11層含以上有電梯),住家用,鋼筋混凝土造,1071026,162.51,3,2,2,有,有,16150000,99378,坡道平面,33.02,0,,RPSPMLKKOHGGFBJ28EA,71.2,4.21,8.98,有,1021
竹北市,房地(土地+建物)+車位,福竹街１２２號十四樓,25.12,住,,,1100423,土地1建物1車位1,十四層,十四層,住宅大樓(11層含以上有電梯),住家用,鋼筋混凝土造,1021024,183.7,3,2,2,有,有,12550000,68318,坡道平面,35.01,0,,RPWOMLRJOHGGFBJ56EA,93.83,0.0,8.86,有,1022
新埔鎮,房地(土地+建物)+車位,南平路３５２巷５弄８號,3547.02,,山坡地保育區,農牧用地,1100406,土地14建物1車位2,一層，二層，三層，屋頂突出物,三層,農舍,農業用,鋼筋混凝土造,1000107,302.06,4,3,4,有,有,32800000,,一樓平面,0.0,0,,RPPNMLKKOHGGFBJ77EA,284.76,4.92,12.38,無,1023
竹北市,土地,隘興段675地號,330.46,住,,,1100407,土地1建物0車位0,,,其他,,,,0.0,0,0,0,有,無,57980000,175452,,0.0,0,,RPXPMLTJOHGGFBJ96EA,0.0,0.0,0.0,無,1024
新豐鄉,房地(土地+建物),忠一街４３巷９號,76.2,住,,,1100427,土地2建物1車位0,全,四層,透天厝,住家用,鋼筋混凝土造,0880428,205.45,4,2,3,有,無,11000000,53541,,0.0,0,頂樓加蓋；其他增建；,RPVNMLLKOHGGFDJ68EA,166.82,31.48,7.15,無,
湖口鄉,房地(土地+建物),中山路三段５５０巷４１號,27.55,,特定農業區,甲種建築用地,1100412,土地1建物1車位0,一層,七層,華廈(10層含以下有電梯),住家用,鋼筋混凝土造,0930330,106.87,4,0,4,有,有,3000000,28071,,0.0,0,,RPVNMLKKOHGGFDJ48DA,69.37,0.0,4.69,有,
湖口鄉,房地(土地+建物),國光街３５巷５號九樓,14.6,住,,,1100411,土地1建物1車位0,九層,九層,華廈(10層含以下有電梯),住家用,鋼筋混凝土造,0830616,102.0,3,2,2,有,有,4500000,44118,,0.0,0,,RPPOMLKKOHGGFDJ97DA,77.9,0.0,6.95,有,
竹東鎮,土地,頭重埔段237-73地號,661.12,工,,,1100417,土地1建物0車位0,,,其他,,,,0.0,0,0,0,有,無,13550000,20496,,0.0,0,農作物；,RPPPMLTJOHGGFCJ78DA,0.0,0.0,0.0,無,0707
芎林鄉,房地(土地+建物)+車位,文富街１８５號,23.53,住,,,1100409,土地1建物1車位1,一層,七層,華廈(10層含以下有電梯),商業用,鋼筋混凝土造,1100306,76.62,0,1,1,有,無,6580000,85878,其他,0.0,950000,管理組織:目前無將來會成立.店舖,RPSRMLQKMHGGFCJ88DA,37.24,0.0,0.0,有,
芎林鄉,房地(土地+建物)+車位,文富街１８７號,23.53,住,,,1100427,土地1建物1車位1,一層,七層,華廈(10層含以下有電梯),商業用,鋼筋混凝土造,1100306,76.62,0,1,1,有,無,6680000,87184,其他,0.0,950000,管理組織:目前無將來會成立.店舖,RPPNMLLJNHGGFCJ67DA,37.24,0.0,0.0,有,
竹北市,房地(土地+建物)+車位,嘉仁街３６號三樓,33.24,住,,,1100418,土地1建物1車位1,三層,十五層,住宅大樓(11層含以上有電梯),住家用,鋼筋混凝土造,0961012,202.57,3,2,2,有,有,14680000,72469,坡道平面,22.61,0,,RPWNMLKKOHGGFBJ38DA,113.78,8.55,12.31,有,
竹北市,房地(土地+建物)+車位,復興二路２２５號十七樓之二,40.69,商,,,1100406,土地1建物1車位2,十七層,十九層,住宅大樓(11層含以上有電梯),住家用,鋼筋混凝土造,1010821,400.9,3,2,3,有,有,33800000,84310,坡道平面,83.66,0,,RPUOMLTJOHGGFBJ09DA,199.47,2.93,26.8,有,1026
竹北市,房地(土地+建物),新生街８８號,70.11,住,,,1100430,土地2建物1車位0,全,五層,透天厝,住家用,鋼筋混凝土造,1020805,297.73,4,3,5,有,有,20200000,67847,,0.0,0,其他增建；,RPWNMLRJOHGGFBJ98DA,293.75,0.0,3.98,有,1027
竹北市,房地(土地+建物)+車位,東興路一段４００號五樓之三,22.48,住,,,1100422,土地1建物1車位1,五層,十四層,住宅大樓(11層含以上有電梯),住家用,鋼筋混凝土造,1050606,135.43,2,2,1,有,有,12800000,94514,坡道平面,28.76,0,,RPORMLOJOHGGFBJ28DA,62.14,2.74,7.66,有,1028
竹北市,土地,府前段939-2地號,124.45,都市：其他:道路用地,,,1100429,土地2建物0車位0,,,其他,,,,0.0,0,0,0,有,無,11407709,91665,,0.0,0,包含公共設施保留地用地；,RPWPMLMJOHGGFBJ68DA,0.0,0.0,0.0,無,
竹北市,車位,莊敬三路１７１等號等樓、勝利八街一段２１１等號,0.0,,,,1100428,土地0建物1車位1,,,其他,,,,25.02,0,0,0,有,有,1000000,,坡道平面,25.02,1000000,僅車位交易；,RPQQMLNJNHGGFBJ18DA,0.0,0.0,0.0,有,1029
竹北市,房地(土地+建物)+車位,六家五路二段２６０號二十一樓,32.29,住,,,1100413,土地1建物1車位2,二十一層,二十五層,住宅大樓(11層含以上有電梯),住家用,鋼筋混凝土造,1010924,266.45,4,2,2,有,有,25500000,95703,坡道平面,0.0,0,,RPOQMLKKOHGGFBJ87DA,120.37,3.06,10.33,有,1030
竹北市,房地(土地+建物),復興一街２５３號十一樓之十八,5.38,商,,,1100430,土地1建物1車位0,十一層,十六層,住宅大樓(11層含以上有電梯),商業用,鋼筋混凝土造,0970915,50.349999999999994,2,1,1,有,有,5750000,114201,,0.0,0,夾層；含租約；,RPWSMLLKOHGGFBJ98DA,28.6,0.66,4.14,有,
竹北市,房地(土地+建物)+車位,勝利十一路２６０號二十一樓之八,13.16,商,,,1100409,土地1建物1車位2,二十一層,二十三層,住宅大樓(11層含以上有電梯),住家用,鋼筋混凝土造,1051101,179.94,3,2,2,有,有,15300000,85028,坡道平面,60.06,0,,RPUSMLOJNHGGFBJ88DA,67.95,5.22,6.27,有,1031
竹北市,房地(土地+建物)+車位,光明十一路１巷５０弄６號九樓,22.14,商,,,1100410,土地1建物1車位1,九層,十四層,住宅大樓(11層含以上有電梯),住家用,鋼筋混凝土造,1041204,174.39999999999998,3,2,2,有,有,14000000,80275,坡道平面,34.05,0,,RPXOMLNKMHGGFBJ68DA,82.44,1.11,11.3,有,1032
竹北市,房地(土地+建物)+車位,六家五路二段２７８號十六樓,37.13,住,,,1100420,土地1建物1車位2,十六層,二十五層,住宅大樓(11層含以上有電梯),住家用,鋼筋混凝土造,1010924,292.21000000000004,4,2,2,有,有,29500000,100955,坡道平面,0.0,0,,RPPPMLLMNHGGFBJ08DA,134.8,4.68,11.77,有,1033
竹北市,房地(土地+建物)+車位,北新一街３０號十六樓,16.1,商,,,1100417,土地1建物1車位1,十六層,二十四層,住宅大樓(11層含以上有電梯),住家用,鋼筋混凝土造,1080416,171.49,3,2,2,有,有,14060000,81987,坡道平面,28.17,0,,RPSNMLSLNHGGFBJ78DA,90.66,0.0,7.02,有,1034
竹北市,房地(土地+建物)+車位,北新一街６號十七樓,10.86,商,,,1100415,土地1建物1車位1,十七層,二十四層,住宅大樓(11層含以上有電梯),住家用,鋼筋混凝土造,1080416,125.03,2,2,1,有,有,10500000,83980,坡道平面,28.17,0,,RPTOMLMJOHGGFBJ28DA,59.03,0.0,6.98,有,1035
竹北市,房地(土地+建物),縣政十八街４０號,87.78,住,,,1100405,土地1建物1車位0,全,三層,透天厝,住家用,鋼筋混凝土造,0820617,286.23999999999995,4,4,3,有,無,12800000,44718,,0.0,0,頂樓加蓋；其他增建；,RPQPMLRJOHGGFBJ58DA,235.58,27.39,3.68,無,
竹東鎮,房地(土地+建物)+車位,中興路二段１０１巷３１號十二樓,65.88,,特定農業區,丁種建築用地,1100409,土地3建物1車位1,十二層,十四層,住宅大樓(11層含以上有電梯),其他,鋼筋混凝土造,1020822,270.49,4,2,3,有,有,12500000,46211,坡道平面,28.12,0,,RPWNMLKLMHGGFCJ38DA,161.89,0.0,9.01,有,1036
寶山鄉,土地,洽水段489地號,489.34,,山坡地保育區,丙種建築用地,1100430,土地1建物0車位0,,,其他,,,,0.0,0,0,0,有,無,9770000,19966,,0.0,0,,RPUNMLKKOHGGFCJ28DA,0.0,0.0,0.0,無,
竹東鎮,土地,下員段787-1地號,1831.45,農,,,1100422,土地1建物0車位0,,,其他,,,,0.0,0,0,0,有,無,37110000,20263,,0.0,0,,RPXOMLTJOHGGFCJ86DA,0.0,0.0,0.0,無,1037
新埔鎮,房地(土地+建物),義民路二段４８９巷１０號,985.0,,特定農業區,農牧用地,1100421,土地1建物1車位0,一層，二層，地下一層,二層,農舍,農業用,鋼筋混凝土造,1010111,302.79,7,2,5,有,無,35000000,,,0.0,0,,RPVTMLLKOHGGFBJ09EA,291.96,0.0,10.83,無,
竹東鎮,房地(土地+建物),東富街２６號一樓,44.74,都市：其他:道路,,,1100409,土地2建物1車位0,一層,五層,華廈(10層含以下有電梯),住家用,鋼筋混凝土造,0831022,101.08,3,2,2,有,有,2610000,25821,,0.0,0,,RPXNMLLKOHGGFCJ78EA,77.45,6.99,0.0,有,
竹北市,房地(土地+建物)+車位,六家五路一段２１９號八樓,16.37,商,,,1100417,土地1建物1車位1,八層,十四層,住宅大樓(11層含以上有電梯),住家用,鋼筋混凝土造,1030127,119.42999999999999,2,2,2,有,有,10600000,88755,坡道機械,0.0,0,,RPOUMLLKOHGGFBJ48EA,63.6,3.18,2.82,有,1038
竹北市,房地(土地+建物)+車位,新竹縣竹北市莊敬五街３１之１號十樓,16.94,商,,,1100428,土地1建物1車位1,十層,十四層,住宅大樓(11層含以上有電梯),住家用,鋼筋混凝土造,0940923,187.52,3,2,2,有,有,16150000,86124,坡道平面,0.0,0,拆分價款土地新台幣11466500元整建物新台幣4683500元整陽台外推；含租約；,RPPUMLLKOHGGFBJ58EA,102.57,6.02,7.7,有,1039
竹北市,房地(土地+建物)+車位,莊敬五街１６１號二十樓,22.81,商,,,1100418,土地1建物1車位2,二十層,二十三層,住宅大樓(11層含以上有電梯),住家用,鋼筋混凝土造,1030501,282.84000000000003,4,2,3,有,有,25690000,90829,坡道平面,47.01,0,,RPQPMLKKOHGGFBJ08EA,145.42,0.0,16.54,有,1040
竹北市,房地(土地+建物)+車位,北新一街２２號十四樓,16.1,商,,,1100423,土地1建物1車位2,十四層,二十四層,住宅大樓(11層含以上有電梯),住家用,鋼筋混凝土造,1080416,198.37,3,2,2,有,有,13500000,68055,坡道平面,0.0,0,,RPPNMLPKOHGGFBJ28EA,90.57,0.0,7.02,有,1041
新豐鄉,房地(土地+建物),坪頂三街８巷７號,107.65,,鄉村區,乙種建築用地,1100422,土地2建物1車位0,全,四層,透天厝,住家用,鋼筋混凝土造,1030910,346.15,5,2,4,有,無,18800000,54312,,0.0,0,,RPRNMLOKOHGGFDJ48DA,313.74,4.96,27.45,有,1042
新豐鄉,房地(土地+建物)+車位,中崙２８５之５號五樓,32.15,,特定農業區,甲種建築用地,1100424,土地1建物1車位1,五層,五層,公寓(5樓含以下無電梯),住家用,鋼筋混凝土造,0850711,127.15,3,2,2,有,有,2800000,22021,坡道平面,0.0,0,,RPORMLTJOHGGFDJ98DA,72.28,0.0,9.7,無,1043
湖口鄉,房地(土地+建物)+車位,鐵騎路１８６巷７弄１６號六樓,21.13,,鄉村區,乙種建築用地,1100418,土地1建物1車位2,六層,七層,華廈(10層含以下有電梯),住家用,鋼筋混凝土造,1040830,117.53999999999999,2,2,1,有,有,5300000,45091,坡道機械,39.26,0,,RPSNMLKKOHGGFDJ18DA,53.24,1.3,5.87,有,1044
湖口鄉,房地(土地+建物),達生路３６１號,91.25,都市：其他:住(一),,,1100428,土地1建物1車位0,全,四層,透天厝,住商用,鋼筋混凝土造,1091109,247.89,4,2,6,有,有,17000000,68579,,0.0,0,,RPPOMLRJOHGGFDJ58DA,225.69,0.0,22.2,無,
新豐鄉,房地(土地+建物),員山１３２之５０７號,114.85,,山坡地保育區,丙種建築用地,1100429,土地4建物1車位0,全,四層,透天厝,住家用,鋼筋混凝土造,0960122,177.4,4,2,4,有,有,9700000,54679,,0.0,0,,RPQPMLLJOHGGFDJ18DA,148.61,3.02,25.77,無,1045
新豐鄉,房地(土地+建物),員山１３１之８７號,82.46,,山坡地保育區,丙種建築用地,1100412,土地3建物1車位0,全,三層,透天厝,住家用,鋼筋混凝土造,1100129,159.04,3,2,3,有,無,8880000,55835,,0.0,0,預售屋、或土地及建物分件登記案件；,RPTOMLOLNHGGFDJ78DA,143.74,0.0,15.3,無,
竹東鎮,土地,敦睦段1232地號,146.25,住,,,1100425,土地1建物0車位0,,,其他,,,,0.0,0,0,0,有,無,3660000,25026,,0.0,0,,RPUOMLLKOHGGFCJ48DA,0.0,0.0,0.0,無,
竹東鎮,土地,柯子湖段46-2地號,179.99,,,,1100409,土地1建物0車位0,,,其他,,,,0.0,0,0,0,有,無,2600000,14445,,0.0,0,,RPOOMLSJOHGGFCJ48DA,0.0,0.0,0.0,無,1046
竹北市,房地(土地+建物),光明八街６２巷６號,66.23,住,,,1100418,土地2建物1車位0,全,四層,透天厝,住家用,鋼筋混凝土造,0890511,180.8,4,2,3,有,無,15990000,88440,,0.0,0,,RPQOMLSJOHGGFBJ58DA,159.97,20.83,0.0,無,
竹北市,房地(土地+建物),長青路一段１０８巷６２弄３６號,104.86,,特定農業區,甲種建築用地,1100428,土地4建物1車位0,全,五層,透天厝,住家用,鋼筋混凝土造,1100407,276.98,5,2,4,有,有,12270000,44299,,0.0,0,,RPXPMLRLNHGGFBJ76DA,254.21,0.0,22.77,無,
竹北市,房地(土地+建物)+車位,北新一街３０號九樓,16.1,商,,,1100411,土地1建物1車位1,九層,二十四層,住宅大樓(11層含以上有電梯),住家用,鋼筋混凝土造,1080416,171.49,3,2,2,有,有,13330000,77730,坡道平面,28.17,0,,RPORMLPJNHGGFBJ28DA,90.66,0.0,7.02,有,1047
竹北市,房地(土地+建物),華興街７８號二樓,18.04,住,,,1100416,土地1建物1車位0,二層,八層,華廈(10層含以下有電梯),住家用,鋼筋混凝土造,0830622,115.02,3,2,2,有,有,4200000,36515,,0.0,0,,RPURNLLKOHGGFBJ78DA,71.89,0.0,5.77,有,
竹北市,房地(土地+建物),博愛街６９３巷３弄２７號,92.0,住,,,1100422,土地1建物1車位0,全,二層,透天厝,住家用,加強磚造,0681111,116.1,3,2,2,有,無,8500000,73213,,0.0,0,,RPUNMLPKOHGGFBJ68DA,116.1,0.0,0.0,無,
竹北市,房地(土地+建物)+車位,光明十八街７０號十樓,32.09,住,,,1100403,土地1建物1車位2,十層,十三層,住宅大樓(11層含以上有電梯),住家用,鋼筋混凝土造,1021025,230.82999999999998,3,2,2,有,有,15500000,67149,坡道平面,84.6,0,,RPXNMLPKOHGGFBJ98DA,89.89,0.0,11.75,有,1048
竹北市,房地(土地+建物)+車位,中正西路２１９巷２５號七樓,39.67,住,,,1100401,土地1建物1車位3,七層，見其他登記事項,七層,華廈(10層含以下有電梯),住家用,鋼筋混凝土造,1100308,188.43,3,1,2,有,有,13900000,73767,坡道平面,74.37,0,,RPTPMLPKOHGGFBJ78DA,79.02,0.0,6.69,有,
竹北市,車位,嘉豐六路二段１０６號,1.76,住,,,1100416,土地1建物1車位1,一層,十四層,其他,管理員室,鋼筋混凝土造,0960625,29.09,0,0,0,有,有,500000,,坡道平面,29.09,500000,僅車位交易；,RPROMLPKOHGGFBJ48DA,0.0,0.0,0.0,有,1049
竹北市,房地(土地+建物),民權街１７巷５號三樓之六,5.8,商,,,1100430,土地1建物1車位0,三層,十九層,住宅大樓(11層含以上有電梯),住家用,鋼筋混凝土造,0840420,85.06,2,2,1,有,有,5200000,61133,,0.0,0,陽台加窗其他增建；,RPSQMLQKOHGGFBJ88DA,56.28,0.0,10.41,有,1050
竹北市,房地(土地+建物),新光街８９號,1015.66,住,,,1100412,土地1建物1車位0,全,二層,透天厝,住家用,加強磚造,0510730,86.94,3,1,1,有,無,124600000,1433172,,0.0,0,未登記建物；未登記建物；,RPXPMLKKOHGGFBJ68DA,86.94,0.0,0.0,無,
竹北市,房地(土地+建物)+車位,興隆路三段１９５號二樓,74.56,住,,,1100401,土地1建物1車位3,二層,二十六層,住宅大樓(11層含以上有電梯),住家用,鋼筋混凝土造,1041214,567.86,3,2,4,有,有,47000000,88807,坡道平面,86.48,4250000,,RPTTMLLKOHGGFBJ78DA,262.86,33.38,25.97,有,
芎林鄉,土地,金獅段1044地號,672.21,,鄉村區,乙種建築用地,1100415,土地1建物0車位0,,,其他,,,,0.0,0,0,0,有,無,59370000,88321,,0.0,0,,RPTNMLLJOHGGFCJ18DA,0.0,0.0,0.0,無,1051
竹東鎮,房地(土地+建物)+車位,光明路１２６巷８７弄２７號八樓,26.5,都市：其他:科技商務服務專用區,,,1100419,土地3建物1車位1,八層,十四層,住宅大樓(11層含以上有電梯),辦公用,鋼筋混凝土造,1040325,177.74,4,2,2,有,有,9250000,52042,坡道平面,0.0,0,陽台外推；,RPPOMLQKOHGGFCJ48DA,94.74,0.0,8.5,有,1052
竹東鎮,房地(土地+建物)+車位,光明路１２６巷７弄７號五樓,22.27,都市：其他:科技商務服務專用區,,,1100430,土地1建物1車位1,五層,十四層,住宅大樓(11層含以上有電梯),辦公用,鋼筋混凝土造,1080304,153.93,3,2,2,有,有,8800000,57169,坡道平面,0.0,0,,RPWOMLMKOHGGFCJ78DA,76.16,0.0,9.02,有,1053
新豐鄉,房地(土地+建物),埔頂２７５之７號,83.56,,特定農業區,甲種建築用地,1100401,土地2建物1車位0,全,四層,透天厝,住家用,鋼筋混凝土造,1100318,166.51,4,2,5,有,無,6600000,39637,,0.0,0,,RPOQMLLMNHGGFDJ28DA,162.77,0.0,3.74,無,
湖口鄉,房地(土地+建物),長富路一段６８巷５７弄１號,83.0,,特定農業區,甲種建築用地,1100427,土地2建物1車位0,全,三層,透天厝,住家用,鋼筋混凝土造,1051122,147.0,3,2,3,有,無,8320000,56599,,0.0,0,,RPTNMLRLMHGGFDJ88DA,144.6,0.0,2.4,無,1054
新豐鄉,房地(土地+建物),中崙３５之６號,102.0,,特定農業區,甲種建築用地,1100405,土地1建物1車位0,全,三層,透天厝,住家用,鋼筋混凝土造,0820507,187.0,3,3,2,有,無,5300000,28342,,0.0,0,,RPRNMLNKNHGGFDJ28DA,159.25,23.0,4.75,無,1055
新豐鄉,房地(土地+建物),建興路一段９３巷１９之２號,23.16,住,,,1100414,土地3建物1車位0,四層,五層,公寓(5樓含以下無電梯),住家用,鋼筋混凝土造,,99.71,3,2,2,有,無,4700000,47137,,0.0,0,,RPROMLRJOHGGFDJ78DA,99.71,0.0,0.0,無,
新豐鄉,房地(土地+建物),保康街５３號六樓,12.94,住,,,1100430,土地1建物1車位0,六層,七層,華廈(10層含以下有電梯),住家用,鋼筋混凝土造,0990521,77.58,2,2,1,有,有,4680000,60325,,0.0,0,,RPWNMLSJOHGGFDJ66DA,47.25,1.93,8.05,有,
湖口鄉,房地(土地+建物),光復東路２５４號四樓,33.12,,工業區,丁種建築用地,1100421,土地1建物1車位0,四層,四層,公寓(5樓含以下無電梯),住家用,鋼筋混凝土造,0821117,94.62,3,1,2,有,無,2800000,29592,,0.0,0,含土地增值稅或其他稅費；含地政士服務費；其他；親友、員工、共有人或其他特殊關係間之交易；,RPSOMLSJOHGGFDJ98DA,74.06,3.9,8.9,無,
湖口鄉,土地,信勢段131-5地號,128.41,住,,,1100415,土地1建物0車位0,,,其他,,,,0.0,0,0,0,有,無,7500000,58407,,0.0,0,,RPTNMLKKOHGGFDJ28DA,0.0,0.0,0.0,無,1056
寶山鄉,土地,大雅段784地號,249.26,,山坡地保育區,丙種建築用地,1100413,土地1建物0車位0,,,其他,,,,0.0,0,0,0,有,無,5500000,22065,,0.0,0,,RPSOMLQKOHGGFCJ78DA,0.0,0.0,0.0,無,1057
寶山鄉,房地(土地+建物)+車位,雙豐二街５７號七樓,29.58,住,,,1100425,土地1建物1車位1,七層,七層,華廈(10層含以下有電梯),住家用,鋼筋混凝土造,1050624,136.89999999999998,2,2,1,有,有,9080000,66326,坡道平面,36.86,0,,RPRNMLQKOHGGFCJ68EA,58.89,0.0,10.52,有,1058
竹北市,土地,省道段974地號,854.51,都市：其他:道路用地,,,1100426,土地4建物0車位0,,,其他,,,,0.0,0,0,0,有,無,39270000,45956,,0.0,0,包含公共設施保留地用地；,RPPNMLRKOHGGFBJ48EA,0.0,0.0,0.0,無,
竹北市,房地(土地+建物)+車位,新工五路１３號五樓之六,21.52,住,,,1100415,土地1建物1車位1,五層,十層,華廈(10層含以下有電梯),住家用,鋼筋混凝土造,1030128,122.93,3,1,2,有,有,7450000,60604,坡道平面,0.0,0,,RPXNMLRKOHGGFBJ66EA,56.96,2.67,3.94,有,1059
北埔鄉,土地,溝背段215地號,2654.27,,山坡地保育區,農牧用地,1100401,土地4建物0車位0,,,其他,,,,0.0,0,0,0,有,無,5200000,1959,,0.0,0,農作物；,RPRNMLRKOHGGFCJ68DA,0.0,0.0,0.0,無,1060
湖口鄉,房地(土地+建物)+車位,千禧路２９巷１弄７號五樓,50.83,,鄉村區,乙種建築用地,1100410,土地1建物1車位1,五層,五層,公寓(5樓含以下無電梯),住家用,鋼筋混凝土造,0890714,128.59,3,2,2,有,無,2900000,22552,一樓平面,0.0,0,,RPOOMLQKOHGGFDJ48DA,85.63,0.0,7.81,無,
湖口鄉,土地,中勢段396-2地號,1443.93,農,,,1100429,土地2建物0車位0,,,其他,,,,0.0,0,0,0,有,無,8735600,6050,,0.0,0,,RPROMLQKOHGGFDJ78DA,0.0,0.0,0.0,無,1061
新豐鄉,房地(土地+建物),明新街４２６巷２０之２號,22.96,,一般農業區,甲種建築用地,1100423,土地2建物1車位0,一層,六層,華廈(10層含以下有電梯),住家用,鋼筋混凝土造,0931120,81.74000000000001,2,1,1,有,有,3800000,46489,,0.0,0,,RPWOMLQKOHGGFDJ66DA,58.36,0.0,3.71,有,1062
芎林鄉,房地(土地+建物),文富街１７２巷１號,79.89,住,,,1100425,土地2建物1車位0,全,四層,透天厝,住家用,鋼筋混凝土造,1091124,232.11,3,2,4,有,無,15480000,66693,,0.0,0,,RPWNMLNJNHGGFCJ58DA,210.87,0.0,21.24,無,
竹東鎮,土地,上坪段294-38地號,1133.46,,山坡地保育區,林業用地,1100423,土地5建物0車位0,,,其他,,,,0.0,0,0,0,有,無,2400000,2117,,0.0,0,,RPTOMLPKOHGGFCJ78DA,0.0,0.0,0.0,無,1063
寶山鄉,土地,大雅段784地號,83.09,,山坡地保育區,丙種建築用地,1100413,土地1建物0車位0,,,其他,,,,0.0,0,0,0,有,無,1450000,17451,,0.0,0,,RPROMLQKOHGGFCJ68DA,0.0,0.0,0.0,無,1057
竹北市,房地(土地+建物)+車位,新泰路１２０號八樓之五,12.31,商,,,1100430,土地1建物1車位1,八層,十層,華廈(10層含以下有電梯),商業用,鋼筋混凝土造,1000902,108.1,3,2,2,有,有,8800000,81406,坡道平面,0.0,0,夾層；,RPUNMLKKOHGGFBJ18DA,40.46,10.75,12.58,有,
竹北市,房地(土地+建物)+車位,文愛街６１號十三樓,23.69,住,,,1100424,土地1建物1車位2,十三層,十三層,住宅大樓(11層含以上有電梯),辦公用,鋼筋混凝土造,1020624,210.13,4,3,3,有,有,25730000,122448,坡道平面,0.0,0,買賣總價2573萬：土地1904萬、建物669萬陽台外推；夾層；,RPSOMLLKOHGGFBJ18DA,75.72,8.5,13.2,有,1065
竹北市,房地(土地+建物)+車位,北新一街１２號十八樓,10.86,商,,,1100410,土地1建物1車位1,十八層,二十四層,住宅大樓(11層含以上有電梯),住家用,鋼筋混凝土造,1080416,125.03,2,2,1,有,有,8700000,69583,坡道平面,28.17,0,,RPTSMLQLNHGGFBJ56DA,59.03,0.0,6.98,有,1066
竹北市,房地(土地+建物)+車位,文義街１４２號二樓,57.31,住,,,1100425,土地1建物1車位1,二層，三層,九層,華廈(10層含以下有電梯),住家用,鋼筋混凝土造,0930406,232.76000000000002,3,2,3,有,有,19680000,84551,坡道平面,0.0,0,,RPOQMLRLMHGGFBJ48DA,138.2,0.22,19.95,有,1067
竹北市,房地(土地+建物)+車位,福興一路５６號二十樓之二,22.89,商,,,1100428,土地1建物1車位2,二十層,二十四層,住宅大樓(11層含以上有電梯),住家用,鋼筋混凝土造,1030728,256.71,4,2,2,有,有,21800000,84924,坡道平面,0.0,0,,RPSOMLQKOHGGFBJ68DA,117.35,3.26,11.83,有,1068
竹北市,房地(土地+建物),光明六路８７之１號八樓之七,4.94,商,,,1100417,土地1建物1車位0,八層,十層,套房(1房1廳1衛),商業用,鋼筋混凝土造,0960827,35.18,1,1,1,有,有,3400000,96646,,0.0,0,夾層；,RPQRMLPKOHGGFBJ68DA,17.2,1.48,3.54,有,
新埔鎮,土地,福田段310地號,445.66,住,,,1100429,土地1建物0車位0,,,其他,,,,0.0,0,0,0,有,無,39668000,89010,,0.0,0,,RPTOMLSKOHGGFBJ98DA,0.0,0.0,0.0,無,
竹北市,房地(土地+建物)+車位,六家五路二段２１６號五樓之二,34.7,住,,,1100429,土地1建物1車位3,五層,二十四層,住宅大樓(11層含以上有電梯),住家用,鋼筋混凝土造,1010328,258.52,4,2,2,有,有,17250000,66726,坡道平面,0.0,0,,RPOQMLSKOHGGFBJ68DA,103.8,5.73,4.68,有,1069
竹北市,房地(土地+建物)+車位,莊敬北路２１６號二十三樓之五,12.4,商,,,1100430,土地1建物1車位1,二十三層,二十九層,住宅大樓(11層含以上有電梯),住家用,鋼筋混凝土造,1090221,181.76,3,2,2,有,有,21850000,120213,坡道平面,0.0,0,,RPWSMLOJNHGGFBJ09DA,87.2,5.58,8.78,有,1070
竹北市,房地(土地+建物)+車位,文興路２８１號十樓,92.23,住,,,1100415,土地1建物1車位2,十層,二十六層,住宅大樓(11層含以上有電梯),住家用,鋼筋混凝土造,1040727,499.46999999999997,4,3,2,有,有,49000000,98104,坡道平面,53.16,0,,RPXOMLKLNHGGFBJ58DA,268.14,7.55,27.27,有,1071
竹北市,房地(土地+建物)+車位,新泰路１２０號四樓之六,12.31,商,,,1100426,土地1建物1車位1,四層,十層,華廈(10層含以下有電梯),商業用,鋼筋混凝土造,1000902,100.05,2,2,2,有,有,8500000,84958,坡道平面,0.0,0,夾層；,RPWNMLNKNHGGFBJ58DA,45.82,10.5,7.65,有,1072
竹北市,房地(土地+建物)+車位,新瀧一街１５號十四樓,17.4,商,,,1100403,土地1建物1車位1,十四層,二十四層,住宅大樓(11層含以上有電梯),住家用,鋼筋混凝土造,1050126,174.26999999999998,4,2,2,有,有,9300000,53365,坡道機械,16.55,0,,RPWNMLLJOHGGFBJ38DA,93.99,0.0,17.37,有,
竹北市,土地,豐田段93地號,1345.08,,特定農業區,甲種建築用地,1100427,土地1建物0車位0,,,其他,,,,0.0,0,0,0,有,無,83183700,61843,,0.0,0,,RPSNMLQJOHGGFBJ48DA,0.0,0.0,0.0,無,1073
竹北市,土地,興崙段274地號,329.66,農,,,1100430,土地1建物0車位0,,,其他,,,,0.0,0,0,0,有,無,11970000,36310,,0.0,0,,RPXPMLRJOHGGFBJ66DA,0.0,0.0,0.0,無,1074
寶山鄉,土地,莒光段67-18地號,520.6,,山坡地保育區,農牧用地,1100423,土地9建物0車位0,,,其他,,,,0.0,0,0,0,有,無,2500000,4802,,0.0,0,,RPWNMLSJOHGGFCJ56DA,0.0,0.0,0.0,無,1075
竹東鎮,房地(土地+建物)+車位,光明路１２６巷３弄１２號九樓,15.65,都市：其他:科技商務服務專用區,,,1100430,土地1建物1車位1,九層,十四層,住宅大樓(11層含以上有電梯),住家用,鋼筋混凝土造,1080304,116.94,2,2,1,有,有,6600000,56439,坡道平面,0.0,0,,RPSNMLPKOHGGFCJ58DA,52.71,0.0,7.65,有,1076
寶山鄉,土地,雙龍段715地號,2187.73,,山坡地保育區,農牧用地,1100421,土地3建物0車位0,,,其他,,,,0.0,0,0,0,有,無,8603270,3933,,0.0,0,,RPSQMLQLNHGGFCJ98DA,0.0,0.0,0.0,無,0600
竹東鎮,土地,竹東段竹東小段321-7地號,107.0,住,,,1100413,土地3建物0車位0,,,其他,,,,0.0,0,0,0,有,無,9300000,86916,,0.0,0,未登記建物；,RPUNMLMKNHGGFCJ38DA,0.0,0.0,0.0,無,
湖口鄉,土地,北湖段584地號,38.0,住,,,1100416,土地1建物0車位0,,,其他,,,,0.0,0,0,0,有,無,1450000,38158,,0.0,0,親友、員工、共有人或其他特殊關係間之交易；,RPPNMLNKNHGGFDJ08DA,0.0,0.0,0.0,無,
湖口鄉,房地(土地+建物),德和路７６巷４２弄３號五樓,39.02,,鄉村區,乙種建築用地,1100422,土地1建物1車位0,五層,五層,華廈(10層含以下有電梯),住家用,鋼筋混凝土造,0891123,108.27,3,2,2,有,有,3700000,34174,,0.0,0,,RPPNMLPLMHGGFDJ28DA,82.13,0.0,7.9,有,
湖口鄉,土地,德盛段636地號,1135.0,,特定農業區,農牧用地,1100413,土地1建物0車位0,,,其他,,,,0.0,0,0,0,有,無,6174000,5440,,0.0,0,,RPSNMLRKOHGGFDJ88DA,0.0,0.0,0.0,無,
湖口鄉,房地(土地+建物)+車位,中山路一段６１８號八樓之５,15.12,商,,,1100429,土地1建物1車位1,八層,十五層,住宅大樓(11層含以上有電梯),住家用,鋼筋混凝土造,1081224,124.77,2,2,1,有,有,6800000,54500,坡道平面,29.21,0,,RPROMLLKOHGGFDJ28DA,55.97,4.04,6.12,有,1078
湖口鄉,房地(土地+建物),仁興路７６巷１８號,85.0,,工業區,丁種建築用地,1100406,土地1建物1車位0,全,四層,透天厝,住家用,鋼筋混凝土造,0950914,219.74,6,2,5,有,無,9150000,41640,,0.0,0,,RPSNMLSKOHGGFDJ98DA,189.89,6.31,23.54,無,1079
橫山鄉,房地(土地+建物)+車位,永昌街１２３巷１弄７之３號六樓,65.64,住,,,1100422,土地2建物1車位1,六層,六層,華廈(10層含以下有電梯),住家用,鋼筋混凝土造,1091102,158.65,4,2,2,有,無,8000000,50425,其他,0.0,900000,,RPTNMLSKOHGGFCJ98DA,102.46,0.0,12.09,有,
湖口鄉,房地(土地+建物),美城路１８８巷１１號,70.73,,特定農業區,甲種建築用地,1100408,土地1建物1車位0,全,二層,透天厝,住家用,加強磚造,,85.2,3,2,2,有,無,3500000,41080,,0.0,0,頂樓加蓋；,RPWOMLMKMHGGFDJ68DA,85.2,0.0,0.0,無,1080
竹北市,房地(土地+建物)+車位,光明六路東一段２９６之１號十樓,24.9,商,,,1100422,土地1建物1車位2,十層,二十三層,住宅大樓(11層含以上有電梯),住家用,鋼筋混凝土造,0960528,304.7,4,2,3,有,有,23400000,76797,坡道平面,0.0,0,其他增建；含租約；,RPVQMLSKOHGGFBJ86EA,160.21,8.28,21.79,有,
竹北市,房地(土地+建物)+車位,三民路１４８號九樓,17.55,住,,,1100427,土地1建物1車位2,九層,十四層,住宅大樓(11層含以上有電梯),住家用,鋼筋混凝土造,1040917,130.09,4,2,2,有,有,8900000,68414,坡道平面,0.0,0,親友、員工、共有人或其他特殊關係間之交易；,RPSPMLSKOHGGFBJ09EA,56.82,2.34,7.92,有,1081
竹東鎮,房地(土地+建物),北興路二段１１巷７號四樓,16.79,商,,,1100427,土地3建物1車位0,四層,八層,華廈(10層含以下有電梯),住家用,鋼筋混凝土造,0840619,109.03999999999999,3,2,2,有,無,4500000,41269,,0.0,0,,RPUNMLRLNHGGFCJ09EA,77.5,1.09,7.49,有,
芎林鄉,土地,金獅段1026-3地號,722.45,,鄉村區,乙種建築用地,1100416,土地1建物0車位0,,,其他,,,,0.0,0,0,0,有,無,61628000,85304,,0.0,0,,RPVOMLLLOHGGFCJ78EA,0.0,0.0,0.0,無,
竹北市,房地(土地+建物)+車位,莊敬三路１６５號十一樓,23.13,商,,,1100426,土地1建物1車位2,十一層,三十二層,住宅大樓(11層含以上有電梯),住家用,鋼骨鋼筋混凝土造,1040731,338.79999999999995,4,2,3,有,有,26000000,76741,坡道平面,50.04,0,親友、員工、共有人或其他特殊關係間之交易；,RPORMLSKOHGGFBJ88EA,159.56,9.64,19.46,有,1082
竹北市,房地(土地+建物)+車位,六家一路一段１３８號三樓之二,21.82,商,,,1100411,土地1建物1車位2,三層,十五層,住宅大樓(11層含以上有電梯),住家用,鋼筋混凝土造,1000707,198.98000000000002,3,2,2,有,有,14620000,73475,坡道平面,65.28,0,陽台外推；,RPVNMLLLOHGGFBJ58EA,78.6,8.05,7.28,有,
竹北市,房地(土地+建物)+車位,北新一街８號十五樓,11.61,商,,,1100424,土地1建物1車位1,十五層,二十四層,住宅大樓(11層含以上有電梯),住家用,鋼筋混凝土造,1080416,132.25,2,2,1,有,有,10480000,79244,坡道平面,28.16,0,,RPSQMLLLOHGGFBJ58EA,65.2,0.0,5.7,有,1083
湖口鄉,土地,長威段2038地號,135.26,,鄉村區,乙種建築用地,1100412,土地1建物0車位0,,,其他,,,,0.0,0,0,0,有,無,5319000,39324,,0.0,0,,RPOPMLMKMHGGFDJ97DA,0.0,0.0,0.0,無,
橫山鄉,土地,濫子段尖筆窩小段90-29地號,1805.5,,山坡地保育區,林業用地,1100413,土地7建物0車位0,,,其他,,,,0.0,0,0,0,有,無,2332000,1292,,0.0,0,,RPQOMLSKOHGGFCJ78DA,0.0,0.0,0.0,無,
竹東鎮,土地,柯子湖段117-2地號,643.35,工,,,1100417,土地8建物0車位0,,,其他,,,,0.0,0,0,0,有,無,11900000,18497,,0.0,0,農作物；,RPQPMLTJOHGGFCJ88DA,0.0,0.0,0.0,無,1084
竹東鎮,土地,頭重埔段237-99地號,1000.0,工,,,1100413,土地1建物0車位0,,,其他,,,,0.0,0,0,0,有,無,21480000,21480,,0.0,0,,RPOOMLLMNHGGFCJ97DA,0.0,0.0,0.0,無,1085
竹北市,房地(土地+建物),中和街１１號,68.5,住,,,1100428,土地2建物1車位0,全,五層,透天厝,住商用,鋼筋混凝土造,0950802,210.84,7,0,7,有,無,14550000,69010,,0.0,0,,RPWOMLSJOHGGFBJ56DA,199.92,4.42,6.5,無,1086
竹北市,房地(土地+建物),博愛街６９３巷１弄２０號,98.0,住,,,1100429,土地1建物1車位0,全,二層,透天厝,住家用,加強磚造,0630515,123.2,2,2,1,有,無,12130000,98458,,0.0,0,,RPPNMLQJNHGGFBJ08DA,123.2,0.0,0.0,無,1087
竹北市,房地(土地+建物)+車位,中央路３０２號二樓,17.91,住,,,1100417,土地1建物1車位1,二層,十三層,住宅大樓(11層含以上有電梯),住家用,鋼筋混凝土造,1040915,114.50999999999999,2,1,1,有,有,7180000,62702,坡道平面,37.18,0,,RPWRMLRKNHGGFBJ76DA,49.9,0.0,2.6,有,1088
竹北市,土地,社南段550-2地號,208.11,住,,,1100425,土地3建物0車位0,,,其他,,,,0.0,0,0,0,有,無,30500000,146557,,0.0,0,包含公共設施保留地用地；,RPWPMLOJNHGGFBJ78DA,0.0,0.0,0.0,無,
竹北市,房地(土地+建物),縣政十街８號九樓之九,5.0,商,,,1100417,土地1建物1車位0,九層,十層,套房(1房1廳1衛),商業用,鋼筋混凝土造,0950908,38.49,1,1,1,有,有,3400000,88335,,0.0,0,陽台外推；,RPWNMLSKOHGGFBJ56DA,22.0,0.0,1.53,有,1089
竹北市,房地(土地+建物),勝利七街一段１５２號七樓,8.3,商,,,1100417,土地1建物1車位0,七層,十二層,住宅大樓(11層含以上有電梯),商業用,鋼筋混凝土造,0930921,51.44,0,0,0,無,有,5500000,106921,,0.0,0,夾層；,RPWOMLRKOHGGFBJ56DA,35.01,0.0,0.0,有,
竹北市,房地(土地+建物)+車位,光明十一路１巷５０弄２２號九樓,16.07,商,,,1100414,土地1建物1車位1,九層,十四層,住宅大樓(11層含以上有電梯),住家用,鋼筋混凝土造,1041204,135.99,2,2,1,有,有,10200000,75006,坡道平面,34.05,0,,RPRNMLKLOHGGFBJ97DA,61.06,0.0,7.84,有,1090
竹北市,房地(土地+建物)+車位,仁義路１８０巷６號,18.79,住,,,1100420,土地1建物1車位1,一層,七層,華廈(10層含以下有電梯),住家用,鋼筋混凝土造,0830902,139.89,3,2,2,有,有,7350000,52541,坡道平面,0.0,0,,RPTNMLMLOHGGFBJ38DA,80.18,11.62,0.0,有,
竹北市,房地(土地+建物)+車位,勝利十一路２６２號十八樓之七,8.21,商,,,1100421,土地1建物1車位1,十八層,二十三層,住宅大樓(11層含以上有電梯),住家用,鋼筋混凝土造,1051101,117.61,2,2,1,有,有,7450000,63345,坡道平面,30.03,0,親友、員工、共有人或其他特殊關係間之交易；,RPPNMLLLOHGGFBJ87DA,50.99,1.76,5.38,有,1091
竹北市,房地(土地+建物)+車位,嘉豐南路一段３６號二十樓,79.33,住,,,1100423,土地1建物1車位3,二十層,二十三層,住宅大樓(11層含以上有電梯),住家用,鋼筋混凝土造,1060329,538.61,3,3,4,有,有,78000000,174554,坡道平面,118.11,4600000,,RPPRMLSLMHGGFBJ78DA,239.22,20.28,22.8,有,
竹北市,房地(土地+建物)+車位,莊敬三路６８之５號十二樓,21.08,商,,,1100421,土地1建物1車位1,十二層，夾層,十三層,住宅大樓(11層含以上有電梯),住家用,鋼筋混凝土造,0930705,177.17000000000002,4,2,2,有,無,17500000,98775,坡道平面,0.0,0,,RPXOMLSJOHGGFBJ66DA,98.9,1.18,19.68,有,
新豐鄉,土地,中崙段1738-24地號,2889.07,,特定農業區,國土保安用地,1100413,土地9建物0車位0,,,其他,,,,0.0,0,0,0,有,無,68000000,23537,,0.0,0,國土保安用地價金：新台幣100萬，建地價金：新台幣6700萬元整。,RPTNMLLMNHGGFDJ48DA,0.0,0.0,0.0,無,1092
湖口鄉,土地,北安段301地號,1315.1,,一般農業區,甲種建築用地,1100406,土地2建物0車位0,,,其他,,,,0.0,0,0,0,有,無,16500000,12547,,0.0,0,,RPVNMLTLMHGGFDJ66DA,0.0,0.0,0.0,無,1093
湖口鄉,房地(土地+建物)+車位,達生路３號四樓之１,14.39,商,,,1100428,土地1建物1車位1,四層,十層,華廈(10層含以下有電梯),住家用,鋼筋混凝土造,0850823,142.63,3,2,2,有,有,4800000,33654,坡道機械,0.0,0,,RPWNMLKMMHGGFDJ58DA,92.61,0.0,18.57,有,1094
湖口鄉,房地(土地+建物),光復東路２５０號三樓,33.12,,工業區,丁種建築用地,1100430,土地1建物1車位0,三層,四層,公寓(5樓含以下無電梯),住家用,鋼筋混凝土造,0821117,95.91000000000001,3,2,2,有,無,3050000,31801,,0.0,0,,RPUNMLLLOHGGFDJ58DA,75.29,3.96,8.9,無,
竹北市,房地(土地+建物)+車位,華興五街１７號五樓,31.26,住,,,1100406,土地1建物1車位1,五層,十四層,住宅大樓(11層含以上有電梯),住家用,鋼筋混凝土造,1021227,192.45999999999998,3,2,2,有,有,14650000,76120,坡道平面,32.43,0,陽台外推；,RPWRMLMLOHGGFBJ56EA,97.24,6.21,8.63,有,1095
竹北市,房地(土地+建物)+車位,勝利八街一段３８５號二樓,9.37,商,,,1100430,土地1建物1車位1,二層,二十九層,住宅大樓(11層含以上有電梯),住家用,鋼筋混凝土造,1070418,115.49000000000001,2,2,1,有,有,12080000,104598,坡道平面,24.96,0,,RPQNMLPKOHGGFBJ38EA,56.03,0.0,4.03,有,1096
竹東鎮,房地(土地+建物)+車位,自由街１２０巷１號三樓之４,39.51,都市：其他:住一,,,1100429,土地1建物1車位1,三層，四層,十二層,住宅大樓(11層含以上有電梯),住家用,鋼筋混凝土造,0851224,244.19,4,2,3,有,有,5950000,24366,坡道平面,0.0,0,,RPXNMLMLOHGGFCJ98EA,146.14,1.14,13.07,有,1097
竹東鎮,土地,柯子湖段108-13地號,686.0,工,,,1100416,土地2建物0車位0,,,其他,,,,0.0,0,0,0,有,無,13944000,20327,,0.0,0,農作物；,RPVNMLMLOHGGFCJ68DA,0.0,0.0,0.0,無,
湖口鄉,房地(土地+建物)+車位,中正路三段２６巷２５弄１５號八樓,39.6,住,,,1100430,土地2建物1車位1,八層,九層,華廈(10層含以下有電梯),住家用,鋼筋混凝土造,1090429,109.06,3,1,2,有,有,5800000,53182,一樓平面,0.0,0,,RPUOMLLLOHGGFDJ68DA,70.8,0.0,6.81,有,1098
湖口鄉,房地(土地+建物),蘭州四街８３號,99.0,,工業區,丁種建築用地,1100427,土地1建物1車位0,全,四層,透天厝,住家用,鋼筋混凝土造,0931015,300.51,6,2,7,有,無,11400000,37936,,0.0,0,,RPXPMLOLNHGGFDJ66DA,276.12,18.75,5.64,無,
竹東鎮,土地,下員段638地號,503.43,農,,,1100428,土地1建物0車位0,,,其他,,,,0.0,0,0,0,有,無,6500000,12911,,0.0,0,親友、員工、共有人或其他特殊關係間之交易；,RPTNMLQJNHGGFCJ58DA,0.0,0.0,0.0,無,
竹北市,房地(土地+建物)+車位,科大一路１７５號六樓之五,27.66,住,,,1100408,土地1建物1車位1,六層,十四層,住宅大樓(11層含以上有電梯),其他,鋼筋混凝土造,1000105,154.07,3,2,2,有,有,15600000,101246,坡道機械,0.0,0,,RPTWMLMLOHGGFBJ66DA,91.59,4.22,4.69,有,
竹北市,房地(土地+建物)+車位,六家五路二段２６０號十四樓,32.29,住,,,1100426,土地1建物1車位2,十四層,二十五層,住宅大樓(11層含以上有電梯),住家用,鋼筋混凝土造,1010924,266.45,4,2,2,有,有,22700000,85194,坡道平面,0.0,0,,RPSPMLNJOHGGFBJ38DA,120.37,3.06,10.33,有,1099
竹北市,房地(土地+建物)+車位,中央路１８９號十二樓,33.13,住,,,1100427,土地5建物1車位1,十二層,十五層,住宅大樓(11層含以上有電梯),住家用,鋼筋混凝土造,1040107,181.92000000000002,2,2,2,有,有,13000000,71460,坡道平面,34.23,0,,RPQPMLRLMHGGFBJ58DA,82.47,4.05,8.59,有,1100
湖口鄉,房地(土地+建物),松江一街２０號三樓,47.79,,工業區,丁種建築用地,1100410,土地2建物1車位0,三層,四層,公寓(5樓含以下無電梯),住家用,鋼筋混凝土造,0800201,105.99000000000001,3,2,2,有,有,3900000,36796,,0.0,0,,RPTOMLLMNHGGFDJ58DA,81.48,0.62,11.24,無,1101
新豐鄉,土地,褔龍段152地號,3889.13,,特定農業區,農牧用地,1100420,土地7建物0車位0,,,其他,,,,0.0,0,0,0,有,無,17681900,4546,,0.0,0,農業用地拆算價款2505900元甲種建築用地拆算價款15176000元.,RPPPMLSJOHGGFDJ78DA,0.0,0.0,0.0,無,
湖口鄉,房地(土地+建物),吳厝路３８號二樓之１,51.84,,特定農業區,甲種建築用地,1100401,土地4建物1車位0,二層,五層,華廈(10層含以下有電梯),住家用,鋼筋混凝土造,1100104,75.04,2,2,1,有,無,3250000,43310,,0.0,0,農地上做分管停車用並含在總價款裡預售屋、或土地及建物分件登記案件；,RPWNMLNLOHGGFDJ98DA,54.83,0.0,5.59,有,
湖口鄉,房地(土地+建物),榮光一路１８８號,82.39,,鄉村區,乙種建築用地,1100420,土地4建物1車位0,全,四層,透天厝,住家用,鋼筋混凝土造,1040821,240.43,9,1,10,有,有,11680000,48580,,0.0,0,含租約；,RPPOMLNLOHGGFDJ38DA,206.0,0.0,34.43,無,1102
湖口鄉,房地(土地+建物),長嶺路７１５巷１３號,91.48,,山坡地保育區,丙種建築用地,1100421,土地2建物1車位0,全,三層,透天厝,住家用,鋼筋混凝土造,1040725,142.42,4,2,5,有,有,6400000,44938,,0.0,0,其他增建；,RPPNMLMLOHGGFDJ18DA,124.8,0.0,17.62,無,1103
新豐鄉,土地,埔和段82地號,124.34,,鄉村區,乙種建築用地,1100426,土地2建物0車位0,,,其他,,,,0.0,0,0,0,有,無,1880000,15120,,0.0,0,,RPWNMLMLOHGGFDJ88DA,0.0,0.0,0.0,無,0191
峨眉鄉,土地,峨眉段1471地號,1781.09,,特定農業區,農牧用地,1100416,土地2建物0車位0,,,其他,,,,0.0,0,0,0,有,無,4900000,2751,,0.0,0,,RPTOMLMLOHGGFCJ58DA,0.0,0.0,0.0,無,
竹東鎮,房地(土地+建物)+車位,新竹縣竹東鎮光明路１２６巷５弄８號六樓,26.14,都市：其他:科技商務服務專用區,,,1100404,土地1建物1車位1,六層,十四層,住宅大樓(11層含以上有電梯),辦公用,鋼筋混凝土造,1080304,190.18,3,2,1,有,有,10500000,55211,坡道平面,0.0,0,陽台外推；,RPRNMLNLOHGGFCJ38DA,87.09,0.0,7.33,有,1105
竹東鎮,房地(土地+建物)+車位,新竹縣竹東鎮光明路１２６巷５弄１１號十樓,16.94,都市：其他:科技商務服務專用區,,,1100410,土地1建物1車位1,十層,十四層,住宅大樓(11層含以上有電梯),住家用,鋼筋混凝土造,1080304,117.71000000000001,2,2,1,有,有,6550000,55645,坡道平面,0.0,0,,RPPNMLNLOHGGFCJ28EA,57.81,0.0,3.18,有,1106
竹東鎮,房地(土地+建物),新竹縣竹東鎮民族路６１巷２０號,97.04,都市：其他:住一,,,1100418,土地1建物1車位0,全,二層,透天厝,住家用,鋼筋混凝土造,,118.9,4,2,2,有,無,6280000,52817,,0.0,0,其他增建；,RPQNMLOLOHGGFCJ48EA,118.9,0.0,0.0,無,1107
竹東鎮,土地,資源段9地號,226.0,,,,1100418,土地1建物0車位0,,,其他,,,,0.0,0,0,0,有,無,7200000,31858,,0.0,0,,RPSNMLPLOHGGFCJ68DA,0.0,0.0,0.0,無,
新豐鄉,房地(土地+建物),新竹縣新豐鄉埔頂１５４之２號,1950.0,,特定農業區,農牧用地,1100420,土地1建物1車位0,全,二層,透天厝,農業用,鋼筋混凝土造,1050605,228.84,3,2,2,有,無,21180000,92554,,0.0,0,,RPOPMLSJOHGGFDJ68DA,228.84,0.0,0.0,無,
新豐鄉,土地,濱海段770-2地號,943.82,,一般農業區,農牧用地,1100419,土地1建物0車位0,,,其他,,,,0.0,0,0,0,有,無,2453932,2600,,0.0,0,親友、員工、共有人或其他特殊關係間之交易；,RPRNMLOLOHGGFDJ58DA,0.0,0.0,0.0,無,
橫山鄉,土地,橫榮段204地號,102.35,住,,,1100420,土地1建物0車位0,,,其他,,,,0.0,0,0,0,有,無,2476800,24199,,0.0,0,,RPUNMLLLMHGGFCJ28DA,0.0,0.0,0.0,無,1108
竹東鎮,土地,二重埔段223-312地號,661.0,工,,,1100429,土地1建物0車位0,,,其他,,,,0.0,0,0,0,有,無,17000000,25719,,0.0,0,,RPXOMLMKOHGGFCJ88DA,0.0,0.0,0.0,無,1109
竹北市,房地(土地+建物)+車位,新竹縣竹北市六家七路３６號九樓,37.49,住,,,1100416,土地1建物1車位2,九層,十二層,住宅大樓(11層含以上有電梯),住家用,鋼筋混凝土造,0950907,233.89999999999998,4,2,2,有,有,22500000,96195,坡道平面,0.0,0,其他增建；,RPOUMLOLNHGGFBJ68DA,120.47,1.36,13.77,有,
竹北市,房地(土地+建物)+車位,新竹縣竹北市興隆路三段１５５號二十樓,77.05,住,,,1100407,土地1建物1車位4,二十層,二十七層,住宅大樓(11層含以上有電梯),住家用,鋼骨鋼筋混凝土造,1061228,547.35,4,2,5,有,有,71760000,139352,坡道平面,102.72,9800000,,RPPOMLRKOHGGFBJ48DA,235.42,12.86,47.42,有,
竹北市,房地(土地+建物)+車位,新竹縣竹北市文興路一段３３６號七樓,48.74,住,,,1100416,土地1建物1車位2,七層,十一層,住宅大樓(11層含以上有電梯),住家用,鋼筋混凝土造,1011029,287.88,4,2,2,有,有,21000000,72947,坡道平面,80.92,0,親友、員工、共有人或其他特殊關係間之交易；,RPSTMLPLOHGGFBJ56DA,136.89,0.0,11.82,有,
湖口鄉,房地(土地+建物)+車位,新竹縣湖口鄉大勇路１巷４６號五樓之３,15.36,,工業區,丁種建築用地,1100424,土地1建物2車位1,五層,五層,華廈(10層含以下有電梯),住家用,鋼筋混凝土造,0970627,88.67,2,1,1,有,有,4520000,50976,一樓平面,0.0,0,,RPPOMLMLOHGGFDJ28DA,52.32,10.3,0.0,有,
湖口鄉,房地(土地+建物)+車位,新竹縣湖口鄉安宅一街５７號二樓,31.76,,工業區,丁種建築用地,1100418,土地1建物1車位1,二層,五層,華廈(10層含以下有電梯),住家用,鋼筋混凝土造,0800327,103.36999999999999,3,2,2,有,有,4350000,42082,一樓平面,0.0,0,,RPXNMLMLOHGGFDJ98DA,80.65,0.62,11.55,有,1110
竹東鎮,房地(土地+建物)+車位,新竹縣竹東鎮光明路１２６巷８７弄４６號五樓,22.2,都市：其他:科技商務服務專用區,,,1100423,土地3建物1車位1,五層,十五層,住宅大樓(11層含以上有電梯),住家用,鋼筋混凝土造,1040325,150.64,3,2,2,有,有,9550000,63396,坡道平面,0.0,0,總價拆分為:土地價款573萬元整建物價款382萬元整,RPXNMLSLOHGGFCJ96EA,79.27,0.0,5.15,有,1111
竹東鎮,土地,下員段413地號,948.63,,特定農業區,農牧用地,1100412,土地1建物0車位0,,,其他,,,,0.0,0,0,0,有,無,17500000,18448,,0.0,0,,RPTOMLSLOHGGFCJ56DA,0.0,0.0,0.0,無,
湖口鄉,房地(土地+建物),新竹縣湖口鄉中山路三段４６８號,63.78,,特定農業區,甲種建築用地,1100401,土地1建物1車位0,一層,五層,公寓(5樓含以下無電梯),商業用,鋼筋混凝土造,1041023,175.96,1,2,1,有,有,13000000,73880,,0.0,0,,RPPNMLPKOHGGFDJ38DA,134.5,0.0,0.0,無,
竹北市,房地(土地+建物)+車位,新竹縣竹北市隘口三街２３８號五樓之一,15.67,商,,,1100425,土地1建物1車位1,五層,十五層,住宅大樓(11層含以上有電梯),住家用,鋼筋混凝土造,0991214,128.60999999999999,2,2,1,有,有,11500000,89418,坡道平面,31.89,0,其他增建；,RPTRMLLJOHGGFBJ48DA,58.71,3.96,4.29,有,1112
竹北市,土地,省道段511-2地號,457.16,住,,,1100416,土地1建物0車位0,,,其他,,,,0.0,0,0,0,有,無,54760000,119783,,0.0,0,,RPTOMLKKNHGGFBJ08DA,0.0,0.0,0.0,無,
新豐鄉,房地(土地+建物)+車位,新竹縣新豐鄉建興路一段２０１巷３號三樓,73.0,住,,,1100422,土地1建物1車位1,三層,十層,華廈(10層含以下有電梯),住家用,鋼筋混凝土造,0930920,204.74,4,2,2,有,有,7500000,36632,一樓平面,0.0,0,,RPXNMLPJNHGGFDJ98DA,114.21,0.0,12.55,有,
竹東鎮,土地,頭重埔段239-38地號,662.0,,,,1100410,土地1建物0車位0,,,其他,,,,0.0,0,0,0,有,無,12616000,19057,,0.0,0,,RPTNMLKMOHGGFCJ38DA,0.0,0.0,0.0,無,
竹東鎮,土地,頭重埔段318-33地號,341.0,工,,,1100424,土地1建物0車位0,,,其他,,,,0.0,0,0,0,有,無,7370000,21613,,0.0,0,,RPTNMLTLOHGGFCJ66EA,0.0,0.0,0.0,無,1113
竹東鎮,土地,二重埔段290-276地號,1059.0,工,,,1100408,土地2建物0車位0,,,其他,,,,0.0,0,0,0,有,無,59000000,55713,,0.0,0,未登記建物；,RPSNMLRKOHGGFCJ78DA,0.0,0.0,0.0,無,
湖口鄉,房地(土地+建物)+車位,新竹縣湖口鄉吉祥街８０號六樓之９,34.29,,鄉村區,乙種建築用地,1100412,土地2建物1車位1,六層,十層,華廈(10層含以下有電梯),住家用,鋼筋混凝土造,1090715,168.18,3,2,2,有,有,7850000,46676,坡道平面,33.26,0,,RPPNMLPLOHGGFDJ48DA,79.13,3.44,9.08,有,
湖口鄉,房地(土地+建物)+車位,新竹縣湖口鄉吉祥街８０號十樓之１１,24.55,,鄉村區,乙種建築用地,1100409,土地2建物1車位1,十層,十層,華廈(10層含以下有電梯),住家用,鋼筋混凝土造,1090715,129.16,2,2,1,有,有,5700000,44131,坡道平面,33.26,0,,RPUNMLOLOHGGFDJ88DA,56.48,1.46,7.2,有,
湖口鄉,房地(土地+建物)+車位,新竹縣湖口鄉吉祥街８０號九樓之５,28.03,,鄉村區,乙種建築用地,1100409,土地2建物1車位1,九層,十層,華廈(10層含以下有電梯),住家用,鋼筋混凝土造,1090715,143.14,2,2,2,有,有,6470000,45201,坡道平面,33.26,0,,RPWNMLOLOHGGFDJ09DA,68.05,3.52,3.08,有,
竹北市,土地,三崁店段水坑口小段157地號,1988.0,,特定農業區,農牧用地,1100408,土地1建物0車位0,,,其他,,,,0.0,0,0,0,有,無,51116000,25712,,0.0,0,,RPSQMLKMOHGGFBJ48DA,0.0,0.0,0.0,無,
新埔鎮,土地,福田段398地號,671.91,住,,,1100421,土地2建物0車位0,,,其他,,,,0.0,0,0,0,有,無,56270000,83746,,0.0,0,,RPSPMLNLMHGGFBJ38DA,0.0,0.0,0.0,無,
新埔鎮,土地,福田段386地號,1559.62,住,,,1100423,土地1建物0車位0,,,其他,,,,0.0,0,0,0,有,無,127000000,81430,,0.0,0,,RPWOMLPJPHGGFBJ98DA,0.0,0.0,0.0,無,
新豐鄉,房地(土地+建物),新竹縣新豐鄉建興路二段７８４之１號,30.19,住,,,1100415,土地2建物1車位0,二層,五層,華廈(10層含以下有電梯),住家用,鋼筋混凝土造,0810820,87.22,3,2,2,有,有,3000000,34396,,0.0,0,親友、員工、共有人或其他特殊關係間之交易；,RPWQMLTJOHGGFDJ07DA,80.09,0.0,0.0,有,
竹北市,房地(土地+建物)+車位,新竹縣竹北市六家七路７０號十樓之二,12.63,住,,,1100410,土地1建物1車位2,十層,十四層,住宅大樓(11層含以上有電梯),住家用,鋼筋混凝土造,0970927,167.63,3,2,2,有,有,13650000,81429,坡道平面,0.0,0,,RPROMLPJPHGGFBJ58EA,73.97,2.03,6.69,有,
竹東鎮,房地(土地+建物),新竹縣竹東鎮北興路三段５０８號三樓,14.37,住,,,1100410,土地1建物1車位0,三層,九層,華廈(10層含以下有電梯),住家用,鋼筋混凝土造,0820925,93.85000000000001,2,2,2,有,有,3400000,36228,,0.0,0,,RPTNMLPJPHGGFCJ78EA,58.87,0.0,7.28,有,
竹北市,房地(土地+建物),新竹縣竹北市縣政三街２５號八樓之五,8.17,商,,,1100429,土地2建物1車位0,八層,八層,華廈(10層含以下有電梯),住家用,鋼筋混凝土造,,48.75,2,1,1,有,有,2800000,57436,,0.0,0,,RPWOMLMJPHGGFBJ78EA,32.9,0.0,0.0,有,1114
竹東鎮,土地,大鄉段664地號,189.72,,山坡地保育區,農牧用地,1100410,土地1建物0車位0,,,其他,,,,0.0,0,0,0,有,無,4567600,24075,,0.0,0,未登記建物；,RPVOMLLJPHGGFCJ58DA,0.0,0.0,0.0,無,1115
竹東鎮,房地(土地+建物),新竹縣竹東鎮長春路三段２６０巷４７號,70.0,住,,,1100424,土地1建物1車位0,全,二層,透天厝,住家用,加強磚造,,90.88,4,2,4,有,無,7200000,79225,,0.0,0,陽台外推；頂樓加蓋；,RPTNMLSLOHGGFCJ09DA,90.88,0.0,0.0,無,1116
新豐鄉,房地(土地+建物),新竹縣新豐鄉自立街１７巷２弄５號,162.69,住,,,1100411,土地5建物1車位0,全,四層,透天厝,住家用,鋼筋混凝土造,1030831,173.42,4,3,3,有,無,9500000,54780,,0.0,0,,RPXSNLTLOHGGFDJ67DA,164.32,4.75,4.35,無,1117
竹北市,車位,新竹縣竹北市嘉豐六路二段８５號,1.55,住,,,1100429,土地1建物1車位1,一層,十四層,其他,商業用,鋼筋混凝土造,0980106,31.330000000000002,0,0,0,有,無,580000,,坡道平面,0.0,580000,僅車位交易；,RPVNMLPJPHGGFBJ78DA,0.0,0.0,0.0,無,0318
竹北市,房地(土地+建物)+車位,新竹縣竹北市嘉豐南路一段７２號七樓,63.67,住,,,1100413,土地1建物1車位3,七層,二十層,住宅大樓(11層含以上有電梯),住家用,鋼筋混凝土造,1021110,439.47,4,1,3,有,有,36000000,81917,坡道平面,115.65,0,親友、員工、共有人或其他特殊關係間之交易；,RPQNMLLJPHGGFBJ87DA,185.23,8.82,25.34,有,
竹北市,房地(土地+建物),新竹縣竹北市新國街４０號,16.63,住,,,1100421,土地1建物1車位0,一層,八層,華廈(10層含以下有電梯),住商用,鋼筋混凝土造,0830106,86.35,2,1,1,有,有,7960000,92183,,0.0,0,,RPTRMLOJOHGGFBJ78DA,64.35,7.15,0.0,有,
竹北市,房地(土地+建物)+車位,新竹縣竹北市復興三路一段１９７號二樓之二,52.19,住,,,1100424,土地1建物1車位2,二層,二十二層,住宅大樓(11層含以上有電梯),住家用,鋼筋混凝土造,1071121,362.6,4,2,3,有,無,39360000,108549,坡道平面,68.69,0,,RPWQMLPJNHGGFBJ98DA,166.2,0.0,26.8,有,
竹北市,房地(土地+建物)+車位,新竹縣竹北市復興三路一段１９７號十二樓之二,45.81,住,,,1100407,土地1建物1車位1,十二層,二十二層,住宅大樓(11層含以上有電梯),住家用,鋼筋混凝土造,1071121,318.52,4,2,3,有,無,39600000,124325,坡道平面,28.62,0,,RPRQMLPJNHGGFBJ48DA,166.0,0.0,24.34,有,
竹北市,房地(土地+建物)+車位,新竹縣竹北市復興三路一段１９７號三樓之一,49.95,住,,,1100417,土地1建物1車位2,三層,二十二層,住宅大樓(11層含以上有電梯),住家用,鋼筋混凝土造,1071121,347.14,4,2,3,有,無,36660000,116109,坡道平面,57.24,3000000,,RPPOMLPJNHGGFBJ08DA,166.0,0.0,24.34,有,
竹北市,車位,光明六路東二段３７１號二樓等公共設施,0.33,住,,,1100421,土地1建物1車位1,,,其他,,,,31.21,0,0,0,有,有,1700000,,坡道平面,31.21,1700000,僅車位交易；,RPSNMLSLMHGGFBJ68DA,0.0,0.0,0.0,有,1119
新埔鎮,土地,福田段399地號,587.35,住,,,1100421,土地1建物0車位0,,,其他,,,,0.0,0,0,0,有,無,56855000,96799,,0.0,0,,RPRPMLNLMHGGFBJ28DA,0.0,0.0,0.0,無,
竹北市,房地(土地+建物)+車位,新竹縣竹北市華興三街１３號十樓,24.69,住,,,1100410,土地1建物1車位1,十層,十四層,住宅大樓(11層含以上有電梯),住家用,鋼筋混凝土造,1040809,167.10000000000002,3,2,2,有,有,15800000,94554,坡道平面,28.0,0,,RPSOMLTLOHGGFBJ09DA,86.99,4.08,6.38,有,1120
竹北市,房地(土地+建物)+車位,新竹縣竹北市嘉豐六路二段９１號,36.91,住,,,1100428,土地1建物1車位1,一層，二層，地下一層,十四層,住宅大樓(11層含以上有電梯),住商用,鋼筋混凝土造,0980106,185.12,0,0,0,無,有,17500000,94533,坡道平面,0.0,0,,RPTNMLLJPHGGFBJ18DA,141.97,5.12,0.0,有,1121
竹東鎮,土地,二重埔段200-224地號,331.0,工,,,1100407,土地1建物0車位0,,,其他,,,,0.0,0,0,0,有,無,7300000,22054,,0.0,0,農作物；,RPTNMLRJPHGGFCJ88DA,0.0,0.0,0.0,無,0429
竹北市,土地,新國段780-1地號,32.02,都市：其他:道路用地,,,1100406,土地1建物0車位0,,,其他,,,,0.0,0,0,0,有,無,400000,12492,,0.0,0,,RPOOMLPJPHGGFBJ28EA,0.0,0.0,0.0,無,1123
竹北市,房地(土地+建物)+車位,新竹縣竹北市勝利十一路９６號八樓,10.0,商,,,1100430,土地1建物1車位1,八層,二十一層,住宅大樓(11層含以上有電梯),住家用,鋼筋混凝土造,1050921,128.43,2,2,2,有,有,10300000,80199,坡道平面,29.83,0,,RPVOMLRJPHGGFBJ56EA,56.81,2.13,4.2,有,1124
尖石鄉,土地,煤源段299-35地號,2761.0,,山坡地保育區,農牧用地,1100424,土地2建物0車位0,,,其他,,,,0.0,0,0,0,有,無,1380000,500,,0.0,0,,RPPOMLMJPHGGFCJ18EA,0.0,0.0,0.0,無,0504
竹北市,房地(土地+建物),新竹縣竹北市嘉興路３９９巷３弄１號,141.77,住,,,1100412,土地1建物1車位0,全,二層,透天厝,住家用,加強磚造,,161.24,4,3,4,有,無,24050000,149157,,0.0,0,其他增建；,RPRNMLSJPHGGFBJ78EA,140.42,14.8,6.02,無,
竹北市,房地(土地+建物)+車位,新竹縣竹北市福竹街１１２號十四樓,22.72,住,,,1100412,土地1建物1車位1,十四層,十四層,住宅大樓(11層含以上有電梯),住家用,鋼筋混凝土造,1021024,169.5,3,2,2,有,有,11500000,75842,坡道平面,35.01,1300000,,RPRPMLQJPHGGFBJ78EA,85.84,0.0,6.99,有,1126
竹北市,房地(土地+建物)+車位,新竹縣竹北市隘口三街２２０號十三樓之二,16.54,商,,,1100423,土地1建物1車位1,十三層,十五層,住宅大樓(11層含以上有電梯),住家用,鋼筋混凝土造,0991214,132.68,2,2,1,有,有,12000000,105949,坡道平面,29.8,1100000,,RPTOMLRJPHGGFBJ98EA,62.58,4.9,3.65,有,1127
橫山鄉,房地(土地+建物)+車位,新竹縣橫山鄉永昌街１２３巷１弄７之３號三樓,65.65,住,,,1100429,土地2建物1車位1,三層,六層,華廈(10層含以下有電梯),住家用,鋼筋混凝土造,1091102,158.65,4,2,2,有,無,7680000,48408,其他,0.0,900000,,RPPNMLLLOHGGFCJ97DA,102.46,0.0,12.09,有,
竹東鎮,土地,柯子湖段34地號,288.0,工,,,1100407,土地1建物0車位0,,,其他,,,,0.0,0,0,0,有,無,6100000,21181,,0.0,0,農作物；,RPRNMLRJPHGGFCJ68DA,0.0,0.0,0.0,無,
竹東鎮,土地,二重埔段302-25地號,1351.0,工,,,1100407,土地1建物0車位0,,,其他,,,,0.0,0,0,0,有,無,28000000,20725,,0.0,0,農作物；,RPSNMLRJPHGGFCJ78DA,0.0,0.0,0.0,無,1128
竹北市,土地,隘興段489-3地號,135.17,住,,,1100411,土地1建物0車位0,,,其他,,,,0.0,0,0,0,有,無,28800000,213065,,0.0,0,,RPQNMLRJPHGGFBJ48DA,0.0,0.0,0.0,無,
竹東鎮,土地,頭重埔段318-113地號,160.0,都市：其他:道路用地,,,1100430,土地1建物0車位0,,,其他,,,,0.0,0,0,0,有,無,4016000,25100,,0.0,0,,RPPPMLMKOHGGFCJ18DA,0.0,0.0,0.0,無,
新埔鎮,土地,南平段1018-8地號,677.69,,山坡地保育區,農牧用地,1100411,土地2建物0車位0,,,其他,,,,0.0,0,0,0,有,無,2000000,2951,,0.0,0,農作物；,RPPOMLMKMHGGFBJ77DA,0.0,0.0,0.0,無,0936
竹北市,房地(土地+建物),新竹縣竹北市中華路１巷２０弄５之６號,67.59,住,,,1100421,土地2建物1車位0,全,四層,透天厝,住家用,鋼筋混凝土造,0970319,195.19,4,2,3,有,無,12600000,64552,,0.0,0,頂樓加蓋；,RPPOMLKMMHGGFBJ77DA,182.96,0.0,12.23,無,
竹北市,房地(土地+建物),新竹縣竹北市光明八街１０５號,89.06,住,,,1100420,土地3建物1車位0,全,五層,透天厝,住家用,鋼筋混凝土造,0930907,275.3,4,3,4,有,無,25680000,93280,,0.0,0,頂樓加蓋；,RPOQMLPLNHGGFBJ38DA,205.81,37.03,29.63,無,1130
新埔鎮,土地,南平段1018-7地號,922.28,,山坡地保育區,農牧用地,1100406,土地2建物0車位0,,,其他,,,,0.0,0,0,0,有,無,2650405,2874,,0.0,0,,RPPRMLLLMHGGFBJ08DA,0.0,0.0,0.0,無,0936
新埔鎮,土地,南平段1018-7地號,991.07,,山坡地保育區,農牧用地,1100406,土地2建物0車位0,,,其他,,,,0.0,0,0,0,有,無,2848100,2874,,0.0,0,,RPQRMLLLMHGGFBJ18DA,0.0,0.0,0.0,無,0936
關西鎮,土地,坪林段28-4地號,38.25,,特定農業區,農牧用地,1100423,土地1建物0車位0,,,其他,,,,0.0,0,0,0,有,無,115725,3025,,0.0,0,親友、員工、共有人或其他特殊關係間之交易；,RPRPMLRJPHGGFBJ78DA,0.0,0.0,0.0,無,0924
芎林鄉,土地,上德段298地號,818.39,住,,,1100422,土地1建物0車位0,,,其他,,,,0.0,0,0,0,有,無,76750000,93782,,0.0,0,,RPUOMLLLOHGGFCJ58DA,0.0,0.0,0.0,無,
湖口鄉,房地(土地+建物),新竹縣湖口鄉明德街９７巷１１弄１號,118.44,商,,,1100401,土地4建物1車位0,全,四層,透天厝,住商用,鋼筋混凝土造,0960102,342.55,6,2,4,有,無,12800000,37367,,0.0,0,,RPQNMLMJOHGGFDJ08DA,331.52,7.21,3.82,無,
新豐鄉,房地(土地+建物),新竹縣新豐鄉埔頂３９５之５號,62.86,,特定農業區,甲種建築用地,1100409,土地2建物1車位0,全,四層,透天厝,住家用,鋼筋混凝土造,1070331,184.98,4,2,4,有,無,5950000,32166,,0.0,0,,RPRNMLTJPHGGFDJ98DA,167.26,0.0,17.72,無,
寶山鄉,土地,寶斗仁段深井小段157-13地號,2546.42,,山坡地保育區,農牧用地,1100428,土地2建物0車位0,,,其他,,,,0.0,0,0,0,有,無,6150000,2415,,0.0,0,,RPSNMLSLNHGGFCJ88DA,0.0,0.0,0.0,無,1134
竹北市,房地(土地+建物)+車位,新竹縣竹北市光明六路東二段３２９號十八樓,64.73,住,,,1100417,土地1建物1車位3,十八層，十九層,二十二層,住宅大樓(11層含以上有電梯),住家用,鋼筋混凝土造,1021107,437.26,4,2,3,有,有,32650000,84716,坡道平面,99.66,4050000,,RPXNMLLJPHGGFBJ58DA,203.52,3.6,23.32,有,
新埔鎮,土地,和平段1006-9地號,408.84,農,,,1100411,土地5建物0車位0,,,其他,,,,0.0,0,0,0,有,無,5050000,12352,,0.0,0,,RPUTMLMLOHGGFBJ09DA,0.0,0.0,0.0,無,1135
新埔鎮,土地,和平段1006-13地號,380.0,農,,,1100411,土地5建物0車位0,,,其他,,,,0.0,0,0,0,有,無,4690000,12342,,0.0,0,,RPSUMLMLOHGGFBJ98DA,0.0,0.0,0.0,無,1135
新埔鎮,土地,和平段1006-15地號,424.86,農,,,1100411,土地5建物0車位0,,,其他,,,,0.0,0,0,0,有,無,5250000,12357,,0.0,0,,RPOVMLMLOHGGFBJ68DA,0.0,0.0,0.0,無,1135
竹北市,房地(土地+建物),新竹縣竹北市水瀧三街１３２號,72.27,,鄉村區,乙種建築用地,1100405,土地1建物1車位0,全,四層,透天厝,住家用,鋼筋混凝土造,1100120,174.11,4,2,4,有,無,17200000,98788,,0.0,0,土地價金：1032萬元整；建物價金：688萬元整。,RPPWMLMLOHGGFBJ88DA,159.27,0.0,14.84,無,
竹北市,土地,國義段106地號,867.95,住,,,1100402,土地1建物0車位0,,,其他,,,,0.0,0,0,0,有,無,153600000,176969,,0.0,0,,RPQNMLQKNHGGFBJ28DA,0.0,0.0,0.0,無,
湖口鄉,房地(土地+建物)+車位,新竹縣湖口鄉吉祥街８０號九樓之３,21.33,,鄉村區,乙種建築用地,1100410,土地2建物1車位1,九層,十層,華廈(10層含以下有電梯),住家用,鋼筋混凝土造,1090715,116.21000000000001,2,2,1,有,有,5060000,43542,坡道平面,33.26,0,,RPSPMLSJPHGGFDJ56DA,52.05,1.37,2.96,有,
新豐鄉,房地(土地+建物),新竹縣新豐鄉員山１３１之８１號,82.46,,山坡地保育區,丙種建築用地,1100423,土地3建物1車位0,全,三層,透天厝,住家用,鋼筋混凝土造,1100129,159.04,3,2,3,有,無,8850000,55646,,0.0,0,預售屋、或土地及建物分件登記案件；,RPWNMLOLNHGGFDJ98DA,143.74,0.0,15.3,無,
竹北市,房地(土地+建物)+車位,新竹縣竹北市復興三路一段８號七樓之三,34.2,住,,,1100426,土地1建物1車位2,七層,十二層,住宅大樓(11層含以上有電梯),住家用,鋼筋混凝土造,0970606,222.75,3,2,2,有,有,20100000,113324,坡道平面,66.56,2400000,陽台外推；,RPOPMLSJPHGGFBJ68EA,100.01,6.7,9.13,有,
竹北市,土地,興崙段274地號,329.66,農,,,1100415,土地1建物0車位0,,,其他,,,,0.0,0,0,0,有,無,11970000,36310,,0.0,0,,RPSNMLSJPHGGFBJ88EA,0.0,0.0,0.0,無,1074
竹東鎮,土地,二重埔段304-1地號,64.53,工,,,1100407,土地1建物0車位0,,,其他,,,,0.0,0,0,0,有,無,2850000,44166,,0.0,0,,RPPNMLNKPHGGFCJ18DA,0.0,0.0,0.0,無,
竹東鎮,土地,二重埔段223-34地號,85.8,工,,,1100407,土地1建物0車位0,,,其他,,,,0.0,0,0,0,有,無,2000000,23310,,0.0,0,農作物；,RPQNMLNKPHGGFCJ28DA,0.0,0.0,0.0,無,1139
竹北市,土地,三崁店段水坑口小段82地號,359.0,,特定農業區,農牧用地,1100426,土地1建物0車位0,,,其他,,,,0.0,0,0,0,有,無,9338000,26011,,0.0,0,,RPTNMLKLNHGGFBJ08DA,0.0,0.0,0.0,無,
竹北市,房地(土地+建物)+車位,新竹縣竹北市成功八路２１２號,33.51,商,,,1100422,土地1建物1車位4,一層，二層,二十四層,住宅大樓(11層含以上有電梯),商業用,鋼筋混凝土造,1030722,344.93,0,0,1,有,有,38180000,133600,坡道平面,95.08,4800000,,RPOOMLOKNHGGFBJ97DA,150.77,0.0,18.63,有,
峨眉鄉,土地,赤柯山段772地號,1064.77,,山坡地保育區,林業用地,1100412,土地2建物0車位0,,,其他,,,,0.0,0,0,0,有,無,680000,639,,0.0,0,,RPXNMLKKNHGGFCJ48DA,0.0,0.0,0.0,無,
湖口鄉,房地(土地+建物),新竹縣湖口鄉國強街３巷５號,253.73,,鄉村區,乙種建築用地,1100413,土地3建物3車位0,全,二層,透天厝,住家用,加強磚造,,354.66,25,0,25,有,無,11000000,31016,,0.0,0,頂樓加蓋；,RPPNMLTJPHGGFDJ78DA,354.66,0.0,0.0,無,
新豐鄉,房地(土地+建物),新竹縣新豐鄉崁頭９６之１３號,159.74,,特定農業區,甲種建築用地,1100424,土地3建物1車位0,全,四層,透天厝,住家用,鋼筋混凝土造,1090529,166.13,4,2,3,有,無,8400000,50563,,0.0,0,,RPOOMLOKPHGGFDJ38DA,150.06,0.0,16.07,無,1140
竹北市,房地(土地+建物)+車位,新竹縣竹北市勝利八街一段３９９號九樓,12.46,商,,,1100417,土地1建物1車位1,九層,二十九層,住宅大樓(11層含以上有電梯),住家用,鋼筋混凝土造,1070418,144.85,3,2,1,有,有,16500000,113911,坡道平面,0.0,0,,RPRNMLSKMHGGFBJ48DA,71.8,4.12,3.77,有,1141
竹北市,房地(土地+建物)+車位,新竹縣竹北市勝利二路１２６號二樓,12.42,商,,,1100423,土地1建物1車位1,二層,二十一層,住宅大樓(11層含以上有電梯),住家用,鋼筋混凝土造,0930517,144.82999999999998,3,2,2,有,有,12000000,82861,坡道平面,0.0,0,,RPTPMLRLMHGGFBJ88DA,81.74,0.0,8.04,有,
竹北市,房地(土地+建物)+車位,新竹縣竹北市復興三路一段１９７號四樓之一,49.98,住,,,1100425,土地1建物1車位2,四層,二十二層,住宅大樓(11層含以上有電梯),住家用,鋼筋混凝土造,1071121,347.22,4,2,3,有,無,34580000,99591,坡道平面,57.24,0,,RPOQMLPJNHGGFBJ18DA,164.82,0.0,25.55,有,
竹北市,房地(土地+建物)+車位,新竹縣竹北市莊敬五街１５９號十九樓,22.91,商,,,1100417,土地1建物1車位2,十九層,二十三層,住宅大樓(11層含以上有電梯),住家用,鋼筋混凝土造,1030501,284.18,4,2,3,有,有,21500000,75656,坡道平面,47.01,0,,RPSOMLNKPHGGFBJ48DA,146.02,0.0,16.77,有,1142
湖口鄉,土地,湖鏡段785地號,991.11,住,,,1100422,土地2建物0車位0,,,其他,,,,0.0,0,0,0,有,無,36674176,37003,,0.0,0,包含公共設施保留地用地；,RPTOMLLKPHGGFDJ58DA,0.0,0.0,0.0,無,
湖口鄉,房地(土地+建物)+車位,新竹縣湖口鄉吉祥街８０號八樓之３,21.33,,鄉村區,乙種建築用地,1100404,土地2建物1車位1,八層,十層,華廈(10層含以下有電梯),住家用,鋼筋混凝土造,1090715,119.21000000000001,2,2,1,有,有,5110000,42866,坡道平面,36.27,0,,RPUNMLPKPHGGFDJ98DA,52.05,1.37,2.96,有,
竹東鎮,土地,油林段234-45地號,596.0,工,,,1100428,土地1建物0車位0,,,其他,,,,0.0,0,0,0,有,無,23077120,38720,,0.0,0,,RPUNMLQKPHGGFCJ09EA,0.0,0.0,0.0,無,
新埔鎮,土地,福田段118地號,621.59,住,,,1100421,土地1建物0車位0,,,其他,,,,0.0,0,0,0,有,無,63590000,102302,,0.0,0,,RPTOMLTKPHGGFBJ66EA,0.0,0.0,0.0,無,
橫山鄉,土地,豐鄉段148地號,1422.11,,山坡地保育區,農牧用地,1100407,土地1建物0車位0,,,其他,,,,0.0,0,0,0,有,無,3000000,2110,,0.0,0,,RPPOMLTKPHGGFCJ88DA,0.0,0.0,0.0,無,
湖口鄉,土地,中義段465地號,482.38,都市：其他:住(一),,,1100401,土地1建物0車位0,,,其他,,,,0.0,0,0,0,有,無,29913600,62013,,0.0,0,,RPRNMLNJMHGGFDJ08DA,0.0,0.0,0.0,無,1143
湖口鄉,房地(土地+建物),新竹縣湖口鄉仁和路１０９號,122.0,,工業區,丁種建築用地,1100429,土地1建物1車位0,全,四層,透天厝,住家用,鋼筋混凝土造,0830124,302.44,7,2,7,有,無,15000000,49597,,0.0,0,親友間買賣,RPSNMLQKPHGGFDJ88DA,273.19,8.52,20.73,無,
湖口鄉,房地(土地+建物),新竹縣湖口鄉中正二路１３號,84.87,住,,,1100410,土地2建物1車位0,全,三層,透天厝,住家用,鋼筋混凝土造,1100121,174.23,4,2,4,有,無,13300000,76336,,0.0,0,,RPRNMLLJPHGGFDJ18DA,159.94,0.0,14.29,無,
竹東鎮,房地(土地+建物)+車位,新竹縣竹東鎮北興路三段２４７號二樓,46.24,住,,,1100422,土地1建物1車位2,二層,十三層,住宅大樓(11層含以上有電梯),住家用,鋼筋混凝土造,1041019,261.65999999999997,4,2,3,有,有,13300000,50829,坡道平面,62.14,0,,RPWNMLRLMHGGFCJ09DA,121.64,0.0,12.0,有,1144
竹北市,土地,泰和段1001-1地號,363.66,工,,,1100417,土地1建物0車位0,,,其他,,,,0.0,0,0,0,有,無,20350000,55959,,0.0,0,,RPUUMLNLOHGGFBJ66DA,0.0,0.0,0.0,無,
竹北市,土地,斗崙段頂斗崙小段121-2地號,92.0,都市：其他:道路用地,,,1100423,土地1建物0車位0,,,其他,,,,0.0,0,0,0,有,無,2820000,30652,,0.0,0,依土地法第34條之1第1、2、3項規定辦理包含公共設施保留地用地；,RPUPMLLMNHGGFBJ58DA,0.0,0.0,0.0,無,0120
峨眉鄉,房地(土地+建物),新竹縣峨眉鄉中興１４５號,108.68,,鄉村區,乙種建築用地,1100424,土地1建物1車位0,全,二層,透天厝,住家用,鋼筋混凝土造,,148.11,4,2,3,有,無,3000000,20255,,0.0,0,親友、員工、共有人或其他特殊關係間之交易；頂樓加蓋；,RPWOMLTKPHGGFCJ96DA,148.11,0.0,0.0,無,
竹東鎮,房地(土地+建物),新竹縣竹東鎮康莊街１４８巷７８號,167.39,,山坡地保育區,丙種建築用地,1100420,土地7建物1車位0,全,四層,透天厝,住家用,鋼筋混凝土造,0851207,203.28,5,2,3,有,無,7350000,36157,,0.0,0,,RPUNMLKLPHGGFCJ58EA,185.43,17.85,0.0,無,
竹東鎮,土地,二重埔段302-16地號,1722.36,工,,,1100426,土地1建物0車位0,,,其他,,,,0.0,0,0,0,有,無,37900000,22005,,0.0,0,,RPVNMLKLPHGGFCJ68EA,0.0,0.0,0.0,無,1146
新埔鎮,土地,汶水坑段1060-34地號,1455.36,,山坡地保育區,農牧用地,1100409,土地14建物0車位0,,,其他,,,,0.0,0,0,0,無,無,5720000,3930,,0.0,0,,RPXQMLTJPHGGFBJ17EA,0.0,0.0,0.0,無,1147
新豐鄉,房地(土地+建物),新竹縣新豐鄉中興路２２１巷１弄２號,77.17,住,,,1100427,土地2建物1車位0,全,五層,透天厝,住家用,鋼筋混凝土造,1010319,235.46,3,3,4,有,無,12000000,50964,,0.0,0,親友、員工、共有人或其他特殊關係間之交易；,RPVNMLQLMHGGFDJ98DA,200.36,7.37,27.73,無,1148
竹北市,房地(土地+建物)+車位,新竹縣竹北市勝利八街一段２２７號二十一樓之九,9.38,商,,,1100407,土地1建物1車位1,二十一層,二十七層,住宅大樓(11層含以上有電梯),住家用,鋼筋混凝土造,1050608,125.33000000000001,2,2,1,有,有,10450000,83380,坡道平面,29.81,0,,RPTNMLLLPHGGFBJ38DA,56.67,1.39,6.53,有,1149
竹北市,房地(土地+建物)+車位,新竹縣竹北市光明六路東二段３２５號八樓,38.84,住,,,1100406,土地1建物1車位1,八層,二十二層,住宅大樓(11層含以上有電梯),住家用,鋼筋混凝土造,1021107,248.16000000000003,4,2,2,有,有,24000000,96712,坡道平面,0.0,0,,RPSNMLMLPHGGFBJ38DA,130.58,3.57,12.84,有,1150
竹北市,房地(土地+建物)+車位,新竹縣竹北市成功八路１８６號十樓之二,14.98,商,,,1100425,土地1建物1車位1,十層,十八層,住宅大樓(11層含以上有電梯),住家用,鋼筋混凝土造,1031009,167.05,3,2,2,有,有,15800000,94588,坡道平面,31.34,0,,RPUNMLNLPHGGFBJ68DA,83.95,3.71,4.83,有,1151
湖口鄉,房地(土地+建物),新竹縣湖口鄉蘭州一街６６號二樓之２,17.6,,工業區,丁種建築用地,1100426,土地2建物1車位0,二層,五層,華廈(10層含以下有電梯),住家用,鋼筋混凝土造,0950116,73.25999999999999,3,2,2,有,有,3800000,51877,,0.0,0,,RPTNMLPJPHGGFDJ78DA,56.47,1.05,3.39,有,1152
湖口鄉,房地(土地+建物)+車位,新竹縣湖口鄉明德街２００巷１５號三樓,33.12,住,,,1100407,土地1建物1車位1,三層,七層,華廈(10層含以下有電梯),住家用,鋼筋混凝土造,1050826,146.63,3,2,2,有,有,7100000,48421,坡道平面,0.0,0,,RPPOMLMLPHGGFDJ38DA,72.4,6.53,3.03,有,1153
橫山鄉,土地,八十分段馬福小段218-15地號,52.0,,山坡地保育區,交通用地,1100405,土地1建物0車位0,,,其他,,,,0.0,0,0,0,有,無,47190,908,,0.0,0,畸零地或有合併使用效益；,RPPNMLOKPHGGFCJ28DA,0.0,0.0,0.0,無,
竹東鎮,房地(土地+建物),新竹縣竹東鎮中興路二段３７８巷１號三樓,31.29,都市：其他:住一,,,1100424,土地1建物1車位0,三層,七層,華廈(10層含以下有電梯),住家用,鋼筋混凝土造,,113.92,3,2,2,有,有,4800000,42135,,0.0,0,含裝潢費；含傢俱設備費；,RPPNMLQKPHGGFCJ48DA,85.11,0.0,9.65,有,1154
竹北市,房地(土地+建物)+車位,新竹縣竹北市臺科路８８號十四樓,28.82,住,,,1100412,土地1建物1車位1,十四層,十四層,住宅大樓(11層含以上有電梯),住家用,鋼筋混凝土造,1000805,170.49,3,2,2,有,有,17500000,102645,坡道平面,0.0,0,,RPUOMLLLPHGGFBJ68EA,84.26,7.48,9.29,有,
新埔鎮,房地(土地+建物),新竹縣新埔鎮關埔路水車頭段１７６號,572.0,,特定農業區,農牧用地,1100414,土地1建物1車位0,一層，二層，屋頂突出物,二層,農舍,農業用,鋼骨造,1060315,122.76,0,0,0,無,無,10200000,,,0.0,0,毛胚屋；,RPTOMLMLPHGGFBJ68EA,122.76,0.0,0.0,無,1155
竹東鎮,房地(土地+建物)+車位,新竹縣竹東鎮光明路１２６巷３弄１０號三樓,24.3,都市：其他:科技商務服務專用區,,,1100414,土地1建物1車位1,三層,十四層,住宅大樓(11層含以上有電梯),辦公用,鋼筋混凝土造,1080304,165.12,3,2,2,有,有,11300000,68435,坡道平面,0.0,0,,RPVNMLNLPHGGFCJ88DA,84.12,0.0,8.7,有,1156
新豐鄉,土地,豐褔段203地號,2328.69,,特定農業區,農牧用地,1100420,土地1建物0車位0,,,其他,,,,0.0,0,0,0,有,無,11970000,5140,,0.0,0,,RPQNMLQLPHGGFDJ78DA,0.0,0.0,0.0,無,1157
湖口鄉,房地(土地+建物)+車位,新竹縣湖口鄉中山路一段６２３號,23.43,商,,,1100419,土地1建物1車位1,一層，二層,十二層,住宅大樓(11層含以上有電梯),住商用,鋼筋混凝土造,1090122,173.39,0,0,0,無,有,15200000,99295,坡道平面,27.36,700000,,RPWNMLMLPHGGFDJ98DA,93.06,0.0,5.09,有,
竹北市,土地,華興段762-2地號,177.64,住,,,1100426,土地1建物0車位0,,,其他,,,,0.0,0,0,0,有,無,22500000,126661,,0.0,0,,RPQNMLMLPHGGFBJ18DA,0.0,0.0,0.0,無,1158
峨眉鄉,土地,中盛段434地號,3790.31,,山坡地保育區,農牧用地,1100420,土地3建物0車位0,,,其他,,,,0.0,0,0,0,有,無,9800000,2586,,0.0,0,,RPQOMLQLPHGGFCJ88EA,0.0,0.0,0.0,無,0683
湖口鄉,房地(土地+建物),新竹縣湖口鄉中興二巷９號,61.63,,鄉村區,乙種建築用地,1100416,土地1建物1車位0,全,三層,透天厝,住家用,加強磚造,0681225,129.36,3,2,2,有,無,5500000,42517,,0.0,0,頂樓、一樓空地增建其他增建；,RPWNMLMJPHGGFDJ78DA,129.36,0.0,0.0,無,1160
新埔鎮,房地(土地+建物),新竹縣新埔鎮文山路頭山段７６５巷９號,3343.67,,山坡地保育區,農牧用地,1100427,土地6建物1車位0,一層，二層，三層，屋頂突出物,三層,農舍,農業用,鋼筋混凝土造,1031116,288.88,5,2,4,有,有,35000000,,,0.0,0,,RPOPMLQLPHGGFBJ58DA,274.87,2.73,11.28,有,
竹東鎮,土地,上段460-14地號,755.02,,山坡地保育區,林業用地,1100430,土地7建物0車位0,,,其他,,,,0.0,0,0,0,有,無,5500000,7285,,0.0,0,,RPXNMLTKPHGGFCJ96DA,0.0,0.0,0.0,無,1161
竹北市,房地(土地+建物)+車位,新竹縣竹北市十興路二段１２９號十五樓,18.82,住,,,1100430,土地1建物1車位1,十五層,十五層,住宅大樓(11層含以上有電梯),住家用,鋼筋混凝土造,1071128,131.86,2,2,1,有,有,11850000,89868,坡道平面,36.15,0,,RPTOMLMJQHGGFBJ58EA,58.25,0.0,6.89,有,1162
竹東鎮,房地(土地+建物)+車位,新竹縣竹東鎮北興路二段３０１巷１５號六樓,23.51,住,,,1100430,土地2建物1車位1,六層,十層,華廈(10層含以下有電梯),住家用,鋼筋混凝土造,0961016,126.82999999999998,2,2,1,有,有,5500000,43365,坡道平面,0.0,0,,RPRNMLMJQHGGFCJ38EA,59.31,1.52,4.78,有,
竹北市,房地(土地+建物)+車位,新竹縣竹北市勝利九街５０號,25.52,住,,,1100406,土地1建物1車位1,一層,十四層,店面(店鋪),商業用,鋼筋混凝土造,1061103,129.84,0,0,0,無,有,19300000,148644,坡道平面,26.78,0,土地價款:新台幣1158萬元正建物價款:新台幣772萬元正,RPPNMLNJQHGGFBJ18EA,56.06,5.02,9.04,有,
竹北市,土地,家興段368地號,709.58,住,,,1100413,土地1建物0車位0,,,其他,,,,0.0,0,0,0,有,無,225300000,317512,,0.0,0,,RPORMLMJQHGGFBJ28DA,0.0,0.0,0.0,無,1163
竹北市,房地(土地+建物),新竹縣竹北市文興路一段３３８號,504.96,住,,,1100413,土地1建物1車位0,全,二層,透天厝,商業用,鋼骨造,1010719,415.52,3,2,1,有,無,175600000,422603,,0.0,0,其他增建；,RPORMLLLMHGGFBJ97DA,407.41,0.0,8.11,無,
竹北市,房地(土地+建物)+車位,新竹縣竹北市六家六街５９號十樓,37.84,住,,,1100424,土地1建物1車位1,十層,十五層,住宅大樓(11層含以上有電梯),住家用,鋼筋混凝土造,1000826,227.11,4,2,2,有,有,18500000,81458,坡道平面,31.81,0,,RPPPMLQLMHGGFBJ38DA,119.68,14.15,10.82,有,1164
竹北市,土地,隘興段642地號,454.82,住,,,1100413,土地1建物0車位0,,,其他,,,,0.0,0,0,0,有,無,118320000,260147,,0.0,0,,RPTTMLOLNHGGFBJ09DA,0.0,0.0,0.0,無,
竹北市,土地,隘興段641地號,1345.15,住,,,1100413,土地1建物0車位0,,,其他,,,,0.0,0,0,0,有,無,349940000,260149,,0.0,0,未登記建物；含租約；,RPVTMLOLNHGGFBJ66DA,0.0,0.0,0.0,無,
竹北市,房地(土地+建物)+車位,新竹縣竹北市興隆路一段１號五樓,33.79,住,,,1100429,土地1建物1車位2,五層,十四層,住宅大樓(11層含以上有電梯),住家用,鋼筋混凝土造,1000904,225.18,3,2,2,有,有,15560000,82278,坡道平面,64.02,2300000,,RPRQMLNJQHGGFBJ68EA,96.7,5.07,10.58,有,
竹北市,房地(土地+建物)+車位,新竹縣竹北市六家五路二段２１０號二十四樓之三,32.6,住,,,1100407,土地1建物1車位2,二十四層,二十四層,住宅大樓(11層含以上有電梯),住家用,鋼筋混凝土造,1010328,232.32999999999998,4,2,2,有,有,18000000,77476,坡道平面,0.0,0,,RPWOMLOJQHGGFBJ09EA,101.67,7.84,6.43,有,1165
竹東鎮,土地,東寧段1283地號,148.0,,,,1100417,土地1建物0車位0,,,其他,,,,0.0,0,0,0,有,無,12500000,84459,,0.0,0,,RPTNMLMJQHGGFCJ58EA,0.0,0.0,0.0,無,1166
芎林鄉,土地,綠獅段296地號,668.98,,特定農業區,甲種建築用地,1100419,土地2建物0車位0,,,其他,,,,0.0,0,0,0,有,無,39016500,58322,,0.0,0,,RPRNMLNJPHGGFCJ28DA,0.0,0.0,0.0,無,
芎林鄉,土地,綠獅段306地號,157.18,,特定農業區,農牧用地,1100419,土地1建物0車位0,,,其他,,,,0.0,0,0,0,有,無,3803500,24198,,0.0,0,,SPRNMLNJPHGGFCJ38DA,0.0,0.0,0.0,無,
竹北市,房地(土地+建物)+車位,新竹縣竹北市新瀧一街３３號二樓,14.45,商,,,1100401,土地1建物1車位1,二層,十四層,住宅大樓(11層含以上有電梯),住家用,鋼筋混凝土造,1100324,129.09,2,2,2,有,有,6420000,58409,坡道平面,39.72,1200000,預售屋、或土地及建物分件登記案件；,RPXPMLKMPHGGFBJ98DA,53.04,1.85,4.73,有,
竹北市,房地(土地+建物)+車位,新竹縣竹北市新瀧一街３７號二樓,14.4,商,,,1100401,土地1建物1車位1,二層,十四層,住宅大樓(11層含以上有電梯),住家用,鋼筋混凝土造,1100324,128.79000000000002,2,2,2,有,有,6450000,57820,坡道平面,39.72,1300000,預售屋、或土地及建物分件登記案件；,RPOQMLKMPHGGFBJ18DA,52.84,1.85,4.73,有,
峨眉鄉,房地(土地+建物),新竹縣峨眉鄉富興２９號,450.76,,山坡地保育區,農牧用地,1100429,土地2建物1車位0,全,三層,透天厝,住家用,加強磚造,0640401,207.4,4,2,2,有,無,5000000,24108,,0.0,0,,RPXNMLOJQHGGFCJ56EA,207.4,0.0,0.0,無,
竹東鎮,房地(土地+建物),新竹縣竹東鎮燥樹排３７之３號,1857.0,,山坡地保育區,農牧用地,1100424,土地4建物1車位0,全,一層,透天厝,農業用,鋼骨造,0980109,99.0,2,2,1,有,無,5500000,55556,,0.0,0,其他增建；,RPXOMLTJQHGGFCJ17EA,99.0,0.0,0.0,無,
竹東鎮,土地,三重埔段103-20地號,568.6,工,,,1100407,土地1建物0車位0,,,其他,,,,0.0,0,0,0,有,無,11900000,20929,,0.0,0,農作物；,RPSNMLQJQHGGFCJ78DA,0.0,0.0,0.0,無,
新豐鄉,房地(土地+建物),新竹縣新豐鄉員山１３１之５３號,82.13,,山坡地保育區,丙種建築用地,1100423,土地3建物1車位0,全,三層,透天厝,住家用,鋼筋混凝土造,1100129,159.04,3,2,3,有,無,9000000,56590,,0.0,0,預售屋、或土地及建物分件登記案件；,RPTNMLOLNHGGFDJ68DA,143.74,0.0,15.3,無,
新豐鄉,房地(土地+建物),新竹縣新豐鄉員山１３１之４２號,85.05,,山坡地保育區,丙種建築用地,1100410,土地3建物1車位0,全,三層,透天厝,住家用,鋼筋混凝土造,1100129,159.04,3,2,3,有,無,9000000,56590,,0.0,0,預售屋、或土地及建物分件登記案件；,RPVNMLOLNHGGFDJ88DA,143.74,0.0,15.3,無,
寶山鄉,土地,大雅段865地號,354.15,,山坡地保育區,丙種建築用地,1100405,土地5建物0車位0,,,其他,,,,0.0,0,0,0,有,無,9000000,25413,,0.0,0,,RPWNMLOJPHGGFCJ88DA,0.0,0.0,0.0,無,1167
竹東鎮,房地(土地+建物)+車位,新竹縣竹東鎮龍鳳路２０之１號十三樓,17.04,商,,,1100419,土地1建物1車位1,十三層,十五層,住宅大樓(11層含以上有電梯),住家用,鋼筋混凝土造,1100317,124.38,2,2,1,有,有,6400000,51455,坡道平面,30.56,0,,RPWOMLTJQHGGFCJ07EA,59.45,0.0,3.84,有,1168
關西鎮,房地(土地+建物),新竹縣關西鎮大仁街１６號,84.49,住,,,1100430,土地2建物1車位0,全,二層,透天厝,住家用,加強磚造,,103.8,6,2,3,有,無,2720000,26204,,0.0,0,親友、員工、共有人或其他特殊關係間之交易；,RPTOMLTJQHGGFBJ56DA,103.8,0.0,0.0,無,
湖口鄉,土地,和興段1740-5地號,177.0,,特定農業區,甲種建築用地,1100420,土地2建物0車位0,,,其他,,,,0.0,0,0,0,有,無,6424800,36298,,0.0,0,,RPVOMLMLPHGGFDJ98DA,0.0,0.0,0.0,無,1169
尖石鄉,土地,煤源段121-13地號,3025.28,,山坡地保育區,農牧用地,1100412,土地2建物0車位0,,,其他,,,,0.0,0,0,0,有,無,2200000,727,,0.0,0,,RPUNMLKKQHGGFCJ58EA,0.0,0.0,0.0,無,
竹北市,房地(土地+建物)+車位,新竹縣竹北市臺元街５１號四樓之一,19.19,商,,,1100401,土地1建物1車位2,四層,十四層,住宅大樓(11層含以上有電梯),住家用,鋼筋混凝土造,0970627,209.89999999999998,4,2,2,有,有,11800000,56217,坡道平面,0.0,0,陽台外推；其他增建；,RPQNMLNKQHGGFBJ38EA,89.53,8.19,8.41,有,1170
竹北市,房地(土地+建物),新竹縣竹北市中山六街１０９號,70.02,,鄉村區,乙種建築用地,1100424,土地3建物1車位0,全,四層,透天厝,住家用,鋼筋混凝土造,1100608,181.69,5,2,4,有,有,14900000,82008,,0.0,0,預售屋、或土地及建物分件登記案件；,RPWOMLLJQHGGFBJ68DA,166.94,0.0,14.75,無,
竹北市,房地(土地+建物)+車位,新竹縣竹北市光明六路東二段２５８之１號九樓之十七,11.48,住,,,1100424,土地1建物1車位1,九層,九層,華廈(10層含以下有電梯),商業用,鋼筋混凝土造,0980121,86.9,3,2,2,有,有,8600000,98964,坡道平面,0.0,0,,RPPQMLRLMHGGFBJ58DA,36.29,4.77,0.0,有,1171
湖口鄉,房地(土地+建物),新竹縣湖口鄉安宅十街５１號三樓,15.28,,工業區,丁種建築用地,1100420,土地1建物1車位0,三層,五層,華廈(10層含以下有電梯),住家用,鋼筋混凝土造,1100322,60.480000000000004,2,1,2,有,有,3880000,64153,,0.0,0,,RPWNMLNKQHGGFDJ09DA,46.03,0.0,4.28,有,
關西鎮,土地,上橫坑段451-6地號,2474.8,,山坡地保育區,農牧用地,1100419,土地2建物0車位0,,,其他,,,,0.0,0,0,0,有,無,2500000,1010,,0.0,0,,RPTPMLSKQHGGFBJ66DA,0.0,0.0,0.0,無,
竹北市,房地(土地+建物)+車位,新竹縣竹北市勝利八街一段３８７號二十二樓,16.38,商,,,1100425,土地1建物1車位1,二十二層,二十九層,住宅大樓(11層含以上有電梯),住家用,鋼筋混凝土造,1070418,182.64,4,2,2,有,有,23000000,125931,坡道平面,24.96,0,,RPWOMLOLQHGGFBJ66EA,95.99,4.87,3.95,有,1172
新豐鄉,房地(土地+建物)+車位,新竹縣新豐鄉建興路二段６９０之１號十二樓,24.67,住,,,1100407,土地1建物1車位1,十二層,十二層,住宅大樓(11層含以上有電梯),住家用,鋼筋混凝土造,1100623,110.50999999999999,2,2,2,有,有,6180000,55923,一樓平面,0.0,1200000,,RPRPMLTJQHGGFDJ66DA,56.24,0.0,6.41,有,
新豐鄉,房地(土地+建物)+車位,新竹縣新豐鄉建興路二段６８８之１號十二樓,23.7,住,,,1100410,土地1建物1車位1,十二層,十二層,住宅大樓(11層含以上有電梯),住家用,鋼筋混凝土造,1100623,106.02,2,2,1,有,有,5980000,56404,一樓平面,0.0,1200000,,RPUQMLTJQHGGFDJ07DA,53.14,0.0,6.41,有,
北埔鄉,土地,溝背段831地號,3996.4,,山坡地保育區,農牧用地,1100417,土地8建物0車位0,,,其他,,,,0.0,0,0,0,有,無,12500000,3128,,0.0,0,未登記建物；,RPXNMLPLQHGGFCJ86EA,0.0,0.0,0.0,無,
寶山鄉,土地,明湖段1632地號,11891.29,,山坡地保育區,農牧用地,1100426,土地10建物0車位0,,,其他,,,,0.0,0,0,0,有,無,71940000,6050,,0.0,0,,RPROMLQKQHGGFCJ88DA,0.0,0.0,0.0,無,
湖口鄉,房地(土地+建物),新竹縣湖口鄉安宅十街５１號二樓,15.28,,工業區,丁種建築用地,1100422,土地1建物1車位0,二層,五層,華廈(10層含以下有電梯),住家用,鋼筋混凝土造,1100322,60.480000000000004,2,1,2,有,有,3850000,63657,,0.0,0,,RPQNMLRLQHGGFDJ98DA,46.03,0.0,4.28,有,
湖口鄉,房地(土地+建物),新竹縣湖口鄉安宅十街５１號,22.92,,工業區,丁種建築用地,1100420,土地1建物1車位0,一層,五層,華廈(10層含以下有電梯),住家用,鋼筋混凝土造,1100322,69.97,2,1,2,有,有,5200000,74318,,0.0,0,,RPSNMLRLQHGGFDJ56DA,46.03,0.0,0.0,有,
湖口鄉,房地(土地+建物)+車位,新竹縣湖口鄉仁愛路７６號,63.4,,工業區,丁種建築用地,1100429,土地1建物5車位3,一層,五層,華廈(10層含以下有電梯),商業用,鋼筋混凝土造,1100317,224.57,0,0,0,無,有,23000000,102418,一樓平面,48.5,0,,RPRNMLKMQHGGFDJ48DA,71.63,0.0,0.0,有,
竹北市,土地,隘興段407地號,1264.22,商,,,1100406,土地1建物0車位0,,,其他,,,,0.0,0,0,0,有,無,416800000,329689,,0.0,0,,RPSSMLTJPHGGFBJ76DA,0.0,0.0,0.0,無,
新豐鄉,房地(土地+建物),新竹縣新豐鄉坑子口４５８之１８號,244.0,,特定農業區,農牧用地,1100416,土地4建物1車位0,全,四層,透天厝,住家用,鋼筋混凝土造,1100622,212.62,4,2,3,有,有,8800000,41388,,0.0,0,預售屋、或土地及建物分件登記案件；,RPXNMLRLQHGGFDJ07DA,204.96,0.0,7.66,無,
新豐鄉,房地(土地+建物),新竹縣新豐鄉坑子口４５８之２６號,279.0,,特定農業區,甲種建築用地,1100417,土地4建物1車位0,全,四層,透天厝,住家用,鋼筋混凝土造,1100622,172.06,4,2,3,有,有,10030000,58294,,0.0,0,預售屋、或土地及建物分件登記案件；,RPQOMLRLQHGGFDJ09DA,161.52,0.0,10.54,無,
竹北市,房地(土地+建物)+車位,新竹縣竹北市六家五路二段２７２號十八樓,26.64,住,,,1100411,土地1建物1車位2,十八層,二十五層,住宅大樓(11層含以上有電梯),住家用,鋼筋混凝土造,1010924,233.10000000000002,3,2,2,有,有,19500000,83655,坡道平面,0.0,2400000,,RPUQMLMJRHGGFBJ98EA,97.47,3.16,10.49,有,1173
竹北市,土地,東華段1276地號,241.8,,鄉村區,乙種建築用地,1100418,土地2建物0車位0,,,其他,,,,0.0,0,0,0,有,無,22000000,90984,,0.0,0,,RPWPMLQJRHGGFBJ86EA,0.0,0.0,0.0,無,
北埔鄉,土地,湖西段1220-10地號,1965.23,,山坡地保育區,林業用地,1100410,土地2建物0車位0,,,其他,,,,0.0,0,0,0,有,無,1500000,763,,0.0,0,,RPQNMLQLQHGGFCJ78DA,0.0,0.0,0.0,無,
竹北市,房地(土地+建物)+車位,新竹縣竹北市興隆路三段１５５號二十二樓,77.45,住,,,1100409,土地1建物1車位4,二十二層,二十七層,住宅大樓(11層含以上有電梯),住家用,鋼骨鋼筋混凝土造,1061228,550.19,4,2,5,有,有,74100000,142366,坡道平面,105.56,10800000,,RPRPMLTLOHGGFBJ09DA,235.42,12.86,47.42,有,
竹北市,房地(土地+建物)+車位,新竹縣竹北市隘口五街２０號七樓,31.49,住,,,1100408,土地1建物1車位1,七層,十二層,住宅大樓(11層含以上有電梯),住家用,鋼筋混凝土造,1000701,167.99,2,2,2,有,有,17900000,106554,坡道平面,0.0,0,陽台外推；,RPPPMLMJRHGGFBJ28DA,76.93,5.66,11.07,有,
竹東鎮,房地(土地+建物)+車位,新竹縣竹東鎮龍鳳路２２號十一樓,16.91,商,,,1100418,土地1建物1車位1,十一層,十五層,住宅大樓(11層含以上有電梯),住家用,鋼筋混凝土造,1100317,123.88,2,2,1,有,有,6360000,51340,坡道平面,30.56,0,,RPOOMLQJQHGGFCJ48DA,58.94,0.0,4.08,有,1174
竹北市,土地,隘興段608地號,212.36,住,,,1100419,土地1建物0車位0,,,其他,,,,0.0,0,0,0,有,無,37250000,175410,,0.0,0,,RPROMLTJQHGGFBJ98DA,0.0,0.0,0.0,無,
北埔鄉,土地,南埔段番婆坑小段26地號,8934.0,,山坡地保育區,林業用地,1100404,土地3建物0車位0,,,其他,,,,0.0,0,0,0,有,無,4500000,504,,0.0,0,,RPRNMLTJRHGGFCJ09DA,0.0,0.0,0.0,無,
芎林鄉,房地(土地+建物),新竹縣芎林鄉福昌街５６５巷１２弄２號,73.54,,特定農業區,甲種建築用地,1100412,土地3建物1車位0,全,四層,透天厝,住家用,鋼筋混凝土造,1100503,178.16,4,2,3,有,無,11680000,65559,,0.0,0,,RPVNMLSJRHGGFCJ86EA,160.94,0.0,17.22,無,
竹北市,土地,永興段244地號,147.89,住,,,1100307,土地1建物0車位0,,,其他,,,,0.0,0,0,0,有,無,23300000,157550,,0.0,0,,RPQPMLTJOHGGFBJ78DA,0.0,0.0,0.0,無,
竹北市,土地,永興段245地號,146.65,住,,,1100307,土地1建物0車位0,,,其他,,,,0.0,0,0,0,有,無,23059700,157243,,0.0,0,,RPRPMLTJOHGGFBJ88DA,0.0,0.0,0.0,無,
湖口鄉,房地(土地+建物)+車位,吉祥街８０號二樓之１１,24.4,,鄉村區,乙種建築用地,1100331,土地2建物1車位1,二層,十層,華廈(10層含以下有電梯),住家用,鋼筋混凝土造,1090715,128.61,2,2,1,有,有,6180000,48052,坡道平面,33.26,0,含裝潢費；,RPOOMLOJOHGGFDJ18DA,56.48,0.0,8.32,有,
竹東鎮,土地,二重埔段230-3地號,2500.0,工,,,1100310,土地1建物0車位0,,,其他,,,,0.0,0,0,0,有,無,51425000,20570,,0.0,0,,RPOOMLTJOHGGFCJ68EA,0.0,0.0,0.0,無,
竹北市,房地(土地+建物)+車位,隘口三街２２０號十五樓之一,15.67,商,,,1100323,土地1建物1車位1,十五層,十五層,住宅大樓(11層含以上有電梯),住家用,鋼筋混凝土造,0991214,128.75,2,2,1,有,有,10000000,77670,坡道平面,31.88,0,,RPUSMLLKOHGGFBJ88EA,58.72,3.96,4.3,有,1175
湖口鄉,房地(土地+建物),維東二街６７號,108.67,,鄉村區,乙種建築用地,1100306,土地1建物1車位0,全,四層,透天厝,住家用,鋼筋混凝土造,1091221,163.09,4,2,4,有,無,10150000,62236,,0.0,0,,RPVNMLSJOHGGFDJ56DA,163.09,0.0,0.0,無,
湖口鄉,房地(土地+建物)+車位,嘉興路一段７３號二樓之７,27.63,,特定農業區,甲種建築用地,1100328,土地1建物1車位1,二層,五層,華廈(10層含以下有電梯),住家用,鋼筋混凝土造,1090116,109.72,2,2,1,有,有,4650000,49879,坡道平面,31.53,750000,,RPSNMLOKNHGGFDJ48DA,52.05,0.0,4.75,有,
芎林鄉,房地(土地+建物)+車位,文富街８２號二樓,43.51,住,,,1100317,土地1建物1車位1,二層,十三層,住宅大樓(11層含以上有電梯),住家用,鋼筋混凝土造,1070608,150.67000000000002,3,2,2,有,有,10280000,68229,坡道平面,26.03,0,,RPXOMLRJOHGGFCJ66DA,76.53,4.32,8.26,有,1176
芎林鄉,房地(土地+建物)+車位,文富街１８１號,28.34,住,,,1100315,土地1建物1車位1,一層,七層,華廈(10層含以下有電梯),商業用,鋼筋混凝土造,1100306,92.28999999999999,0,1,1,有,無,8300000,89934,其他,0.0,950000,管理組織:目前無將來會成立.店舖,RPPRMLQKMHGGFCJ58DA,47.8,0.0,0.0,有,
竹北市,土地,隘興段142-7地號,305.81,住,,,1100306,土地2建物0車位0,,,其他,,,,0.0,0,0,0,有,無,52500000,171675,,0.0,0,,RPSNMLOJOHGGFBJ28DA,0.0,0.0,0.0,無,
新埔鎮,土地,泰陽段432地號,116.72,都市：其他:道路用地,,,1100329,土地5建物0車位0,,,其他,,,,0.0,0,0,0,有,無,260000,2228,,0.0,0,包含公共設施保留地用地；,RPPPMLQLLHGGFBJ28DA,0.0,0.0,0.0,無,0737
新埔鎮,土地,泰陽段432地號,46.54,都市：其他:道路用地,,,1100325,土地4建物0車位0,,,其他,,,,0.0,0,0,0,有,無,53250,1144,,0.0,0,包含公共設施保留地用地；,RPRSMLOJNHGGFBJ58DA,0.0,0.0,0.0,無,0737
竹東鎮,土地,竹東段竹東小段379-2地號,63.0,住,,,1100330,土地2建物0車位0,,,其他,,,,0.0,0,0,0,有,無,5395900,85649,,0.0,0,,RPPNMLKKOHGGFCJ77DA,0.0,0.0,0.0,無,1179
竹北市,房地(土地+建物)+車位,北新一街８號十七樓,11.61,商,,,1100329,土地1建物1車位1,十七層,二十四層,住宅大樓(11層含以上有電梯),住家用,鋼筋混凝土造,1080416,131.05,2,2,1,有,有,9550000,72873,坡道平面,26.97,0,,RPQUMLLKOHGGFBJ68EA,65.2,0.0,5.7,有,1180
竹北市,土地,永興段618-1地號,2000.02,住,,,1100321,土地2建物0車位0,,,其他,,,,0.0,0,0,0,有,無,525880000,262937,,0.0,0,,RPRTMLLKOHGGFBJ68EA,0.0,0.0,0.0,無,1181
竹東鎮,房地(土地+建物)+車位,中興路二段１０１巷２７號十樓,67.47,,特定農業區,丁種建築用地,1100327,土地3建物1車位1,十層,十四層,住宅大樓(11層含以上有電梯),其他,鋼筋混凝土造,1020822,275.21000000000004,4,2,2,有,有,10600000,38516,坡道平面,28.03,0,,RPSOMLKKOHGGFCJ28EA,166.55,0.0,9.01,有,1182
竹東鎮,房地(土地+建物),中豐路三段３３３巷３７號,93.24,,山坡地保育區,丙種建築用地,1100330,土地1建物1車位0,全,三層,透天厝,住家用,鋼筋混凝土造,0841222,210.59,3,2,4,有,有,6000000,28491,,0.0,0,,RPRNMLPKOHGGFCJ58EA,186.88,13.72,9.99,無,0583
湖口鄉,房地(土地+建物),蘭州街２２３號,57.6,,工業區,丁種建築用地,1100329,土地1建物1車位0,全,三層,透天厝,住家用,鋼筋混凝土造,0821004,138.84,4,2,3,有,無,6700000,48257,,0.0,0,,RPPOMLLKOHGGFDJ18EA,121.26,8.22,9.36,無,
湖口鄉,土地,中義段707地號,174.74,都市：其他:住(二),,,1100308,土地1建物0車位0,,,其他,,,,0.0,0,0,0,有,無,9520000,54481,,0.0,0,,RPXNMLQKOHGGFDJ76EA,0.0,0.0,0.0,無,1184
新豐鄉,房地(土地+建物),員山１３１之５８號,82.13,,山坡地保育區,丙種建築用地,1100314,土地3建物1車位0,全,三層,透天厝,住家用,鋼筋混凝土造,1100129,159.04,3,2,3,有,無,8900000,55961,,0.0,0,預售屋、或土地及建物分件登記案件；,RPXPMLQKMHGGFDJ66DA,143.74,0.0,15.3,無,
新豐鄉,房地(土地+建物),員山１３１之８０號,82.47,,山坡地保育區,丙種建築用地,1100309,土地3建物1車位0,全,三層,透天厝,住家用,鋼筋混凝土造,1100129,159.04,3,2,3,有,無,8750000,55018,,0.0,0,預售屋、或土地及建物分件登記案件；,RPURMLQKMHGGFDJ56DA,143.74,0.0,15.3,無,
湖口鄉,房地(土地+建物),新竹縣湖口鄉松江一街６號,30.5,,工業區,丁種建築用地,1100320,土地1建物1車位0,一層,五層,華廈(10層含以下有電梯),住家用,鋼筋混凝土造,0810902,95.97,3,2,2,有,無,4700000,48974,,0.0,0,經查本建物確有電梯,RPRNMLTJOHGGFDJ88DA,84.15,11.82,0.0,有,
竹東鎮,房地(土地+建物),南寧路９１巷４弄１１號,69.0,住,,,1100320,土地1建物1車位0,全,二層,透天厝,住家用,鋼筋混凝土造,0690124,86.4,3,2,2,有,無,5800000,67130,,0.0,0,,RPTNMLQKOHGGFCJ78DA,86.4,0.0,0.0,無,
竹北市,房地(土地+建物)+車位,自強南路５９巷１號十二樓之七,9.57,住,,,1100303,土地1建物1車位1,十二層,十四層,住宅大樓(11層含以上有電梯),住家用,鋼筋混凝土造,0930611,64.19,1,1,1,有,有,5200000,81010,坡道機械,0.0,0,,RPXOMLLJOHGGFBJ58DA,28.62,0.0,4.61,有,
新豐鄉,房地(土地+建物),員山１３１之９７號,82.47,,山坡地保育區,丙種建築用地,1100317,土地3建物1車位0,全,三層,透天厝,住家用,鋼筋混凝土造,1100129,159.04,3,2,3,有,無,8870000,55772,,0.0,0,預售屋、或土地及建物分件登記案件；,RPPTMLQKMHGGFDJ88DA,143.74,0.0,15.3,無,
竹東鎮,土地,二重埔段302-16地號,3305.96,工,,,1100306,土地1建物0車位0,,,其他,,,,0.0,0,0,0,有,無,72000000,21779,,0.0,0,,RPPNMLRKOHGGFCJ58EA,0.0,0.0,0.0,無,1146
湖口鄉,房地(土地+建物)+車位,吉祥街８０號二樓之３,20.8,,鄉村區,乙種建築用地,1100307,土地2建物1車位1,二層,十層,華廈(10層含以下有電梯),住家用,鋼筋混凝土造,1090715,117.21000000000001,2,2,1,有,有,4980000,42488,坡道平面,0.0,0,,RPPOMLQKOHGGFDJ58DA,52.05,0.0,2.96,有,
竹東鎮,土地,二重埔段243-19地號,760.72,工,,,1100328,土地1建物0車位0,,,其他,,,,0.0,0,0,0,有,無,16798000,22082,,0.0,0,,RPUNMLLKOHGGFCJ38DA,0.0,0.0,0.0,無,1186
寶山鄉,土地,雞油凸段三叉凸小段214-3地號,231.0,,山坡地保育區,丙種建築用地,1100315,土地1建物0車位0,,,其他,,,,0.0,0,0,0,有,無,8550000,37013,,0.0,0,,RPUNMLSJOHGGFCJ98DA,0.0,0.0,0.0,無,1187
竹北市,房地(土地+建物)+車位,光明六路東二段３７１號十七樓,47.55,住,,,1100328,土地1建物1車位2,十七層,二十四層,住宅大樓(11層含以上有電梯),住家用,鋼筋混凝土造、鋼骨鋼筋混凝土造,1070809,329.01,3,2,2,有,有,44600000,156045,坡道平面,62.42,3000000,,RPVVMLTLLHGGFBJ17DA,151.42,12.23,15.01,有,
竹北市,土地,溝貝段1103地號,1342.0,,特定農業區,農牧用地,1100312,土地1建物0車位0,,,其他,,,,0.0,0,0,0,有,無,12180000,9076,,0.0,0,,RPTPMLQKOHGGFBJ88DA,0.0,0.0,0.0,無,
新埔鎮,土地,內立段342-1地號,240.0,,特定農業區,甲種建築用地,1100313,土地1建物0車位0,,,其他,,,,0.0,0,0,0,有,無,4356000,18150,,0.0,0,,RPPOMLPKOHGGFBJ28DA,0.0,0.0,0.0,無,1188
竹北市,房地(土地+建物)+車位,北新一街２８號六樓,9.36,商,,,1100311,土地1建物1車位1,六層,二十四層,住宅大樓(11層含以上有電梯),住家用,鋼筋混凝土造,1080416,112.46000000000001,2,2,1,有,有,8550000,76027,坡道平面,28.17,0,,RPTNMLQKOHGGFBJ68DA,47.74,0.0,9.72,有,1189
竹北市,房地(土地+建物)+車位,六家一路一段１４０號十一樓之五,14.16,商,,,1100324,土地1建物1車位1,十一層,十五層,住宅大樓(11層含以上有電梯),住家用,鋼筋混凝土造,1000707,124.46000000000001,2,2,1,有,有,8600000,69099,坡道平面,30.46,0,,RPUSMLTLLHGGFBJ76DA,51.76,5.23,6.84,有,1190
竹北市,房地(土地+建物)+車位,新瀧一街５號二十樓,20.88,商,,,1100326,土地1建物1車位1,二十層，二十一層,二十一層,住宅大樓(11層含以上有電梯),住家用,鋼筋混凝土造,1050126,225.19,3,2,2,有,有,12500000,55509,坡道平面,36.42,0,,RPOOMLLJOHGGFBJ67DA,104.41,0.0,28.99,有,
寶山鄉,土地,新城段新城小段61地號,4412.0,都市：其他:,山坡地保育區,農牧用地,1100319,土地2建物0車位0,,,其他,,,,0.0,0,0,0,有,無,27400000,6210,,0.0,0,,RPSNMLNLLHGGFCJ18DA,0.0,0.0,0.0,無,
新豐鄉,房地(土地+建物)+車位,松林街５１巷１０號二樓,40.04,住,,,1100328,土地1建物1車位1,二層,七層,華廈(10層含以下有電梯),住家用,鋼筋混凝土造,0980818,155.28,3,2,2,有,有,8300000,53452,坡道平面,0.0,0,陽台外推；,RPVQMLMKNHGGFDJ88DA,89.07,2.78,9.47,有,1191
湖口鄉,土地,德盛段637地號,1096.0,,特定農業區,甲種建築用地,1100325,土地1建物0車位0,,,其他,,,,0.0,0,0,0,有,無,31776000,28993,,0.0,0,,RPQNMLRKOHGGFDJ68DA,0.0,0.0,0.0,無,
竹北市,房地(土地+建物)+車位,興隆路三段３０１號十六樓,70.72,住,,,1100331,土地1建物1車位2,十六層,二十五層,住宅大樓(11層含以上有電梯),住家用,鋼筋混凝土造,1001223,453.21000000000004,4,2,3,有,有,37000000,81640,坡道平面,0.0,0,,RPROMLRKOHGGFBJ78EA,221.04,10.89,26.3,有,
竹東鎮,土地,竹東段竹東小段66-13地號,7.0,住,,,1100329,土地1建物0車位0,,,其他,,,,0.0,0,0,0,有,無,444675,63525,,0.0,0,,RPWNMLMLOHGGFCJ88EA,0.0,0.0,0.0,無,1192
竹北市,房地(土地+建物),中泰路１０號四樓之一,24.18,商,,,1100316,土地1建物1車位0,四層,八層,華廈(10層含以下有電梯),住家用,鋼筋混凝土造,0810429,173.48999999999998,7,0,7,有,有,10750000,61963,,0.0,0,含租約；,RPPNMLNLOHGGFBJ18EA,159.23,0.0,0.0,有,1193
竹北市,房地(土地+建物)+車位,北新一街２３號十九樓之三,9.56,商,,,1100327,土地1建物1車位1,十九層,二十四層,住宅大樓(11層含以上有電梯),住家用,鋼筋混凝土造,1091225,122.63,2,2,1,有,有,9800000,79915,坡道平面,29.41,0,,RPSNMLLLOHGGFBJ28EA,57.48,0.0,5.64,有,1194
湖口鄉,土地,長威段2039地號,410.88,,鄉村區,乙種建築用地,1100325,土地1建物0車位0,,,其他,,,,0.0,0,0,0,有,無,16157000,39323,,0.0,0,,RPWNMLQLLHGGFDJ98DA,0.0,0.0,0.0,無,1195
竹北市,房地(土地+建物)+車位,六家五路一段２２５號四樓,16.61,商,,,1100330,土地1建物1車位1,四層,十四層,住宅大樓(11層含以上有電梯),住家用,鋼筋混凝土造,1030127,136.78,2,1,1,有,有,11100000,81152,坡道平面,0.0,0,,RPSRMLMLOHGGFBJ68DA,64.26,2.03,2.87,有,1196
竹北市,房地(土地+建物),興隆路三段３７巷３號,90.31,住,,,1100309,土地3建物1車位0,全,四層,透天厝,住商用,鋼筋混凝土造,0951113,292.27,4,3,5,有,有,18400000,62955,,0.0,0,,RPUQMLKKLHGGFBJ18DA,216.5,2.63,25.12,無,
竹北市,土地,省道段494地號,108.75,都市：其他:道路用地,,,1100317,土地1建物0車位0,,,其他,,,,0.0,0,0,0,有,無,2713204,24949,,0.0,0,包含公共設施保留地用地；,RPURMLLJOHGGFBJ58DA,0.0,0.0,0.0,無,0694
新豐鄉,土地,忠信段1055-15地號,119.35,住,,,1100313,土地1建物0車位0,,,其他,,,,0.0,0,0,0,有,無,7400000,62003,,0.0,0,,RPVNMLLLOHGGFDJ68DA,0.0,0.0,0.0,無,
竹北市,土地,永興段525地號,2069.93,住,,,1100327,土地1建物0車位0,,,其他,,,,0.0,0,0,0,有,無,695250000,335881,,0.0,0,,RPPPMLMLOHGGFBJ28EA,0.0,0.0,0.0,無,
竹東鎮,土地,柯子湖段67地號,330.75,工,,,1100325,土地2建物0車位0,,,其他,,,,0.0,0,0,0,有,無,7100000,21466,,0.0,0,,RPOOMLMKNHGGFCJ87DA,0.0,0.0,0.0,無,1198
竹東鎮,土地,柯子湖段7地號,645.54,工,,,1100331,土地4建物0車位0,,,其他,,,,0.0,0,0,0,有,無,13358000,20693,,0.0,0,,RPUOMLKKOHGGFCJ38DA,0.0,0.0,0.0,無,1199
竹北市,房地(土地+建物)+車位,北新一街２３號十三樓之一,14.01,商,,,1100310,土地1建物1車位1,十三層,二十四層,住宅大樓(11層含以上有電梯),住家用,鋼筋混凝土造,1091225,153.42000000000002,3,2,2,有,有,12790000,83366,坡道平面,29.41,0,本件交易土地買賣價款為768萬元建物買賣價款為511萬元。,RPXOMLLLOHGGFBJ78DA,78.29,0.0,5.82,有,1200
竹北市,房地(土地+建物)+車位,新竹縣竹北市勝利一路９１號五樓,13.18,商,,,1100329,土地1建物1車位2,五層,二十一層,住宅大樓(11層含以上有電梯),住家用,鋼筋混凝土造,0930517,163.32999999999998,3,2,2,有,有,12000000,73471,坡道平面,0.0,0,,RPPOMLOKNHGGFBJ08DA,86.46,0.0,8.63,有,
竹東鎮,土地,柯子湖段336地號,198.35,工,,,1100331,土地4建物0車位0,,,其他,,,,0.0,0,0,0,有,無,4474000,22556,,0.0,0,,RPTOMLKKOHGGFCJ28DA,0.0,0.0,0.0,無,1201
橫山鄉,土地,豐鄉段683-2地號,2392.16,,山坡地保育區,林業用地,1100323,土地4建物0車位0,,,其他,,,,0.0,0,0,0,有,無,2500000,1045,,0.0,0,,RPPOMLSLNHGGFCJ68DA,0.0,0.0,0.0,無,0654
湖口鄉,房地(土地+建物),吳厝路３６號四樓,79.41,,特定農業區,農牧用地,1100322,土地5建物1車位0,四層,五層,華廈(10層含以下有電梯),住家用,鋼筋混凝土造,1100104,75.04,2,2,1,有,無,3580000,47708,,0.0,0,農地上做分管停車用並含在總價款裡預售屋、或土地及建物分件登記案件；,RPOOMLNLOHGGFDJ28DA,54.83,0.0,5.59,有,
湖口鄉,房地(土地+建物),天津二街１６號,99.0,,工業區,丁種建築用地,1100305,土地1建物1車位0,全,五層,透天厝,住家用,鋼筋混凝土造,1100329,384.64,10,1,10,有,無,21600000,56156,,0.0,0,,RPPNMLKLOHGGFDJ97DA,363.84,0.0,20.8,有,
竹東鎮,土地,二重埔段302-96地號,330.5,工,,,1100310,土地1建物0車位0,,,其他,,,,0.0,0,0,0,有,無,7190000,21755,,0.0,0,農作物；,RPSNMLMLOHGGFCJ38DA,0.0,0.0,0.0,無,1203
竹東鎮,土地,二重埔段232-4地號,3306.0,工,,,1100305,土地1建物0車位0,,,其他,,,,0.0,0,0,0,有,無,75000000,22686,,0.0,0,農作物；,RPTNMLMLOHGGFCJ48DA,0.0,0.0,0.0,無,
新豐鄉,土地,員興段1215-1地號,108.5,農,,,1100304,土地1建物0車位0,,,其他,,,,0.0,0,0,0,有,無,2326240,21440,,0.0,0,政府機關標讓售；,RPQNMLNLOHGGFDJ48EA,0.0,0.0,0.0,無,
竹北市,房地(土地+建物)+車位,新竹縣竹北市隘口六街３７號二樓之七,10.05,住,,,1100310,土地1建物1車位1,二層,九層,華廈(10層含以下有電梯),商業用,鋼筋混凝土造,0970609,59.77,2,1,1,有,有,6250000,104585,坡道機械,0.0,0,夾層；,RPQNMLNLOHGGFBJ28EA,30.33,1.69,3.22,有,1204
湖口鄉,房地(土地+建物),新竹縣湖口鄉吳厝路３６號二樓,79.41,,特定農業區,農牧用地,1100319,土地5建物1車位0,二層,五層,華廈(10層含以下有電梯),住家用,鋼筋混凝土造,1100104,75.04,2,2,1,有,無,3600000,47974,,0.0,0,農地上做分管停車用並含在總價款裡預售屋、或土地及建物分件登記案件；,RPVNMLNLOHGGFDJ88DA,54.83,0.0,5.59,有,
竹北市,土地,家興段654地號,195.67,住,,,1100321,土地1建物0車位0,,,其他,,,,0.0,0,0,0,有,無,26800000,136965,,0.0,0,,RPPQMLQKOHGGFBJ58DA,0.0,0.0,0.0,無,
竹北市,房地(土地+建物)+車位,新竹縣竹北市復興七路５８號九樓,35.29,住,,,1100304,土地1建物1車位2,九層,十四層,住宅大樓(11層含以上有電梯),住家用,鋼筋混凝土造,0970825,236.12,4,2,2,有,有,22800000,96561,坡道平面,0.0,0,陽台外推；,RPXNMLSLOHGGFBJ76DA,108.28,7.49,9.64,有,
竹北市,房地(土地+建物)+車位,新竹縣竹北市光明十八街１８號十二 樓,31.74,住,,,1100309,土地1建物1車位1,十二層,十四層,住宅大樓(11層含以上有電梯),住家用,鋼筋混凝土造,1010318,185.05,3,2,2,有,有,14980000,80951,坡道平面,0.0,0,,RPTUMLNLOHGGFBJ56DA,101.29,3.75,11.5,有,1205
峨眉鄉,土地,三峰段878地號,5131.12,,山坡地保育區,農牧用地,1100330,土地1建物0車位0,,,其他,,,,0.0,0,0,0,有,無,4389800,856,,0.0,0,,RPOOMLPLOHGGFCJ48EA,0.0,0.0,0.0,無,
竹北市,房地(土地+建物)+車位,新竹縣竹北市復興六路４８號十三樓,74.2,住,,,1100329,土地1建物1車位2,十三層，十四層,十四層,住宅大樓(11層含以上有電梯),住家用,鋼筋混凝土造,0961207,426.37,4,2,3,有,有,43000000,100851,坡道平面,0.0,0,夾層；,RPPOMLTLOHGGFBJ78DA,221.45,13.86,18.96,有,
竹北市,房地(土地+建物)+車位,新竹縣竹北市光明六路東二段３７５號十一樓,41.42,住,,,1100328,土地1建物1車位1,十一層,二十四層,住宅大樓(11層含以上有電梯),住家用,鋼筋混凝土造、鋼骨鋼筋混凝土造,1070809,264.86,2,2,2,有,有,35400000,145517,坡道平面,31.21,1400000,,RPUVMLTLLHGGFBJ07DA,133.22,9.81,13.53,有,
新埔鎮,土地,水車頭段9地號,2769.53,,特定農業區,農牧用地,1100328,土地5建物0車位0,,,其他,,,,0.0,0,0,0,有,無,11000000,3972,,0.0,0,,RPRPMLSLOHGGFBJ98DA,0.0,0.0,0.0,無,
竹東鎮,土地,二重埔段231-8地號,4236.0,工,,,1100331,土地1建物0車位0,,,其他,,,,0.0,0,0,0,有,無,90950000,21471,,0.0,0,農作物；,RPUNMLKMOHGGFCJ48DA,0.0,0.0,0.0,無,
湖口鄉,房地(土地+建物)+車位,新竹縣湖口鄉吉祥街８０號九樓之６,20.51,,鄉村區,乙種建築用地,1100322,土地2建物1車位1,九層,十層,華廈(10層含以下有電梯),住家用,鋼筋混凝土造,1090715,110.37,2,1,1,有,有,5490000,49742,坡道平面,30.61,0,含裝潢費；,RPRNMLPLOHGGFDJ68DA,48.27,2.93,2.98,有,
新埔鎮,土地,照門段345地號,984.06,,山坡地保育區,丙種建築用地,1100323,土地3建物0車位0,,,其他,,,,0.0,0,0,0,有,無,7200000,7317,,0.0,0,,RPOPMLKMOHGGFBJ97DA,0.0,0.0,0.0,無,
新埔鎮,土地,照門段253-24地號,846.78,,山坡地保育區,農牧用地,1100323,土地1建物0車位0,,,其他,,,,0.0,0,0,0,有,無,1800000,2126,,0.0,0,,SPOPMLKMOHGGFBJ08DA,0.0,0.0,0.0,無,
新埔鎮,土地,照門段353地號,630.2,,山坡地保育區,水利用地,1100323,土地1建物0車位0,,,其他,,,,0.0,0,0,0,有,無,1300000,2063,,0.0,0,,TPOPMLKMOHGGFBJ18DA,0.0,0.0,0.0,無,
新埔鎮,土地,照門段253地號,251.23,,山坡地保育區,農牧用地,1100323,土地3建物0車位0,,,其他,,,,0.0,0,0,0,有,無,500000,1990,,0.0,0,,UPOPMLKMOHGGFBJ28DA,0.0,0.0,0.0,無,0202
新埔鎮,土地,照門段253-11地號,1000.23,,山坡地保育區,農牧用地,1100323,土地4建物0車位0,,,其他,,,,0.0,0,0,0,有,無,2718000,2717,,0.0,0,,VPOPMLKMOHGGFBJ38DA,0.0,0.0,0.0,無,0202
湖口鄉,房地(土地+建物)+車位,新竹縣湖口鄉明德街８９巷５弄１２號,57.96,住,,,1100312,土地1建物1車位1,全,三層,透天厝,住家用,鋼筋混凝土造,1091014,205.57999999999998,2,2,2,有,有,10350000,54244,坡道平面,33.21,1000000,,RPSNMLPLOHGGFDJ78DA,171.0,14.89,0.0,無,
竹東鎮,房地(土地+建物),新竹縣竹東鎮康寧街２２５號,182.0,住,,,1100329,土地2建物1車位0,全,四層,透天厝,住商用,鋼筋混凝土造,,153.0,5,2,3,有,無,15998025,104562,,0.0,0,,RPUNMLMJPHGGFCJ58EA,153.0,0.0,0.0,無,
湖口鄉,土地,南安段80地號,244.73,,鄉村區,乙種建築用地,1100321,土地3建物0車位0,,,其他,,,,0.0,0,0,0,有,無,4441800,18150,,0.0,0,,RPTNMLTLLHGGFDJ98DA,0.0,0.0,0.0,無,
湖口鄉,房地(土地+建物),新竹縣湖口鄉蘭州三街９號,53.31,,工業區,丁種建築用地,1100324,土地1建物1車位0,全,三層,透天厝,住家用,鋼筋混凝土造,0811205,139.91,5,2,4,有,無,6300000,45029,,0.0,0,,RPSPMLLJPHGGFDJ48DA,126.0,5.2,8.71,無,1208
竹北市,土地,國義段104-1地號,444.43,住,,,1100330,土地2建物0車位0,,,其他,,,,0.0,0,0,0,有,無,78650000,176968,,0.0,0,,RPSNMLLJPHGGFBJ08DA,0.0,0.0,0.0,無,
竹北市,土地,國義段104地號,445.06,住,,,1100330,土地1建物0車位0,,,其他,,,,0.0,0,0,0,有,無,78760000,176965,,0.0,0,,RPUNMLLJPHGGFBJ28DA,0.0,0.0,0.0,無,1209
竹北市,房地(土地+建物),新竹縣竹北市華興一街８７巷３號,85.11,住,,,1100323,土地1建物1車位0,全,二層,透天厝,住家用,鋼筋混凝土造,,73.8,7,2,3,有,無,8500000,115176,,0.0,0,頂樓加蓋；其他增建；,RPPUMLOLNHGGFBJ78DA,73.8,0.0,0.0,無,
竹東鎮,房地(土地+建物)+車位,新竹縣竹東鎮光明路１２６巷８７弄２１號八樓,25.96,都市：其他:科技商務服務專用區,,,1100327,土地3建物1車位1,八層,十四層,住宅大樓(11層含以上有電梯),辦公用,鋼筋混凝土造,1040325,172.8,4,2,2,有,有,8370000,48438,坡道平面,0.0,0,陽台外推；,RPPOMLLJPHGGFCJ97DA,92.32,0.0,8.53,有,1210
湖口鄉,房地(土地+建物),新竹縣湖口鄉維東路１０３號,92.68,,鄉村區,乙種建築用地,1100313,土地1建物1車位0,全,四層,透天厝,住家用,鋼筋混凝土造,1091218,156.6,4,2,4,有,無,9600000,61303,,0.0,0,,RPTNMLTJMHGGFDJ88DA,152.14,0.0,4.46,無,
竹北市,房地(土地+建物)+車位,新竹縣竹北市六家五路一段２２３號五樓,15.88,商,,,1100331,土地1建物1車位1,五層,十四層,住宅大樓(11層含以上有電梯),住家用,鋼筋混凝土造,1030127,132.75,2,2,1,有,有,11110000,83691,坡道平面,0.0,0,,RPQNMLNKPHGGFBJ18DA,61.71,1.95,2.87,有,1211
竹北市,房地(土地+建物)+車位,新竹縣竹北市北新一街２３號二十樓之三,9.56,商,,,1100326,土地1建物1車位1,二十層,二十四層,住宅大樓(11層含以上有電梯),住家用,鋼筋混凝土造,1091225,122.63,2,2,1,有,有,9680000,78937,坡道平面,29.41,0,,RPTNMLNKPHGGFBJ48DA,57.48,0.0,5.64,有,1212
湖口鄉,房地(土地+建物),新竹縣湖口鄉中山路一段２號,53372.0,,特定農業區,丁種建築用地,1100323,土地27建物4車位0,全,二層,透天厝,辦公用,見使用執照,0720715,27353.84,0,0,0,無,無,2364892365,86456,,0.0,0,因面積更正增加8㎡，另支付354530元整,RPOPMLTLLHGGFDJ68DA,27353.84,0.0,0.0,無,
湖口鄉,房地(土地+建物),新竹縣湖口鄉明德街８９巷５弄１０號,57.96,住,,,1100323,土地1建物1車位0,全,三層,透天厝,住家用,鋼筋混凝土造,1091014,205.57999999999998,2,2,2,有,有,9350000,45481,,0.0,0,,RPQVMLSJPHGGFDJ96DA,171.0,14.89,0.0,無,
湖口鄉,房地(土地+建物)+車位,新竹縣湖口鄉明德街８１號二樓之３,18.83,住,,,1100317,土地1建物1車位1,二層,十四層,住宅大樓(11層含以上有電梯),住家用,鋼筋混凝土造,1091014,109.37,2,2,1,有,有,4900000,48327,坡道平面,26.6,900000,,RPWVMLSJPHGGFDJ57DA,53.25,1.21,5.65,有,
竹北市,土地,隘興段565地號,776.26,住,,,1100315,土地1建物0車位0,,,其他,,,,0.0,0,0,0,有,無,176113000,226874,,0.0,0,,RPOQMLRJOHGGFBJ48DA,0.0,0.0,0.0,無,1213
湖口鄉,房地(土地+建物),新竹縣湖口鄉中正六街２２６號,160.59,都市：其他:住(一),,,1100323,土地1建物1車位0,全,三層,透天厝,住商用,鋼筋混凝土造,1100324,262.07,3,2,5,有,無,22800000,87000,,0.0,0,,RPQNMLPKPHGGFDJ58DA,241.85,0.0,20.22,無,
湖口鄉,房地(土地+建物),新竹縣湖口鄉中正六街２２８號,160.59,都市：其他:住(一),,,1100323,土地1建物1車位0,全,三層,透天厝,住商用,鋼筋混凝土造,1100324,262.07,3,2,5,有,無,22800000,87000,,0.0,0,,RPRNMLPKPHGGFDJ68DA,241.85,0.0,20.22,無,
竹北市,房地(土地+建物)+車位,新竹縣竹北市光明六路東二段３２９號二十樓,55.59,住,,,1100321,土地1建物1車位3,二十層，二十一層,二十二層,住宅大樓(11層含以上有電梯),住家用,鋼筋混凝土造,1021107,388.49,4,2,3,有,有,34000000,104387,坡道平面,99.66,3850000,,RPPOMLLJPHGGFBJ87DA,169.23,8.95,19.01,有,
橫山鄉,土地,八十分段馬福小段10-1地號,4515.0,,山坡地保育區,農牧用地,1100306,土地3建物0車位0,,,其他,,,,0.0,0,0,0,有,無,4200000,930,,0.0,0,,RPPOMLSJLHGGFCJ28DA,0.0,0.0,0.0,無,
竹北市,房地(土地+建物)+車位,新竹縣竹北市文興路８７號二樓,48.45,住,,,1100322,土地1建物1車位2,二層,十七層,住宅大樓(11層含以上有電梯),住家用,鋼筋混凝土造,1011102,323.2,3,2,3,有,有,32000000,115722,坡道平面,72.6,3000000,,RPQOMLQKPHGGFBJ68EA,141.92,11.85,15.21,有,1214
竹東鎮,房地(土地+建物),新竹縣竹東鎮金福街１５巷８號,155.43,,山坡地保育區,丙種建築用地,1100330,土地2建物2車位0,全,二層,透天厝,住家用,加強磚造,0700221,189.8,3,1,2,有,無,3000000,15806,,0.0,0,受債權債務關係影響或債務抵償；,RPWNMLPLOHGGFCJ56EA,189.8,0.0,0.0,無,
竹東鎮,土地,竹東段竹東小段66-94地號,532.0,住,,,1100328,土地4建物0車位0,,,其他,,,,0.0,0,0,0,有,無,33795300,63525,,0.0,0,,RPWNMLTJPHGGFCJ86EA,0.0,0.0,0.0,無,
竹東鎮,土地,竹東段竹東小段66-93地號,138.0,住,,,1100328,土地1建物0車位0,,,其他,,,,0.0,0,0,0,有,無,8766450,63525,,0.0,0,,RPXNMLTJPHGGFCJ96EA,0.0,0.0,0.0,無,
竹東鎮,土地,竹東段竹東小段66-98地號,129.0,住,,,1100328,土地1建物0車位0,,,其他,,,,0.0,0,0,0,有,無,8194725,63525,,0.0,0,,RPPOMLTJPHGGFCJ88EA,0.0,0.0,0.0,無,
竹東鎮,土地,竹東段竹東小段66-102地號,249.0,住,,,1100328,土地2建物0車位0,,,其他,,,,0.0,0,0,0,有,無,15817725,63525,,0.0,0,,RPQOMLTJPHGGFCJ98EA,0.0,0.0,0.0,無,
竹東鎮,土地,竹東段竹東小段66-76地號,96.0,住,,,1100328,土地1建物0車位0,,,其他,,,,0.0,0,0,0,有,無,6098400,63525,,0.0,0,,RPROMLTJPHGGFCJ09EA,0.0,0.0,0.0,無,
竹東鎮,土地,二重埔段200-71地號,80.0,住,,,1100317,土地1建物0車位0,,,其他,,,,0.0,0,0,0,有,無,3450000,43125,,0.0,0,,RPPOMLPKPHGGFCJ48DA,0.0,0.0,0.0,無,
竹北市,房地(土地+建物),新竹縣竹北市福德街１４６號,188.0,住,,,1100327,土地2建物1車位0,全,三層,透天厝,住家用,鋼筋混凝土造,,225.9,6,2,3,有,無,22000000,97388,,0.0,0,頂樓其他增建；,RPTVMLTJPHGGFBJ17DA,225.9,0.0,0.0,無,
峨眉鄉,土地,藤坪段六寮小段35-130地號,414.0,,山坡地保育區,農牧用地,1100314,土地1建物0車位0,,,其他,,,,0.0,0,0,0,有,無,400000,966,,0.0,0,,RPUNMLNLPHGGFCJ88EA,0.0,0.0,0.0,無,
竹東鎮,房地(土地+建物)+車位,新竹縣竹東鎮榮華街５號四樓,34.29,住,,,1100306,土地1建物1車位1,四層,五層,華廈(10層含以下有電梯),住家用,鋼筋混凝土造,1100517,109.98,3,2,2,有,無,7120000,64739,升降機械,5.16,0,,RPTNMLRLOHGGFCJ98DA,66.76,0.0,7.94,有,
竹北市,房地(土地+建物)+車位,新竹縣竹北市光明六路東二段３１７號三樓,54.83,住,,,1100313,土地1建物1車位3,三層,二十二層,住宅大樓(11層含以上有電梯),住家用,鋼筋混凝土造,1021107,389.34000000000003,4,2,3,有,有,33000000,100456,坡道平面,99.66,3900000,,RPUNMLMLOHGGFBJ48DA,177.95,3.83,15.88,有,
寶山鄉,土地,雞油凸段三叉凸小段521-13地號,2744.0,,山坡地保育區,農牧用地,1100305,土地1建物0車位0,,,其他,,,,0.0,0,0,0,有,無,13280000,4840,,0.0,0,,RPPNMLRJLHGGFCJ08DA,0.0,0.0,0.0,無,
寶山鄉,土地,雞油凸段三叉凸小段521-12地號,2521.0,,山坡地保育區,農牧用地,1100325,土地1建物0車位0,,,其他,,,,0.0,0,0,0,有,無,10670000,4232,,0.0,0,,RPWOMLKMLHGGFCJ48DA,0.0,0.0,0.0,無,
北埔鄉,土地,埔中段226地號,2605.61,住,,,1100322,土地16建物0車位0,,,其他,,,,0.0,0,0,0,有,無,75000000,28784,,0.0,0,,RPROMLQLPHGGFCJ98EA,0.0,0.0,0.0,無,
竹北市,房地(土地+建物)+車位,新竹縣竹北市中山六街３２號,96.62,,鄉村區,乙種建築用地,1100302,土地3建物1車位2,全,四層,透天厝,住家用,鋼筋混凝土造,1100524,212.53,4,2,4,有,無,17050000,80224,一樓平面,0.0,0,協議轉讓日期110.03.13夫妻一人登記預售屋、或土地及建物分件登記案件；,RPVOMLKMOHGGFBJ58DA,197.68,0.0,14.85,無,
竹北市,房地(土地+建物)+車位,新竹縣竹北市興隆路三段２０１號二樓,72.38,住,,,1100312,土地1建物1車位4,二層,二十六層,住宅大樓(11層含以上有電梯),住家用,鋼筋混凝土造,1041214,553.46,3,2,4,有,有,43680000,86373,坡道平面,112.58,5600000,,RPSNMLRJPHGGFBJ68DA,240.6,28.99,25.97,有,
竹北市,房地(土地+建物)+車位,新竹縣竹北市嘉德街１２６號二樓,38.66,住,,,1100312,土地1建物1車位2,二層,二十層,住宅大樓(11層含以上有電梯),住家用,鋼筋混凝土造,1100520,255.38,3,2,2,有,有,32500000,143571,坡道平面,51.3,3200000,土地買賣價款1465萬建物買賣價款1465萬車位買賣價款320萬預售屋、或土地及建物分件登記案件；,RPWNMLKKPHGGFBJ48DA,125.11,0.0,13.98,有,
湖口鄉,房地(土地+建物),新竹縣湖口鄉嘉興路一段８９巷９號,89.37,,特定農業區,甲種建築用地,1100314,土地1建物1車位0,全,三層,透天厝,住家用,鋼筋混凝土造,1100507,120.15,4,1,3,有,有,7500000,62422,,0.0,0,預售屋、或土地及建物分件登記案件；,RPTOMLKKOHGGFDJ38DA,115.83,0.0,4.32,無,
峨眉鄉,土地,興眉段440地號,2474.06,,特定農業區,農牧用地,1100326,土地5建物0車位0,,,其他,,,,0.0,0,0,0,有,無,2500000,1010,,0.0,0,,RPVOMLQLPHGGFCJ66DA,0.0,0.0,0.0,無,0148
湖口鄉,房地(土地+建物)+車位,新竹縣湖口鄉吉祥街８０號五樓之３,21.33,,鄉村區,乙種建築用地,1100307,土地2建物1車位1,五層,十層,華廈(10層含以下有電梯),住家用,鋼筋混凝土造,1090715,113.55000000000001,2,2,1,有,有,5560000,48965,坡道平面,30.61,0,含裝潢費；,RPUOMLRLPHGGFDJ76DA,52.05,1.37,2.96,有,
竹北市,房地(土地+建物)+車位,新竹縣竹北市新瀧一街１９號五樓,13.92,商,,,1100309,土地1建物1車位1,五層,十四層,住宅大樓(11層含以上有電梯),住家用,鋼筋混凝土造,1050126,160.79000000000002,3,2,2,有,有,9900000,61571,坡道平面,0.0,0,,RPUQMLTJLHGGFBJ98DA,77.1,0.0,10.74,有,1216
湖口鄉,房地(土地+建物)+車位,新竹縣湖口鄉明德街８３號四樓之２,26.1,住,,,1100321,土地1建物1車位1,四層,十四層,住宅大樓(11層含以上有電梯),住家用,鋼筋混凝土造,1091014,154.61,3,2,2,有,有,6700000,46952,坡道平面,33.21,1000000,,RPROMLRLPHGGFDJ09DA,73.24,2.36,8.2,有,
湖口鄉,房地(土地+建物),新竹縣湖口鄉大同路１７之２號,1782.0,,工業區,丁種建築用地,1100304,土地1建物1車位0,全,四層,透天厝,工業用,鋼筋混凝土造,0881115,3567.38,0,0,0,無,無,129000000,36161,,0.0,0,,RPTNMLOJQHGGFDJ88EA,3547.51,19.87,0.0,有,
竹北市,房地(土地+建物)+車位,新竹縣竹北市新瀧一街２７號十樓,14.8,商,,,1100331,土地1建物1車位1,十層,十四層,住宅大樓(11層含以上有電梯),住家用,鋼筋混凝土造,1100324,131.07999999999998,2,2,2,有,有,6660000,59764,坡道平面,39.72,1200000,預售屋、或土地及建物分件登記案件；,RPORMLKMPHGGFBJ28DA,54.93,1.75,4.24,有,
新豐鄉,房地(土地+建物),新竹縣新豐鄉員山１３１之４８號,85.05,,山坡地保育區,丙種建築用地,1100323,土地3建物1車位0,全,三層,透天厝,住家用,鋼筋混凝土造,1100129,159.04,3,2,3,有,無,8900000,55961,,0.0,0,預售屋、或土地及建物分件登記案件；,RPVOMLQKMHGGFDJ98DA,143.74,0.0,15.3,無,
芎林鄉,房地(土地+建物),新竹縣芎林鄉綠獅一街１４０號,75.24,,鄉村區,乙種建築用地,1100328,土地2建物1車位0,全,四層,透天厝,住家用,鋼筋混凝土造,1100527,232.46,4,2,4,有,有,15500000,66678,,0.0,0,預售屋預售屋、或土地及建物分件登記案件；,RPVNMLTJQHGGFCJ76DA,217.82,0.0,14.64,無,
芎林鄉,房地(土地+建物),新竹縣芎林鄉綠獅一街１３８巷２號,76.87,,鄉村區,乙種建築用地,1100309,土地2建物1車位0,全,四層,透天厝,住家用,鋼筋混凝土造,1100527,227.53,4,2,4,有,有,13800000,60651,,0.0,0,預售屋預售屋、或土地及建物分件登記案件；,RPPOMLTJQHGGFCJ88DA,213.38,0.0,14.15,有,
芎林鄉,房地(土地+建物),新竹縣芎林鄉綠獅一街１３８巷６號,88.84,,鄉村區,乙種建築用地,1100329,土地2建物1車位0,全,四層,透天厝,住家用,鋼筋混凝土造,1100527,240.94,4,2,4,有,有,14500000,60181,,0.0,0,預售屋預售屋、或土地及建物分件登記案件；,RPQOMLTJQHGGFCJ98DA,225.9,0.0,15.04,無,
竹北市,房地(土地+建物)+車位,新竹縣竹北市勝利十街８５號三樓之二,29.62,住,,,1100310,土地1建物1車位1,三層,十二層,住宅大樓(11層含以上有電梯),住家用,鋼筋混凝土造,1100601,175.41,4,2,2,有,有,11330000,70637,坡道平面,32.0,1200000,預售屋,RPQQMLOJQHGGFBJ58DA,91.73,0.0,7.55,有,
寶山鄉,土地,寶山段沙湖壢小段351地號,2537.0,,山坡地保育區,農牧用地,1100331,土地1建物0車位0,,,其他,,,,0.0,0,0,0,有,無,6000000,2365,,0.0,0,,RPUNMLSKQHGGFCJ66DA,0.0,0.0,0.0,無,
竹北市,房地(土地+建物)+車位,新竹縣竹北市隘口二路３號十樓,43.37,住,,,1100315,土地1建物1車位2,十層,十二層,住宅大樓(11層含以上有電梯),住家用,鋼筋混凝土造,0990201,277.96,4,2,2,有,有,26500000,95337,坡道平面,0.0,0,,RPQNMLKLQHGGFBJ08DA,133.63,13.96,13.64,有,1217
新豐鄉,房地(土地+建物)+車位,新竹縣新豐鄉員山１３１之１３２號五樓,26.0,,山坡地保育區,丙種建築用地,1100319,土地3建物1車位1,五層,七層,華廈(10層含以下有電梯),住家用,鋼筋混凝土造,1100401,98.57,2,2,1,有,無,4080000,41113,坡道平面,28.52,1200000,預售屋、或土地及建物分件登記案件；,RPPQMLSJPHGGFDJ98DA,43.41,0.0,3.65,有,
新豐鄉,房地(土地+建物)+車位,新竹縣新豐鄉建興路二段６８８號十樓,29.99,住,,,1100303,土地1建物1車位1,十層,十二層,住宅大樓(11層含以上有電梯),住家用,鋼筋混凝土造,1100623,134.69,3,2,2,有,有,7420000,57539,一樓平面,26.59,1200000,,RPXNMLTJQHGGFDJ07DA,73.67,0.0,7.38,有,
新豐鄉,房地(土地+建物)+車位,新竹縣新豐鄉建興路二段６８８之１號十一樓,23.7,住,,,1100330,土地1建物1車位1,十一層,十二層,住宅大樓(11層含以上有電梯),住家用,鋼筋混凝土造,1100623,106.02,2,2,1,有,有,6000000,61690,坡道平面,26.59,1100000,,RPTQMLTJQHGGFDJ96DA,53.14,0.0,6.41,有,
新豐鄉,房地(土地+建物),新竹縣新豐鄉坪頂三街８２號,58.2,,鄉村區,乙種建築用地,1100327,土地3建物1車位0,全,三層,透天厝,住家用,鋼筋混凝土造,1001213,202.08999999999997,4,2,3,有,有,9000000,44535,,0.0,0,親友、員工、共有人或其他特殊關係間之交易；,RPPNMLLKQHGGFDJ18DA,149.53,10.08,21.15,無,
湖口鄉,房地(土地+建物),新竹縣湖口鄉維東路１０５號,92.68,,鄉村區,乙種建築用地,1100319,土地1建物1車位0,全,四層,透天厝,住家用,鋼筋混凝土造,1091217,156.6,4,2,4,有,無,9600000,61303,,0.0,0,,RPUNMLTJMHGGFDJ98DA,152.14,0.0,4.46,無,
峨眉鄉,土地,赤柯坪段十四寮小段104地號,18077.0,,山坡地保育區,林業用地,1100314,土地9建物0車位0,,,其他,,,,0.0,0,0,0,有,無,18700000,1034,,0.0,0,,RPUNMLRLQHGGFCJ66DA,0.0,0.0,0.0,無,1218
湖口鄉,房地(土地+建物),新竹縣湖口鄉東楊路１１２巷５號,77.1,,鄉村區,乙種建築用地,1100304,土地2建物1車位0,全,三層,透天厝,住家用,鋼筋混凝土造,1100428,165.47,2,2,3,有,無,7330000,44298,,0.0,0,,RPUSMLTJQHGGFDJ27DA,157.68,0.0,7.79,無,
湖口鄉,房地(土地+建物),新竹縣湖口鄉東楊路１２６巷６號,77.86,,鄉村區,乙種建築用地,1100325,土地2建物1車位0,全,三層,透天厝,住家用,鋼筋混凝土造,1100506,165.47,2,2,3,有,無,7400000,44721,,0.0,0,,RPVSMLTJQHGGFDJ37DA,157.68,0.0,7.79,無,
湖口鄉,房地(土地+建物),新竹縣湖口鄉東楊路１１２巷６號,77.98,,鄉村區,乙種建築用地,1100327,土地2建物1車位0,全,三層,透天厝,住家用,鋼筋混凝土造,1100428,166.82,3,2,3,有,無,7250000,43460,,0.0,0,,RPTRMLTJQHGGFDJ07DA,159.03,0.0,7.79,無,
竹北市,房地(土地+建物)+車位,科大二街２５３號十八樓,44.12,住,,,1100223,土地1建物1車位2,十八層,二十二層,住宅大樓(11層含以上有電梯),住家用,鋼筋混凝土造,1030924,270.13,0,0,0,無,有,23960000,88698,坡道平面,56.2,0,,RPUNMLLMNHGGFBJ38DA,127.31,6.9,11.65,有,1219
竹東鎮,土地,柯子湖段49-2地號,331.23,工,,,1100222,土地1建物0車位0,,,其他,,,,0.0,0,0,0,有,無,6660000,20107,,0.0,0,,RPTOMLLKOHGGFCJ38DA,0.0,0.0,0.0,無,
新豐鄉,房地(土地+建物),埔頂１１３之３８號,108.84,,鄉村區,乙種建築用地,1100208,土地3建物1車位0,全,三層,透天厝,住家用,鋼筋混凝土造,1090901,171.98,4,2,3,有,無,7500000,43610,,0.0,0,,RPQNMLLKOHGGFDJ08DA,165.74,0.0,6.24,無,
竹東鎮,土地,二重埔段302-35地號,2442.0,工,,,1100201,土地4建物0車位0,,,其他,,,,0.0,0,0,0,有,無,53186000,21780,,0.0,0,農作物；,RPWNMLLJOHGGFCJ48DA,0.0,0.0,0.0,無,
竹北市,房地(土地+建物)+車位,成功八路１９２號十四樓之二,14.84,商,,,1100224,土地1建物1車位1,十四層,十九層,住宅大樓(11層含以上有電梯),住家用,鋼筋混凝土造,1001128,162.14999999999998,3,2,2,有,有,14450000,89115,坡道平面,33.33,0,,RPUPMLPKMHGGFBJ68DA,77.36,2.53,8.68,有,
竹北市,房地(土地+建物)+車位,光明十一路１巷５０弄１６號七樓,16.07,商,,,1100227,土地1建物1車位1,七層,十四層,住宅大樓(11層含以上有電梯),住家用,鋼筋混凝土造,1041204,136.0,2,1,1,有,有,9680000,71176,坡道平面,34.05,0,,RPQOMLPKOHGGFBJ38DA,61.06,0.0,7.84,有,1220
竹北市,房地(土地+建物)+車位,十興路一段５４２號十九樓,26.77,住,,,1100206,土地1建物1車位1,十九層,二十四層,住宅大樓(11層含以上有電梯),住家用,鋼筋混凝土造,1030321,187.39999999999998,2,2,2,有,有,18750000,100053,坡道平面,0.0,0,,RPTOMLQKOHGGFBJ78DA,95.57,3.61,9.14,有,1221
新豐鄉,房地(土地+建物),埔頂２７５之８號,83.56,,特定農業區,甲種建築用地,1100222,土地2建物1車位0,全,四層,透天厝,住家用,鋼筋混凝土造,1100318,166.51,4,2,5,有,無,6600000,39637,,0.0,0,,RPXPMLLMNHGGFDJ09DA,162.77,0.0,3.74,無,
竹北市,房地(土地+建物)+車位,興隆路三段３０１號十三樓,73.41,住,,,1100225,土地1建物1車位4,十三層,二十五層,住宅大樓(11層含以上有電梯),住家用,鋼筋混凝土造,1001223,513.3,4,2,3,有,有,39880000,86178,坡道平面,120.16,6000000,,RPSPMLPKLHGGFBJ38DA,221.12,10.89,26.3,有,
竹東鎮,房地(土地+建物),新竹縣竹東鎮東寧路二段２７２號二樓,33.0,商,,,1100222,土地3建物1車位0,二層,四層,公寓(5樓含以下無電梯),住家用,鋼筋混凝土造,0831224,108.28,2,1,1,有,無,2000000,18471,,0.0,0,親友、員工、共有人或其他特殊關係間之交易；,RPSNMLKMOHGGFCJ28DA,103.75,0.0,4.53,無,
湖口鄉,房地(土地+建物),新竹縣湖口鄉中正二路１５巷１８號,86.45,都市：其他:住(一),,,1100227,土地2建物1車位0,全,四層,透天厝,住家用,鋼筋混凝土造,1100121,164.73999999999998,3,2,4,有,無,10300000,62527,,0.0,0,,RPQOMLMJOHGGFDJ18DA,157.47,0.0,6.95,無,
竹北市,房地(土地+建物)+車位,新竹縣竹北市光明六路８１５號六樓,30.11,住,,,1100208,土地1建物1車位1,六層,七層,華廈(10層含以下有電梯),住家用,鋼筋混凝土造,0931111,132.76,3,2,2,有,有,9100000,68545,一樓平面,0.0,0,夾層；,RPUOMLLJPHGGFBJ38DA,74.09,1.1,8.21,有,
橫山鄉,土地,沙坑貳段398地號,16917.09,,一般農業區,農牧用地,1100208,土地16建物0車位0,,,其他,,,,0.0,0,0,0,有,無,31000000,1832,,0.0,0,農作物；,RPTQMLPLNHGGFCJ98DA,0.0,0.0,0.0,無,
尖石鄉,土地,煤源段299-28地號,8512.0,,山坡地保育區,農牧用地,1100201,土地4建物0車位0,,,其他,,,,0.0,0,0,0,有,無,4409500,518,,0.0,0,,RPXNMLMJPHGGFCJ88EA,0.0,0.0,0.0,無,0504
橫山鄉,土地,八十分段771地號,11683.32,,山坡地保育區,農牧用地,1100201,土地5建物0車位0,,,其他,,,,0.0,0,0,0,有,無,12000000,1027,,0.0,0,,RPXNMLQJPHGGFCJ66EA,0.0,0.0,0.0,無,
竹北市,房地(土地+建物)+車位,新竹縣竹北市縣政七街２５號四樓,18.57,商,,,1100204,土地1建物1車位1,四層,十層,華廈(10層含以下有電梯),住家用,鋼筋混凝土造,0891021,156.42000000000002,3,2,2,有,有,9400000,60095,坡道平面,0.0,0,,RPPPMLMJPHGGFBJ08DA,90.09,0.0,7.72,有,
芎林鄉,房地(土地+建物)+車位,新竹縣芎林鄉文富街９６號,82.03,住,,,1100217,土地1建物1車位1,一層，見其他登記事項,十三層,住宅大樓(11層含以上有電梯),商業用,鋼筋混凝土造,1070608,142.85,0,0,2,有,有,12880000,90165,坡道平面,26.03,0,,RPQPMLQJPHGGFCJ68DA,77.66,0.0,6.41,有,
湖口鄉,土地,綠園段1377地號,969.01,,一般農業區,農牧用地,1100226,土地2建物0車位0,,,其他,,,,0.0,0,0,0,有,無,5572200,5750,,0.0,0,二親等主張買賣案件親友、員工、共有人或其他特殊關係間之交易；,RPXNMLOLLHGGFDJ88DA,0.0,0.0,0.0,無,
竹北市,土地,台元段32地號,3837.39,工,,,1100220,土地1建物0車位0,,,其他,,,,0.0,0,0,0,有,無,241910000,63040,,0.0,0,未登記建物；,RPQQMLQJPHGGFBJ68DA,0.0,0.0,0.0,無,
竹北市,房地(土地+建物)+車位,新竹縣竹北市勝利六街１８號七樓,18.65,商,,,1100203,土地1建物1車位1,七層,十層,華廈(10層含以下有電梯),住家用,鋼筋混凝土造,0920724,136.26,3,2,2,有,有,12200000,89535,坡道平面,0.0,0,,RPUOMLKLKHGGFBJ97DA,81.66,0.0,4.74,有,1223
竹北市,房地(土地+建物),新竹縣竹北市鳳岡路二段３１６巷１０８弄２６號,92.8,,特定農業區,甲種建築用地,1100224,土地1建物1車位0,全,四層,透天厝,住家用,鋼筋混凝土造,1090813,181.15,4,2,4,有,無,10880000,60061,,0.0,0,,RPVOMLPKLHGGFBJ58DA,163.92,0.0,17.23,無,
竹東鎮,房地(土地+建物)+車位,新竹縣竹東鎮龍鳳路１６號十四樓,24.76,商,,,1100208,土地1建物1車位1,十四層,十五層,住宅大樓(11層含以上有電梯),住家用,鋼筋混凝土造,1100317,169.75,3,2,2,有,有,9750000,57437,坡道平面,30.57,0,,RPROMLKLPHGGFCJ38EA,86.31,0.0,8.56,有,1224
尖石鄉,土地,秀巒段856地號,369.0,,鄉村區,乙種建築用地,1100203,土地1建物0車位0,,,其他,,,,0.0,0,0,0,有,無,500000,1355,,0.0,0,,RPTNMLTKPHGGFCJ66EA,0.0,0.0,0.0,無,1225
竹北市,房地(土地+建物)+車位,新竹縣竹北市光明六路東二段３２９號三樓,35.03,住,,,1100220,土地1建物1車位2,三層,二十二層,住宅大樓(11層含以上有電梯),住家用,鋼筋混凝土造,1021107,250.69,4,2,3,有,有,19900000,94171,坡道平面,66.44,2550000,,RPQRMLOKPHGGFBJ68DA,112.97,1.47,11.66,有,
竹東鎮,房地(土地+建物),新竹縣竹東鎮天津街２５巷１弄８號,53.0,住,,,1100227,土地1建物1車位0,全,三層,透天厝,住家用,加強磚造,,116.89,6,2,3,有,無,6880000,58859,,0.0,0,含裝潢費；頂樓加蓋；,RPRNMLRLPHGGFCJ88DA,116.89,0.0,0.0,無,1226
湖口鄉,房地(土地+建物),新竹縣湖口鄉嘉興路一段８９巷２５號,86.27,,特定農業區,甲種建築用地,1100206,土地1建物1車位0,全,三層,透天厝,住家用,鋼筋混凝土造,1100507,120.15,4,1,3,有,有,7450000,62006,,0.0,0,預售屋、或土地及建物分件登記案件；,RPSNMLQKOHGGFDJ78DA,115.83,0.0,4.32,無,
竹北市,房地(土地+建物)+車位,新竹縣竹北市中山六街４６號,79.12,,鄉村區,乙種建築用地,1100218,土地3建物1車位2,全,四層,透天厝,住家用,鋼筋混凝土造,1100524,205.57,4,2,4,有,無,16000000,77832,一樓平面,0.0,0,預售屋、或土地及建物分件登記案件；,RPQOMLKMOHGGFBJ08DA,191.67,0.0,13.9,無,
竹北市,房地(土地+建物)+車位,新竹縣竹北市文興路１５５號二十三樓,49.97,商,,,1100208,土地1建物1車位2,二十三層,二十六層,住宅大樓(11層含以上有電梯),住家用,鋼筋混凝土造,1011228,478.0,4,2,4,有,有,43800000,91632,坡道平面,58.62,0,,RPQOMLPJQHGGFBJ58EA,255.51,10.9,31.33,有,1227
新豐鄉,房地(土地+建物),新竹縣新豐鄉員山１３１之１６號,92.57,,山坡地保育區,丙種建築用地,1100226,土地4建物1車位0,全,三層,透天厝,住商用,鋼筋混凝土造,1100129,155.67,3,2,3,有,無,9220000,59228,,0.0,0,預售屋、或土地及建物分件登記案件；,RPQOMLLKPHGGFDJ28DA,140.37,0.0,15.3,無,
新豐鄉,房地(土地+建物),新竹縣新豐鄉員山１３１之１７號,93.33,,山坡地保育區,丙種建築用地,1100226,土地4建物1車位0,全,三層,透天厝,住商用,鋼筋混凝土造,1100129,158.13,3,2,3,有,無,9500000,60077,,0.0,0,預售屋、或土地及建物分件登記案件；,RPROMLLKPHGGFDJ38DA,142.57,0.0,15.56,無,
湖口鄉,房地(土地+建物),新竹縣湖口鄉嘉興路一段８９巷１１號,88.98,,特定農業區,甲種建築用地,1100227,土地1建物1車位0,全,三層,透天厝,住家用,鋼筋混凝土造,1100507,120.15,4,1,3,有,有,7450000,62006,,0.0,0,預售屋、或土地及建物分件登記案件；,RPUOMLKKOHGGFDJ48DA,115.83,0.0,4.32,無,
竹東鎮,房地(土地+建物)+車位,新竹縣竹東鎮龍鳳路３０之７號十樓,23.73,商,,,1100207,土地1建物1車位1,十層,十五層,住宅大樓(11層含以上有電梯),住家用,鋼筋混凝土造,1100317,165.87,3,2,2,有,有,9700000,58480,坡道平面,30.57,0,,RPXNMLMKQHGGFCJ98DA,82.68,0.0,10.76,有,1228
竹北市,房地(土地+建物)+車位,新竹縣竹北市科大一路１７５號六樓之一,35.93,住,,,1100206,土地1建物1車位1,六層,十四層,住宅大樓(11層含以上有電梯),住家用,鋼筋混凝土造,1000105,209.29000000000002,4,2,2,有,有,19660000,93932,坡道平面,0.0,0,,RPRPMLTJRHGGFBJ66EA,110.0,2.25,13.29,有,
竹北市,車位,十興路３０５巷１３弄７３號等公共設施,0.3,住,,,1100112,土地1建物1車位1,,,其他,,,,39.61,0,0,0,有,有,1100000,,坡道平面,39.61,1100000,僅車位交易；,RPOQMLRKNHGGFBJ48DA,0.0,0.0,0.0,有,1229
湖口鄉,房地(土地+建物),維東二街６３號,113.86,,鄉村區,乙種建築用地,1100131,土地1建物1車位0,全,四層,透天厝,住家用,鋼筋混凝土造,1091221,169.04,4,2,4,有,無,10200000,60341,,0.0,0,,RPTNMLSJOHGGFDJ98DA,169.04,0.0,0.0,無,
湖口鄉,房地(土地+建物),維東二街６５號,108.67,,鄉村區,乙種建築用地,1100130,土地1建物1車位0,全,四層,透天厝,住家用,鋼筋混凝土造,1091221,163.09,4,2,4,有,無,10300000,63155,,0.0,0,,RPUNMLSJOHGGFDJ09DA,163.09,0.0,0.0,無,
湖口鄉,房地(土地+建物),中正二路１５巷９號,86.34,都市：其他:住(一),,,1100106,土地2建物1車位0,全,四層,透天厝,住家用,鋼筋混凝土造,1100121,164.73999999999998,3,2,4,有,無,9500000,57670,,0.0,0,,RPXOMLMJOHGGFDJ88DA,157.47,0.0,6.95,無,
芎林鄉,房地(土地+建物),文德路２３號二樓,126.72,住,,,1100119,土地1建物2車位0,全,四層,透天厝,商業用,鋼筋混凝土造,1090907,285.31,5,3,5,有,無,27600000,96737,,0.0,0,,RPQNMLSJOHGGFCJ68EA,262.95,0.0,22.36,無,
竹北市,房地(土地+建物),長青路一段１０８巷６２弄３５號三樓,64.54,,特定農業區,農牧用地,1100111,土地4建物1車位0,三層,五層,華廈(10層含以下有電梯),住家用,鋼筋混凝土造,1100407,82.64,2,2,1,有,有,4700000,56873,,0.0,0,,RPXNMLRLNHGGFBJ56DA,58.53,0.0,5.05,有,
新豐鄉,房地(土地+建物),埔頂２７５之１７號,84.56,,特定農業區,甲種建築用地,1100123,土地2建物1車位0,全,四層,透天厝,住家用,鋼筋混凝土造,1100318,170.21,4,2,5,有,無,6500000,38188,,0.0,0,,RPRPMLLMNHGGFDJ48DA,166.39,0.0,3.82,無,
新豐鄉,房地(土地+建物),埔頂２７５之１６號,84.56,,特定農業區,甲種建築用地,1100123,土地2建物1車位0,全,四層,透天厝,住家用,鋼筋混凝土造,1100318,170.21,4,2,5,有,無,6500000,38188,,0.0,0,,RPPPMLLMNHGGFDJ28DA,166.39,0.0,3.82,無,
新埔鎮,土地,內立段342地號,662.0,,特定農業區,甲種建築用地,1100126,土地1建物0車位0,,,其他,,,,0.0,0,0,0,有,無,16000000,24169,,0.0,0,,RPUNMLMLKHGGFBJ08DA,0.0,0.0,0.0,無,1230
寶山鄉,房地(土地+建物),愛迪生路９９巷１１號,330.46,,山坡地保育區,丙種建築用地,1100114,土地1建物1車位0,全,三層,透天厝,住家用,鋼骨造,1000615,334.21,5,3,6,有,有,27250000,81536,,0.0,0,其他增建；,RPRNMLLLOHGGFCJ28EA,319.91,0.0,14.3,無,
竹東鎮,房地(土地+建物),五豐街２３巷３５弄５號,73.5,住,,,1100108,土地1建物1車位0,全,二層,透天厝,住家用,加強磚造,,83.44,6,2,3,有,有,6200000,74305,,0.0,0,含裝潢費；頂樓加蓋；,RPVNMLRKOHGGFCJ09DA,83.44,0.0,0.0,無,1231
竹北市,房地(土地+建物)+車位,光明二街１３號五樓,37.54,住,,,1100117,土地1建物1車位1,五層,五層,華廈(10層含以下有電梯),住家用,鋼筋混凝土造,0811127,132.95,3,2,2,有,有,7300000,54908,坡道平面,0.0,0,陽台外推；,RPSPMLPLJHGGFBJ28DA,76.08,0.0,10.03,有,
湖口鄉,房地(土地+建物),中正二路１５巷１６號,86.45,都市：其他:住(一),,,1100112,土地2建物1車位0,全,四層,透天厝,住家用,鋼筋混凝土造,1100121,164.73999999999998,3,2,4,有,無,10000000,60705,,0.0,0,,RPSQMLLMNHGGFDJ68DA,157.47,0.0,6.95,無,
竹北市,車位,十興路３０５巷１３弄１４０號等公共設施,0.18,住,,,1100103,土地1建物1車位1,,,其他,,,,36.45,0,0,0,有,有,1100000,,坡道平面,36.45,1100000,僅車位交易；,RPUOMLLMNHGGFBJ48DA,0.0,0.0,0.0,有,0954
新豐鄉,房地(土地+建物)+車位,新竹縣新豐鄉光明街２８巷２號十二樓之２,28.07,商,,,1100112,土地2建物1車位1,十二層,十三層,住宅大樓(11層含以上有電梯),住家用,鋼筋混凝土造,1080222,146.41,3,2,2,有,有,7500000,59282,坡道平面,33.39,800000,,RPSNMLMLOHGGFDJ48DA,62.47,7.43,5.37,有,
湖口鄉,房地(土地+建物)+車位,新竹縣湖口鄉明德街８３號三樓之１,26.1,住,,,1100129,土地1建物1車位1,三層,十四層,住宅大樓(11層含以上有電梯),住家用,鋼筋混凝土造,1091014,154.61,3,2,2,有,有,6750000,47364,坡道平面,33.21,1000000,,RPUNMLPLOHGGFDJ98DA,73.24,2.36,8.2,有,
尖石鄉,土地,煤源段299-27地號,4378.0,,山坡地保育區,農牧用地,1100107,土地2建物0車位0,,,其他,,,,0.0,0,0,0,有,無,2000000,457,,0.0,0,,RPOOMLMJPHGGFCJ08EA,0.0,0.0,0.0,無,0504
新豐鄉,房地(土地+建物),新竹縣新豐鄉員山１３１之５６號,82.13,,山坡地保育區,丙種建築用地,1100119,土地3建物1車位0,全,三層,透天厝,住家用,鋼筋混凝土造,1100129,159.04,3,2,3,有,無,8950000,56275,,0.0,0,預售屋、或土地及建物分件登記案件；,RPPQMLQKMHGGFDJ58DA,143.74,0.0,15.3,無,
湖口鄉,房地(土地+建物),新竹縣湖口鄉維東二街６９號,108.68,,鄉村區,乙種建築用地,1100128,土地1建物1車位0,全,四層,透天厝,住家用,鋼筋混凝土造,1091221,163.09,4,2,4,有,無,10500000,64382,,0.0,0,,RPXNMLSJOHGGFDJ76DA,163.09,0.0,0.0,無,
湖口鄉,房地(土地+建物)+車位,新竹縣湖口鄉明德街８３號三樓之２,26.1,住,,,1100129,土地1建物1車位1,三層,十四層,住宅大樓(11層含以上有電梯),住家用,鋼筋混凝土造,1091014,154.61,3,2,2,有,有,6750000,47364,坡道平面,33.21,1000000,,RPTVMLSJPHGGFDJ27DA,73.24,2.36,8.2,有,
竹北市,房地(土地+建物)+車位,新竹縣竹北市中山六街５０號,78.68,,鄉村區,乙種建築用地,1100128,土地3建物1車位2,全,四層,透天厝,住家用,鋼筋混凝土造,1100524,206.57,4,2,4,有,無,15850000,76729,一樓平面,0.0,0,預售屋、或土地及建物分件登記案件；,RPOOMLKMOHGGFBJ87DA,191.58,0.0,14.99,無,
竹北市,房地(土地+建物)+車位,新竹縣竹北市中山六街４８號,79.6,,鄉村區,乙種建築用地,1100125,土地3建物1車位2,全,四層,透天厝,住家用,鋼筋混凝土造,1100524,208.25,4,2,4,有,無,15700000,75390,一樓平面,0.0,0,預售屋、或土地及建物分件登記案件；,RPPOMLKMOHGGFBJ97DA,191.67,0.0,16.58,無,
竹東鎮,房地(土地+建物)+車位,新竹縣竹東鎮榮華街７號五樓,25.97,住,,,1100114,土地1建物1車位1,五層,五層,華廈(10層含以下有電梯),住家用,鋼筋混凝土造,1100517,84.55,2,2,1,有,無,5530000,65405,升降機械,5.16,0,,RPWNMLRLOHGGFCJ66DA,52.26,0.0,4.31,有,
竹北市,房地(土地+建物)+車位,新竹縣竹北市中山六街３８號,78.05,,鄉村區,乙種建築用地,1100118,土地3建物1車位2,全,四層,透天厝,住家用,鋼筋混凝土造,1100524,202.57,4,2,4,有,無,15550000,76764,一樓平面,0.0,0,預售屋、或土地及建物分件登記案件；,RPTOMLKMOHGGFBJ38DA,188.53,0.0,14.04,無,
竹北市,房地(土地+建物)+車位,新竹縣竹北市中山六街５２號,79.3,,鄉村區,乙種建築用地,1100125,土地3建物1車位2,全,四層,透天厝,住家用,鋼筋混凝土造,1100524,206.87,4,2,4,有,無,15850000,76618,一樓平面,0.0,0,預售屋、或土地及建物分件登記案件；,RPXNMLKMOHGGFBJ68DA,191.58,0.0,15.29,無,
竹北市,房地(土地+建物)+車位,新竹縣竹北市中山六街３６號,77.74,,鄉村區,乙種建築用地,1100104,土地3建物1車位2,全,四層,透天厝,住家用,鋼筋混凝土造,1100524,202.27,4,2,4,有,無,15400000,76136,一樓平面,0.0,0,預售屋、或土地及建物分件登記案件；,RPUOMLKMOHGGFBJ48DA,188.53,0.0,13.74,無,
關西鎮,土地,石門段145-11地號,553.99,,山坡地保育區,丙種建築用地,1100122,土地3建物0車位0,,,其他,,,,0.0,0,0,0,有,無,5800000,10470,,0.0,0,,RPPNMLKKQHGGFBJ87DA,0.0,0.0,0.0,無,0680
竹北市,土地,蓮華段997地號,203.06,,山坡地保育區,農牧用地,1100114,土地1建物0車位0,,,其他,,,,0.0,0,0,0,有,無,11000000,54171,,0.0,0,,RPRNMLKKQHGGFBJ18EA,0.0,0.0,0.0,無,1235
竹北市,房地(土地+建物),新竹縣竹北市中山六街１０７號,67.76,,鄉村區,乙種建築用地,1100102,土地3建物1車位0,全,四層,透天厝,住家用,鋼筋混凝土造,1100608,203.12,5,2,4,有,有,16000000,78771,,0.0,0,預售屋、或土地及建物分件登記案件；,RPVOMLLJQHGGFBJ58DA,189.26,0.0,13.86,無,
竹北市,房地(土地+建物),新竹縣竹北市水瀧二街２５１巷５弄３號,78.08,,鄉村區,乙種建築用地,1100124,土地3建物1車位0,全,四層,透天厝,住家用,鋼筋混凝土造,1100608,213.14,5,2,4,有,有,14850000,69673,,0.0,0,預售屋、或土地及建物分件登記案件；,RPTPMLLJQHGGFBJ48DA,198.88,0.0,14.26,無,
竹東鎮,房地(土地+建物)+車位,新竹縣竹東鎮東榮路５６之３號十三樓,20.82,住,,,1100109,土地1建物1車位1,十三層,十三層,住宅大樓(11層含以上有電梯),住家用,鋼筋混凝土造,1100128,129.48,2,2,1,有,有,6860000,63213,坡道平面,38.36,1100000,預售屋、或土地及建物分件登記案件；,RPTOMLKMLHGGFCJ18DA,59.65,0.0,4.45,有,
新豐鄉,土地,泰豐段49地號,3255.02,農,,,1100130,土地1建物0車位0,,,其他,,,,0.0,0,0,0,有,無,49000000,15054,,0.0,0,依土地法34-1處份,RPSNMLSLPHGGFDJ56DA,0.0,0.0,0.0,無,
新埔鎮,房地(土地+建物),新竹縣新埔鎮福祿三街１１５號,75.23,,鄉村區,乙種建築用地,1100119,土地1建物1車位0,全,四層,透天厝,住家用,鋼筋混凝土造,1100429,186.13,5,2,4,有,無,16380000,88003,,0.0,0,,RPTOMLKLQHGGFBJ48DA,172.5,0.0,13.63,無,
新豐鄉,房地(土地+建物),新竹縣新豐鄉坑子口４５８之６號,281.0,,特定農業區,甲種建築用地,1100119,土地4建物1車位0,全,四層,透天厝,住家用,鋼筋混凝土造,1100622,169.7,4,2,3,有,有,8930000,52622,,0.0,0,預售屋、或土地及建物分件登記案件；,RPXNMLPKQHGGFDJ76DA,159.11,0.0,10.59,無,
新豐鄉,房地(土地+建物)+車位,新竹縣新豐鄉員山１３１之１２２號,33.7,,山坡地保育區,丙種建築用地,1100122,土地3建物1車位1,一層,七層,華廈(10層含以下有電梯),住家用,鋼筋混凝土造,1100401,126.32,3,2,2,有,無,5680000,46830,坡道平面,28.52,1100000,預售屋、或土地及建物分件登記案件；,RPOPMLPLOHGGFDJ58DA,67.95,0.0,6.66,有,
新豐鄉,房地(土地+建物)+車位,新竹縣新豐鄉員山１３１之１２０號二樓,26.0,,山坡地保育區,丙種建築用地,1100123,土地3建物1車位1,二層,七層,華廈(10層含以下有電梯),住家用,鋼筋混凝土造,1100401,98.48,2,2,1,有,無,3780000,36878,坡道平面,28.52,1200000,預售屋、或土地及建物分件登記案件；,RPUQMLPLOHGGFDJ66DA,43.41,0.0,3.65,有,
竹北市,房地(土地+建物)+車位,新竹縣竹北市日興一街６號六樓,16.05,住,,,1100105,土地1建物1車位1,六層,十四層,住宅大樓(11層含以上有電梯),住家用,鋼筋混凝土造,1100603,109.86,1,1,1,有,有,8380000,90549,坡道平面,36.64,1750000,預售屋、或土地及建物分件登記案件；,RPQRMLNLOHGGFBJ58DA,42.57,1.38,5.09,有,
竹北市,車位,十興路３０５巷１３弄７３號等公共設施,0.3,住,,,1100102,土地1建物1車位1,,,其他,,,,37.55,0,0,0,有,有,1150000,,坡道平面,37.55,1150000,僅車位交易；,RPXPMLRKNHGGFBJ66DA,0.0,0.0,0.0,有,1229
竹北市,房地(土地+建物)+車位,新竹縣竹北市日興一街６號三樓,15.79,住,,,1100101,土地1建物1車位1,三層,十四層,住宅大樓(11層含以上有電梯),住家用,鋼筋混凝土造,1100603,106.98,1,1,1,有,有,8570000,95076,坡道平面,33.67,1600000,含裝潢費330000元；預售屋、或土地及建物分件登記案件；,RPTNMLNLOHGGFBJ48DA,42.57,1.38,5.18,有,
湖口鄉,房地(土地+建物),新竹縣湖口鄉達生路５３０號,88.12,住,,,1100111,土地2建物1車位0,全,四層,透天厝,住商用,鋼筋混凝土造,1100121,231.6,4,3,4,有,無,14800000,63903,,0.0,0,,RPQNMLQJPHGGFDJ58DA,208.42,0.0,23.18,無,
竹北市,土地,東華段1130地號,77.03,,鄉村區,乙種建築用地,1100114,土地1建物0車位0,,,其他,,,,0.0,0,0,0,有,無,6525000,84707,,0.0,0,,RPQOMLSJRHGGFBJ98EA,0.0,0.0,0.0,無,
竹北市,土地,泰和段1005地號,7728.1,工,,,1091223,土地5建物0車位0,,,其他,,,,0.0,0,0,0,有,無,490927500,63525,,0.0,0,,RPRPMLQLLHGGFBJ48DA,0.0,0.0,0.0,無,1237
竹北市,車位,十興路３０５巷１３弄７３號等公共設施,0.3,住,,,1091213,土地1建物1車位1,,,其他,,,,39.61,0,0,0,有,有,1150000,,坡道平面,39.61,1150000,僅車位交易；,RPPQMLRKNHGGFBJ58DA,0.0,0.0,0.0,有,1229
寶山鄉,土地,莒光段67-9地號,521.2,,山坡地保育區,林業用地,1091230,土地9建物0車位0,,,其他,,,,0.0,0,0,0,有,無,2000000,3837,,0.0,0,,RPXNMLSJOHGGFCJ66DA,0.0,0.0,0.0,無,1075
新埔鎮,土地,南平段1016-7地號,82.61,,山坡地保育區,農牧用地,1091225,土地1建物0車位0,,,其他,,,,0.0,0,0,0,有,無,115654,1400,,0.0,0,,RPVPMLRKLHGGFBJ88DA,0.0,0.0,0.0,無,0936
新埔鎮,土地,南平段1018-7地號,512.43,,山坡地保育區,農牧用地,1091225,土地2建物0車位0,,,其他,,,,0.0,0,0,0,有,無,1384346,2702,,0.0,0,,SPVPMLRKLHGGFBJ98DA,0.0,0.0,0.0,無,0415
新豐鄉,房地(土地+建物),紅毛２３－２２號,694.72,,一般農業區,丁種建築用地,1091223,土地2建物1車位0,全,二層,透天厝,工業用,鋼骨造,1020325,842.98,3,1,5,有,無,48000000,56941,,0.0,0,夾層；其他增建；,RPVNMLQKOHGGFDJ09DA,842.98,0.0,0.0,有,
竹北市,房地(土地+建物)+車位,嘉豐五路二段８９號十樓,58.48,住,,,1091225,土地1建物1車位2,十層,十五層,住宅大樓(11層含以上有電梯),住家用,鋼筋混凝土造,0980626,353.25,4,2,3,有,有,28500000,80679,坡道平面,0.0,0,含裝潢費；含土地增值稅或其他稅費；含仲介費；,RPQNMLMLOHGGFBJ08DA,179.2,10.23,16.32,有,
芎林鄉,房地(土地+建物),新竹縣芎林鄉光明一街５９號,79.98,住,,,1091231,土地1建物1車位0,全,四層,透天厝,住家用,鋼筋混凝土造,1100208,212.65,4,2,5,有,有,15600000,73360,,0.0,0,,RPQOMLMJOHGGFCJ08DA,194.08,0.0,18.57,無,
竹北市,車位,十興路３０５巷１３弄７３號等公共設施,0.3,住,,,1091229,土地1建物1車位1,,,其他,,,,39.61,0,0,0,有,有,1100000,,坡道平面,39.61,1100000,僅車位交易；,RPSOMLLMNHGGFBJ28DA,0.0,0.0,0.0,有,1229
湖口鄉,房地(土地+建物),新竹縣湖口鄉大智路１巷１９號五樓,25.62,,工業區,丁種建築用地,1091212,土地2建物1車位0,五層,五層,公寓(5樓含以下無電梯),住家用,鋼筋混凝土造,0930605,105.41,3,2,2,有,有,6500000,61664,,0.0,0,,RPPOMLMLKHGGFDJ87DA,81.22,0.0,7.98,無,1243
湖口鄉,房地(土地+建物),新竹縣湖口鄉中正二路１５巷５號,86.34,都市：其他:住(一),,,1091206,土地2建物1車位0,全,四層,透天厝,住家用,鋼筋混凝土造,1100121,164.73999999999998,3,2,4,有,無,10000000,60705,,0.0,0,,RPUOMLMJOHGGFDJ58DA,157.47,0.0,6.95,無,
芎林鄉,土地,鹿寮坑段410地號,719.0,,工業區,丁種建築用地,1091218,土地1建物0車位0,,,其他,,,,0.0,0,0,0,有,無,18052292,25107,,0.0,0,原協議出售面積220坪每坪新台幣83000元合計1826萬元正分割後實際面積為217.4975坪每坪新台幣83000元計算後實際買賣價金為18052292元正,RPXNMLRJPHGGFCJ66DA,0.0,0.0,0.0,無,
竹東鎮,土地,明星段1057地號,2546.81,都市：其他:農業區,,,1091231,土地3建物0車位0,,,其他,,,,0.0,0,0,0,有,無,15280860,6000,,0.0,0,,RPSOMLTJPHGGFCJ56EA,0.0,0.0,0.0,無,
竹北市,房地(土地+建物)+車位,新竹縣竹北市復興二路２５９號十四樓之二,20.68,商,,,1091231,土地1建物1車位2,十四層,二十四層,住宅大樓(11層含以上有電梯),住家用,鋼筋混凝土造,1091226,235.5,3,2,2,有,有,22060000,108295,坡道平面,60.7,3130000,預售屋、或土地及建物分件登記案件；,RPVOMLKLPHGGFBJ68EA,96.56,12.56,4.08,有,
竹北市,房地(土地+建物),新竹縣竹北市新瀧一街３１號二樓,14.78,商,,,1091231,土地1建物1車位0,二層,十四層,住宅大樓(11層含以上有電梯),住家用,鋼筋混凝土造,1100324,91.3,2,2,2,有,有,5350000,58598,,0.0,0,預售屋、或土地及建物分件登記案件；,RPRPMLTJPHGGFBJ98DA,54.86,1.75,4.24,有,
竹北市,房地(土地+建物)+車位,新竹縣竹北市中山六街４０號,78.73,,鄉村區,乙種建築用地,1091208,土地3建物1車位2,全,四層,透天厝,住家用,鋼筋混凝土造,1100524,208.25,4,2,4,有,無,15500000,74430,一樓平面,0.0,0,預售屋、或土地及建物分件登記案件；,RPSOMLKMOHGGFBJ28DA,191.67,0.0,16.58,無,
芎林鄉,房地(土地+建物),新竹縣芎林鄉文富街１２巷３號,73.47,住,,,1091221,土地3建物1車位0,全,四層,透天厝,住家用,鋼筋混凝土造,1091207,200.83,5,3,6,有,無,14000000,69711,,0.0,0,陽台外推；,RPQNMLKLPHGGFCJ08DA,177.55,0.0,23.28,有,
竹北市,房地(土地+建物)+車位,新竹縣竹北市嘉德街１２２號二樓,43.22,住,,,1091228,土地1建物1車位3,二層,二十層,住宅大樓(11層含以上有電梯),住家用,鋼筋混凝土造,1100520,305.07,4,2,2,有,有,29680000,113887,坡道平面,76.95,3700000,土地買賣價款1299萬建物買賣價款1299萬車位買賣價款370萬預售屋、或土地及建物分件登記案件；,RPVNMLKKPHGGFBJ38DA,139.99,0.0,15.52,有,
湖口鄉,房地(土地+建物),新竹縣湖口鄉嘉興路一段８９巷２９號,90.92,,特定農業區,甲種建築用地,1091219,土地1建物1車位0,全,三層,透天厝,住家用,鋼筋混凝土造,1100507,122.27,4,1,3,有,有,7500000,61340,,0.0,0,預售屋、或土地及建物分件登記案件；,RPUNMLQKOHGGFDJ98DA,117.95,0.0,4.32,無,
芎林鄉,土地,綠獅段701地號,72.66,住,,,1091215,土地2建物0車位0,,,其他,,,,0.0,0,0,0,有,無,5080000,69915,,0.0,0,,RPTOMLRLPHGGFCJ66EA,0.0,0.0,0.0,無,
竹北市,房地(土地+建物)+車位,新竹縣竹北市日興一街６號七樓,16.05,住,,,1091216,土地1建物1車位1,七層,十四層,住宅大樓(11層含以上有電梯),住家用,鋼筋混凝土造,1100603,109.86,1,1,1,有,有,8380000,90549,坡道平面,36.64,1750000,預售屋、或土地及建物分件登記案件；,RPRRMLNLOHGGFBJ68DA,42.57,1.38,5.09,有,
竹北市,房地(土地+建物)+車位,新竹縣竹北市日興一街６號四樓,16.05,住,,,1091202,土地1建物1車位1,四層,十四層,住宅大樓(11層含以上有電梯),住家用,鋼筋混凝土造,1100603,109.86,1,1,1,有,有,8080000,88500,坡道平面,36.64,1600000,預售屋、或土地及建物分件登記案件；,RPXOMLOLOHGGFBJ09DA,42.57,1.38,5.09,有,
竹北市,房地(土地+建物),新竹縣竹北市泰和一街３２號,75.02,住,,,1091225,土地1建物1車位0,全,二層,透天厝,住家用,加強磚造,0670128,109.6,3,2,2,有,無,4500000,41058,,0.0,0,親友、員工、共有人或其他特殊關係間之交易；,RPRNMLLMPHGGFBJ28DA,109.6,0.0,0.0,無,
湖口鄉,房地(土地+建物)+車位,新竹縣湖口鄉明德街８５號三樓之３,19.17,住,,,1091205,土地1建物1車位1,三層,十四層,住宅大樓(11層含以上有電梯),住家用,鋼筋混凝土造,1091014,117.36000000000001,2,2,1,有,有,5150000,49317,坡道平面,33.21,1000000,,RPOOMLRLPHGGFDJ78DA,53.25,1.21,6.81,有,
新豐鄉,房地(土地+建物),新竹縣新豐鄉員山１３１之５９號,82.13,,山坡地保育區,丙種建築用地,1091220,土地3建物1車位0,全,三層,透天厝,住家用,鋼筋混凝土造,1100129,159.04,3,2,3,有,無,8950000,56275,,0.0,0,預售屋、或土地及建物分件登記案件；,RPWPMLQKMHGGFDJ56DA,143.74,0.0,15.3,無,
竹北市,房地(土地+建物)+車位,新竹縣竹北市隘口六街２２６號六樓,36.71,住,,,1091223,土地1建物1車位2,六層,十五層,住宅大樓(11層含以上有電梯),住家用,鋼筋混凝土造,1040119,246.97,4,1,2,有,有,14000000,56687,坡道平面,69.94,0,,RPTPMLMKQHGGFBJ68DA,107.27,3.97,11.96,有,1244
竹北市,房地(土地+建物),新竹縣竹北市水瀧二街２５１巷５弄１號,83.88,,鄉村區,乙種建築用地,1091213,土地3建物1車位0,全,四層,透天厝,住家用,鋼筋混凝土造,1100608,216.43,5,2,4,有,有,14860000,68660,,0.0,0,預售屋、或土地及建物分件登記案件；,RPUPMLLJQHGGFBJ58DA,201.95,0.0,14.48,無,
新豐鄉,土地,振興段9地號,547.63,農,,,1091219,土地3建物0車位0,,,其他,,,,0.0,0,0,0,有,無,3836660,7006,,0.0,0,,RPTNMLKLNHGGFDJ28DA,0.0,0.0,0.0,無,
新埔鎮,房地(土地+建物),新竹縣新埔鎮福祿三街１１３號,74.8,,鄉村區,乙種建築用地,1091220,土地1建物1車位0,全,四層,透天厝,住家用,鋼筋混凝土造,1100429,186.57,6,2,4,有,無,16030000,85919,,0.0,0,,RPSOMLKLQHGGFBJ38DA,172.82,0.0,13.75,無,
新埔鎮,房地(土地+建物),新竹縣新埔鎮福祿六街１５號,76.2,,鄉村區,乙種建築用地,1091206,土地1建物1車位0,全,四層,透天厝,住家用,鋼筋混凝土造,1100429,185.57,6,2,4,有,無,16380000,88269,,0.0,0,,RPPOMLKLQHGGFBJ08DA,171.67,0.0,13.9,無,
新豐鄉,房地(土地+建物),新竹縣新豐鄉坑子口４５８之５號,298.0,,特定農業區,農牧用地,1091206,土地4建物1車位0,全,四層,透天厝,住家用,鋼筋混凝土造,1100622,183.9,4,2,3,有,有,9100000,49483,,0.0,0,預售屋、或土地及建物分件登記案件；,RPROMLPKQHGGFDJ88DA,175.4,0.0,8.5,無,
竹北市,房地(土地+建物)+車位,新竹縣竹北市日興一街３０號三樓,17.58,住,,,1091218,土地1建物1車位1,三層,十四層,住宅大樓(11層含以上有電梯),住家用,鋼筋混凝土造,1100603,120.38999999999999,2,2,1,有,有,9980000,98269,坡道平面,36.64,1750000,含裝潢費500000元；預售屋、或土地及建物分件登記案件；,RPORMLMLOHGGFBJ28DA,48.31,4.78,3.03,有,
新豐鄉,房地(土地+建物),埔頂２７５之９號,83.56,,特定農業區,甲種建築用地,1091109,土地2建物1車位0,全,四層,透天厝,住家用,鋼筋混凝土造,1100318,166.51,4,2,5,有,無,6380000,38316,,0.0,0,,RPWNMLLJOHGGFDJ58DA,162.77,0.0,3.74,無,
竹東鎮,房地(土地+建物)+車位,光明路２３號,78.29,住,,,1091109,土地2建物1車位1,全,四層,透天厝,住商用,鋼筋混凝土造,1090805,212.34,4,2,6,有,無,18000000,84770,一樓平面,0.0,0,,RPPOMLPKOHGGFCJ48EA,191.17,0.0,21.17,無,
芎林鄉,房地(土地+建物),光明一街５３號,78.89,住,,,1091129,土地1建物1車位0,全,四層,透天厝,住家用,鋼筋混凝土造,1100208,212.65,4,2,5,有,有,15580000,73266,,0.0,0,,RPXNMLMJOHGGFCJ68DA,194.08,0.0,18.57,無,
竹北市,車位,十興路３０５巷１３弄１４０號等公共設施,0.18,住,,,1091121,土地1建物1車位1,,,其他,,,,34.32,0,0,0,有,有,1100000,,坡道平面,34.32,1100000,僅車位交易；,RPVOMLLMNHGGFBJ58DA,0.0,0.0,0.0,有,0954
竹北市,車位,十興路３０５巷１３弄７３號等公共設施,0.3,住,,,1091128,土地1建物1車位1,,,其他,,,,45.68,0,0,0,有,有,1300000,,坡道平面,45.68,1300000,僅車位交易；,RPSPMLQKOHGGFBJ78DA,0.0,0.0,0.0,有,1229
竹東鎮,房地(土地+建物)+車位,新竹縣竹東鎮東榮路５２號一樓,34.25,住,,,1091115,土地1建物1車位1,一層，見其他登記事項,十三層,住宅大樓(11層含以上有電梯),商業用,鋼筋混凝土造,1100128,186.22000000000003,0,0,0,無,有,11480000,70027,坡道平面,39.42,1200000,預售屋、或土地及建物分件登記案件；,RPWOMLKLKHGGFCJ28DA,99.44,0.0,6.99,有,
湖口鄉,房地(土地+建物),新竹縣湖口鄉吳厝路９６號五樓,77.34,,特定農業區,農牧用地,1091113,土地4建物1車位0,五層,五層,華廈(10層含以下有電梯),住家用,鋼筋混凝土造,1080327,102.16999999999999,3,2,2,有,有,4400000,43065,,0.0,0,農地上做分管停車用並含在總價款裡預售屋、或土地及建物分件登記案件；,RPPNMLMJPHGGFDJ08DA,74.33,0.0,6.3,有,
竹東鎮,房地(土地+建物)+車位,新竹縣竹東鎮東榮路５６號一樓,31.72,住,,,1091118,土地1建物1車位1,一層，見其他登記事項,十三層,住宅大樓(11層含以上有電梯),商業用,鋼筋混凝土造,1100128,175.32,0,0,0,無,有,9650000,62546,坡道平面,39.42,1150000,預售屋、或土地及建物分件登記案件；,RPTOMLLMNHGGFCJ48DA,94.01,0.0,4.49,有,
竹東鎮,房地(土地+建物)+車位,新竹縣竹東鎮東榮路５８號,29.0,住,,,1091123,土地1建物1車位1,一層，見其他登記事項,十三層,住宅大樓(11層含以上有電梯),商業用,鋼筋混凝土造,1100128,165.55,0,0,0,無,有,9530000,66969,坡道平面,41.91,1250000,預售屋、或土地及建物分件登記案件；,RPTOMLRKNHGGFCJ88DA,86.47,0.0,3.16,有,
關西鎮,土地,東安段434-17地號,816.13,住,,,1091124,土地1建物0車位0,,,其他,,,,0.0,0,0,0,有,無,40948527,50174,,0.0,0,,RPRVMLTJPHGGFBJ96DA,0.0,0.0,0.0,無,
關西鎮,土地,東安段434-1地號,1238.35,住,,,1091124,土地7建物0車位0,,,其他,,,,0.0,0,0,0,有,無,61951473,50027,,0.0,0,本交易因土地及持有人較多.故有3份契約書進行產權移轉.其交易總額為61951473元正,RPSVMLTJPHGGFBJ07DA,0.0,0.0,0.0,無,
北埔鄉,房地(土地+建物),新竹縣北埔鄉中山路２２９巷２弄６號,97.28,住,,,1091103,土地2建物1車位0,全,四層,透天厝,住家用,鋼筋混凝土造,1090409,218.88,5,2,6,有,無,8300000,37920,,0.0,0,,RPPPMLLJPHGGFCJ08DA,218.88,0.0,0.0,無,
湖口鄉,房地(土地+建物)+車位,新竹縣湖口鄉明德街８１號十四樓之２,28.2,住,,,1091128,土地1建物1車位2,十四層,十四層,住宅大樓(11層含以上有電梯),住家用,鋼筋混凝土造,1091014,190.57999999999998,3,2,2,有,有,7950000,48727,坡道平面,66.42,1900000,,RPUVMLSJPHGGFDJ37DA,79.28,2.81,8.07,有,
湖口鄉,房地(土地+建物)+車位,新竹縣湖口鄉明德街８１號十四樓之１,28.2,住,,,1091128,土地1建物1車位1,十四層,十四層,住宅大樓(11層含以上有電梯),住家用,鋼筋混凝土造,1091014,157.18,3,2,2,有,有,7050000,48802,坡道平面,33.21,1000000,,RPVVMLSJPHGGFDJ47DA,79.28,2.81,7.97,有,
竹北市,房地(土地+建物),新竹縣竹北市新瀧一街２７號十四樓,14.8,商,,,1091114,土地1建物1車位0,十四層,十四層,住宅大樓(11層含以上有電梯),住家用,鋼筋混凝土造,1100324,91.4,2,2,2,有,有,5680000,62144,,0.0,0,預售屋、或土地及建物分件登記案件；,RPQVMLTJPHGGFBJ86DA,54.93,1.75,4.24,有,
湖口鄉,房地(土地+建物),新竹縣湖口鄉嘉興路一段８９巷１５號,88.21,,特定農業區,甲種建築用地,1091122,土地1建物1車位0,全,三層,透天厝,住家用,鋼筋混凝土造,1100507,120.15,4,1,3,有,有,7370000,61340,,0.0,0,預售屋、或土地及建物分件登記案件；,RPWOMLKKOHGGFDJ68DA,115.83,0.0,4.32,無,
湖口鄉,房地(土地+建物),新竹縣湖口鄉嘉興路一段８９巷２３號,86.66,,特定農業區,甲種建築用地,1091128,土地1建物1車位0,全,三層,透天厝,住家用,鋼筋混凝土造,1100507,120.15,4,1,3,有,有,7450000,62006,,0.0,0,預售屋、或土地及建物分件登記案件；,RPQNMLQKOHGGFDJ58DA,115.83,0.0,4.32,無,
竹北市,房地(土地+建物)+車位,新竹縣竹北市日興一街３０號四樓,17.32,住,,,1091108,土地1建物1車位1,四層,十四層,住宅大樓(11層含以上有電梯),住家用,鋼筋混凝土造,1100603,117.41999999999999,2,2,1,有,有,8700000,84776,坡道平面,33.67,1600000,預售屋、或土地及建物分件登記案件；,RPPOMLQJPHGGFBJ38DA,48.31,4.78,3.03,有,
竹北市,房地(土地+建物)+車位,新竹縣竹北市日興一街１６號五樓,17.11,住,,,1091108,土地1建物1車位1,五層,十四層,住宅大樓(11層含以上有電梯),住家用,鋼筋混凝土造,1100603,115.96000000000001,2,1,1,有,有,8580000,84822,坡道平面,33.67,1600000,預售屋、或土地及建物分件登記案件；,RPROMLOLOHGGFBJ48DA,47.62,4.78,2.74,有,
竹北市,房地(土地+建物)+車位,新竹縣竹北市日興一街１８號二樓,16.92,住,,,1091102,土地1建物1車位1,二層,十四層,住宅大樓(11層含以上有電梯),住家用,鋼筋混凝土造,1100603,115.81,2,1,1,有,有,8400000,83996,坡道平面,36.64,1750000,預售屋、或土地及建物分件登記案件；,RPVPMLMLOHGGFBJ78DA,47.62,2.71,2.74,有,
竹北市,房地(土地+建物)+車位,新竹縣竹北市日興一街６號五樓,16.05,住,,,1091117,土地1建物1車位1,五層,十四層,住宅大樓(11層含以上有電梯),住家用,鋼筋混凝土造,1100603,109.86,1,1,1,有,有,8020000,87681,坡道平面,36.64,1600000,預售屋、或土地及建物分件登記案件；,RPVRMLMLOHGGFBJ98DA,42.57,1.38,5.09,有,
竹北市,房地(土地+建物)+車位,新竹縣竹北市日興一街６號八樓,15.79,住,,,1091122,土地1建物1車位1,八層,十四層,住宅大樓(11層含以上有電梯),住家用,鋼筋混凝土造,1100603,106.89,1,1,1,有,有,8200000,90139,坡道平面,33.67,1600000,預售屋、或土地及建物分件登記案件；,RPWRMLMLOHGGFBJ09DA,42.57,1.38,5.09,有,
竹北市,房地(土地+建物)+車位,新竹縣竹北市日興一街６號十二樓,15.79,住,,,1091120,土地1建物1車位1,十二層,十四層,住宅大樓(11層含以上有電梯),住家用,鋼筋混凝土造,1100603,106.89,1,1,1,有,有,8250000,90822,坡道平面,33.67,1600000,預售屋、或土地及建物分件登記案件；,RPTRMLNLOHGGFBJ88DA,42.57,1.38,5.09,有,
湖口鄉,房地(土地+建物)+車位,新竹縣湖口鄉明德街８１號五樓之２,28.2,住,,,1091128,土地1建物1車位1,五層,十四層,住宅大樓(11層含以上有電梯),住家用,鋼筋混凝土造,1091014,157.37,3,2,2,有,有,6800000,46714,坡道平面,33.21,1000000,,RPPOMLRLPHGGFDJ88DA,79.28,2.81,8.07,有,
竹北市,房地(土地+建物),新竹縣竹北市新瀧一街２７號四樓,14.8,商,,,1091114,土地1建物1車位0,四層,十四層,住宅大樓(11層含以上有電梯),住家用,鋼筋混凝土造,1100324,91.37,2,2,2,有,有,5680000,62165,,0.0,0,預售屋、或土地及建物分件登記案件；,RPPQMLKMPHGGFBJ28DA,54.93,1.75,4.24,有,
竹北市,房地(土地+建物),新竹縣竹北市新瀧一街３１號十四樓,14.78,商,,,1091114,土地1建物1車位0,十四層,十四層,住宅大樓(11層含以上有電梯),住家用,鋼筋混凝土造,1100324,91.3,2,2,2,有,有,5680000,62212,,0.0,0,預售屋、或土地及建物分件登記案件；,RPRSMLKMPHGGFBJ68DA,54.86,1.75,4.24,有,
竹北市,房地(土地+建物)+車位,新竹縣竹北市嘉德街１２８號十三樓,47.25,住,,,1091110,土地1建物1車位2,十三層,二十層,住宅大樓(11層含以上有電梯),住家用,鋼筋混凝土造,1100520,300.68,4,2,2,有,有,26900000,96640,坡道平面,51.3,2800000,土地買賣價款1205萬建物買賣價款1205萬車位買賣價款280萬預售屋、或土地及建物分件登記案件；,RPORMLNJQHGGFBJ38DA,153.06,0.0,16.94,有,
新埔鎮,房地(土地+建物),新竹縣新埔鎮義民路三段７１７巷１５８號,64.0,,鄉村區,乙種建築用地,1091129,土地1建物1車位0,全,三層,透天厝,住家用,加強磚造,,80.33,2,2,2,有,無,3450000,42948,,0.0,0,,RPRNMLKLQHGGFBJ28EA,80.33,0.0,0.0,無,
新豐鄉,房地(土地+建物)+車位,新竹縣新豐鄉員山１３１之１２５號二樓,25.45,,山坡地保育區,丙種建築用地,1091130,土地3建物1車位1,二層,七層,華廈(10層含以下有電梯),住家用,鋼筋混凝土造,1100401,95.44,2,2,1,有,無,3850000,39600,坡道平面,28.52,1200000,預售屋權利讓渡，權利買賣契約成交價420萬。預售屋、或土地及建物分件登記案件；,RPQRMLPLOHGGFDJ98DA,41.24,0.0,3.75,有,
新豐鄉,房地(土地+建物)+車位,新竹縣新豐鄉員山１３１之１２５號七樓,25.45,,山坡地保育區,丙種建築用地,1091124,土地3建物1車位1,七層,七層,華廈(10層含以下有電梯),住家用,鋼筋混凝土造,1100401,95.44,2,2,1,有,無,4080000,43036,坡道平面,28.52,1200000,預售屋、或土地及建物分件登記案件；,RPVRMLPLOHGGFDJ86DA,41.24,0.0,3.75,有,
新豐鄉,房地(土地+建物)+車位,新竹縣新豐鄉員山１３１之１３６號七樓,25.17,,山坡地保育區,丙種建築用地,1091109,土地3建物1車位1,七層,七層,華廈(10層含以下有電梯),住家用,鋼筋混凝土造,1100401,95.34,2,2,1,有,無,4150000,44148,坡道平面,28.52,1200000,預售屋、或土地及建物分件登記案件；,RPVPMLSJPHGGFDJ86DA,41.14,0.0,3.75,有,
新豐鄉,房地(土地+建物)+車位,新竹縣新豐鄉員山１３１之１３７號七樓,25.45,,山坡地保育區,丙種建築用地,1091111,土地3建物1車位1,七層,七層,華廈(10層含以下有電梯),住家用,鋼筋混凝土造,1100401,95.44,2,2,1,有,無,4100000,43335,坡道平面,28.52,1200000,預售屋、或土地及建物分件登記案件；,RPRRMLSJPHGGFDJ66DA,41.24,0.0,3.75,有,
新豐鄉,房地(土地+建物)+車位,新竹縣新豐鄉員山１３１之１４１號二樓,25.72,,山坡地保育區,丙種建築用地,1091108,土地3建物1車位1,二層,七層,華廈(10層含以下有電梯),住家用,鋼筋混凝土造,1100401,97.62,2,2,1,有,無,4060000,41389,坡道平面,28.52,1200000,預售屋、或土地及建物分件登記案件；,RPUUMLSJPHGGFDJ27DA,42.82,0.0,3.65,有,
竹北市,房地(土地+建物)+車位,新竹縣竹北市日興一街６號十四樓,16.05,住,,,1091109,土地1建物1車位1,十四層,十四層,住宅大樓(11層含以上有電梯),住家用,鋼筋混凝土造,1100603,109.86,1,1,1,有,有,8080000,88500,坡道平面,36.64,1600000,預售屋、或土地及建物分件登記案件；,RPOPMLOLOHGGFBJ28DA,42.57,1.38,5.09,有,
竹北市,車位,十興路３０５巷１３弄１４０號等公共設施,0.18,住,,,1091118,土地1建物1車位1,,,其他,,,,34.32,0,0,0,有,有,1050000,,坡道平面,34.32,1050000,僅車位交易；,RPQNMLQKQHGGFBJ58DA,0.0,0.0,0.0,有,0954
竹北市,房地(土地+建物)+車位,新竹縣竹北市日興一街１８號十一樓,17.4,住,,,1091104,土地1建物1車位1,十一層,十四層,住宅大樓(11層含以上有電梯),住家用,鋼筋混凝土造,1100603,119.0,2,1,1,有,有,8530000,82322,坡道平面,36.64,1750000,預售屋、或土地及建物分件登記案件；,RPPPMLNLOHGGFBJ28DA,47.69,4.78,2.74,有,
竹北市,房地(土地+建物)+車位,新竹縣竹北市日興一街２８號三樓,17.55,住,,,1091127,土地1建物1車位1,三層,十四層,住宅大樓(11層含以上有電梯),住家用,鋼筋混凝土造,1100603,120.16,2,2,1,有,有,9800000,98180,坡道平面,36.64,1600000,含裝潢費720000元；預售屋、或土地及建物分件登記案件；,RPQQMLMLOHGGFBJ38DA,48.17,4.78,3.03,有,
竹北市,房地(土地+建物)+車位,新竹縣竹北市日興一街６號十三樓,16.05,住,,,1091123,土地1建物1車位1,十三層,十四層,住宅大樓(11層含以上有電梯),住家用,鋼筋混凝土造,1100603,109.86,1,1,1,有,有,8200000,90139,坡道平面,36.64,1600000,預售屋、或土地及建物分件登記案件；,RPSSMLMLOHGGFBJ78DA,42.57,1.38,5.09,有,
湖口鄉,土地,德興段351地號,897.44,住,,,1091023,土地5建物0車位0,,,其他,,,,0.0,0,0,0,有,無,44900000,50031,,0.0,0,登記完畢後，做價金找補。,RPXOMLSJOHGGFDJ86DA,0.0,0.0,0.0,無,
竹北市,房地(土地+建物)+車位,北新一街１９號二樓之三,10.83,商,,,1091026,土地1建物1車位1,二層,二十四層,住宅大樓(11層含以上有電梯),住家用,鋼筋混凝土造,1091225,128.54000000000002,2,1,1,有,有,8360000,71724,坡道平面,29.41,1250000,含裝潢費870000元；預售屋、或土地及建物分件登記案件；,RPWPMLSLMHGGFBJ66DA,61.98,0.0,5.36,有,
竹北市,房地(土地+建物)+車位,北新一街２３號十三樓之一,14.01,商,,,1091006,土地1建物1車位1,十三層,二十四層,住宅大樓(11層含以上有電梯),住家用,鋼筋混凝土造,1091225,153.42000000000002,3,2,2,有,有,9550000,66124,坡道平面,29.41,1350000,,RPOPMLRJOHGGFBJ38DA,78.29,0.0,5.82,有,1200
竹北市,房地(土地+建物),中山路１６２號,62.59,住,,,1091026,土地1建物1車位0,全,三層,透天厝,住家用,鋼筋混凝土造,0771122,96.4,6,2,3,有,無,9550000,99066,,0.0,0,,RPUNMLLLOHGGFBJ48EA,96.4,0.0,0.0,無,
芎林鄉,房地(土地+建物),新竹縣芎林鄉文德六街１１號,111.89,住,,,1091028,土地1建物1車位0,全,三層,透天厝,住家用,鋼筋混凝土造,1100129,213.84,4,3,4,有,無,17000000,79499,,0.0,0,,RPOOMLQLMHGGFCJ28DA,198.69,0.0,15.15,無,
竹北市,房地(土地+建物)+車位,新竹縣竹北市復興二路２５５號十七樓之一,20.68,商,,,1091025,土地1建物1車位2,十七層,二十四層,住宅大樓(11層含以上有電梯),住家用,鋼筋混凝土造,1091226,234.27,3,2,2,有,有,22270000,111425,坡道平面,60.7,2930000,預售屋、或土地及建物分件登記案件；,RPXSMLLKOHGGFBJ09DA,96.29,7.11,8.94,有,
竹北市,房地(土地+建物)+車位,新竹縣竹北市復興二路２５５號十八樓之一,20.68,商,,,1091025,土地1建物1車位2,十八層,二十四層,住宅大樓(11層含以上有電梯),住家用,鋼筋混凝土造,1091226,234.27,3,2,2,有,有,22300000,111425,坡道平面,60.7,2960000,預售屋、或土地及建物分件登記案件；,RPPTMLLKOHGGFBJ38DA,96.29,7.11,8.94,有,
竹北市,房地(土地+建物)+車位,新竹縣竹北市復興二路２５３號,86.41,商,,,1091029,土地1建物1車位3,一層，二層，見其他登記事項,二十四層,住宅大樓(11層含以上有電梯),商業用,鋼筋混凝土造,1091226,685.76,0,0,0,無,有,105940000,171109,坡道平面,91.05,4180000,預售屋、或土地及建物分件登記案件；,RPQOMLKKOHGGFBJ87DA,402.87,0.0,59.92,有,
竹北市,房地(土地+建物)+車位,新竹縣竹北市復興二路２５５號二十樓之一,20.68,商,,,1091029,土地1建物1車位1,二十層,二十四層,住宅大樓(11層含以上有電梯),住家用,鋼筋混凝土造,1091226,203.93,3,2,2,有,有,20940000,111418,坡道平面,30.35,1600000,預售屋、或土地及建物分件登記案件；,RPROMLKKOHGGFBJ97DA,96.29,7.11,8.94,有,
竹北市,房地(土地+建物)+車位,新竹縣竹北市復興二路２５１號,114.71,商,,,1091029,土地1建物1車位5,一層，二層，見其他登記事項,二十四層,住宅大樓(11層含以上有電梯),商業用,鋼筋混凝土造,1091226,943.72,0,0,0,無,有,147020000,175613,坡道平面,151.75,7940000,預售屋、或土地及建物分件登記案件；,RPOOMLKKOHGGFBJ67DA,534.85,0.0,81.41,有,
竹北市,房地(土地+建物)+車位,新竹縣竹北市復興二路２５５號十二樓之一,20.68,商,,,1091029,土地1建物1車位1,十二層,二十四層,住宅大樓(11層含以上有電梯),住家用,鋼筋混凝土造,1091226,203.93,3,2,2,有,有,20450000,108423,坡道平面,30.35,1630000,預售屋、或土地及建物分件登記案件；,RPRSMLLKOHGGFBJ48DA,96.29,7.11,8.94,有,
竹北市,房地(土地+建物)+車位,新竹縣竹北市復興二路２５７號十七樓之三,8.27,商,,,1091025,土地1建物1車位1,十七層,二十四層,住宅大樓(11層含以上有電梯),住家用,鋼筋混凝土造,1091226,103.72,1,1,1,有,有,9240000,108628,坡道平面,30.35,1270000,預售屋、或土地及建物分件登記案件；,RPRPNLLKOHGGFBJ28DA,38.59,5.21,3.77,有,
竹北市,房地(土地+建物)+車位,新竹縣竹北市復興二路２５９號四樓之二,20.68,商,,,1091012,土地1建物1車位1,四層,二十四層,住宅大樓(11層含以上有電梯),住家用,鋼筋混凝土造,1091226,205.15,3,2,2,有,有,18600000,99085,坡道平面,30.35,1280000,預售屋、或土地及建物分件登記案件；,RPUQNLLKOHGGFBJ68DA,96.56,12.56,4.08,有,
湖口鄉,房地(土地+建物),新竹縣湖口鄉達生路５２８號,88.01,住,,,1091009,土地2建物1車位0,全,四層,透天厝,住商用,鋼筋混凝土造,1100121,231.6,4,3,4,有,無,15000000,64767,,0.0,0,,RPUSNLTLOHGGFDJ37DA,208.42,0.0,23.18,無,
竹北市,房地(土地+建物)+車位,新竹縣竹北市北新一街１９號二樓之一,14.01,商,,,1091012,土地1建物1車位1,二層,二十四層,住宅大樓(11層含以上有電梯),住家用,鋼筋混凝土造,1091225,159.26,3,2,2,有,有,10600000,71621,坡道平面,29.41,1300000,含裝潢費1140000元；預售屋、或土地及建物分件登記案件；,RPSPMLSLMHGGFBJ88DA,82.08,0.0,5.84,有,
竹北市,房地(土地+建物)+車位,新竹縣竹北市復興二路２５９號十樓之一,8.42,商,,,1091012,土地1建物1車位1,十層,二十四層,住宅大樓(11層含以上有電梯),住家用,鋼筋混凝土造,1091226,104.06,1,1,1,有,有,9060000,105820,坡道平面,30.35,1260000,預售屋、或土地及建物分件登記案件；,RPUOMLKLPHGGFBJ58EA,39.34,5.17,3.22,有,
竹北市,房地(土地+建物),新竹縣竹北市新瀧一街３１號三樓,14.78,商,,,1091029,土地1建物1車位0,三層,十四層,住宅大樓(11層含以上有電梯),住家用,鋼筋混凝土造,1100324,91.3,2,2,2,有,有,5470000,59912,,0.0,0,預售屋、或土地及建物分件登記案件；,RPVPMLTJPHGGFBJ76DA,54.86,1.75,4.24,有,
竹北市,房地(土地+建物)+車位,新竹縣竹北市中山六街４２號,78.8,,鄉村區,乙種建築用地,1091022,土地3建物1車位2,全,四層,透天厝,住家用,鋼筋混凝土造,1100524,205.41,4,2,4,有,無,15500000,75459,一樓平面,0.0,0,預售屋、或土地及建物分件登記案件；,RPROMLKMOHGGFBJ18DA,191.67,0.0,13.74,無,
竹北市,房地(土地+建物)+車位,新竹縣竹北市縣政二路南段７５號,55.04,住,,,1091001,土地1建物1車位2,一層，見其他登記事項,二十層,店面(店鋪),商業用,鋼筋混凝土造,1100520,308.54,0,0,0,無,有,45000000,162494,坡道平面,51.3,3200000,土地買賣價款2090萬建物買賣價款2090萬車位買賣價款320萬預售屋、或土地及建物分件登記案件；,RPRNMLKKPHGGFBJ97DA,170.37,0.0,27.66,有,
湖口鄉,房地(土地+建物),新竹縣湖口鄉嘉興路一段８９巷１７號,87.82,,特定農業區,甲種建築用地,1091028,土地1建物1車位0,全,三層,透天厝,住家用,鋼筋混凝土造,1100507,120.15,4,1,3,有,有,7450000,62006,,0.0,0,預售屋、或土地及建物分件登記案件；,RPXOMLKKOHGGFDJ78DA,115.83,0.0,4.32,無,
竹北市,房地(土地+建物)+車位,新竹縣竹北市興隆路三段１９７號十七樓,74.41,住,,,1091008,土地1建物1車位4,十七層,二十六層,住宅大樓(11層含以上有電梯),住家用,鋼筋混凝土造,1041214,567.96,3,2,4,有,有,52000000,104651,坡道平面,120.76,5200000,預售屋、或土地及建物分件登記案件；,RPUPMLRLPHGGFBJ66DA,240.6,29.55,30.2,有,1249
竹北市,房地(土地+建物)+車位,新竹縣竹北市日興一街１６號九樓,17.37,住,,,1091012,土地1建物1車位1,九層,十四層,住宅大樓(11層含以上有電梯),住家用,鋼筋混凝土造,1100603,118.93,2,1,1,有,有,8660000,85794,坡道平面,36.64,1600000,預售屋、或土地及建物分件登記案件；,RPQNMLOLOHGGFBJ28DA,47.62,4.78,2.74,有,
竹北市,房地(土地+建物)+車位,新竹縣竹北市日興一街１２號六樓,17.37,住,,,1091006,土地1建物1車位1,六層,十四層,住宅大樓(11層含以上有電梯),住家用,鋼筋混凝土造,1100603,118.93,2,1,1,有,有,8500000,83850,坡道平面,36.64,1600000,預售屋、或土地及建物分件登記案件；,RPWNMLOLOHGGFBJ88DA,47.62,4.78,2.74,有,
竹北市,房地(土地+建物)+車位,新竹縣竹北市日興一街８號二樓,22.0,住,,,1091019,土地1建物1車位1,二層,十四層,住宅大樓(11層含以上有電梯),住家用,鋼筋混凝土造,1100603,150.53,3,2,2,有,有,12180000,91580,坡道平面,36.64,1750000,預售屋、或土地及建物分件登記案件；,RPSSMLNLOHGGFBJ88DA,69.19,3.87,3.22,有,
竹北市,房地(土地+建物)+車位,新竹縣竹北市日興一街１６號二樓,16.92,住,,,1091028,土地1建物1車位1,二層,十四層,住宅大樓(11層含以上有電梯),住家用,鋼筋混凝土造,1100603,115.81,2,1,1,有,有,8350000,83365,坡道平面,36.64,1750000,預售屋、或土地及建物分件登記案件；,RPSPMLMLOHGGFBJ48DA,47.62,2.71,2.74,有,
竹北市,房地(土地+建物)+車位,新竹縣竹北市日興一街１８號五樓,17.4,住,,,1091007,土地1建物1車位1,五層,十四層,住宅大樓(11層含以上有電梯),住家用,鋼筋混凝土造,1100603,119.0,2,1,1,有,有,8560000,84507,坡道平面,36.64,1600000,預售屋、或土地及建物分件登記案件；,RPXPMLMLOHGGFBJ98DA,47.69,4.78,2.74,有,
竹北市,房地(土地+建物)+車位,新竹縣竹北市日興一街２８號五樓,17.55,住,,,1091016,土地1建物1車位1,五層,十四層,住宅大樓(11層含以上有電梯),住家用,鋼筋混凝土造,1100603,120.16,2,2,1,有,有,8800000,86207,坡道平面,36.64,1600000,預售屋、或土地及建物分件登記案件；,RPRQMLMLOHGGFBJ48DA,48.17,4.78,3.03,有,
竹北市,房地(土地+建物)+車位,新竹縣竹北市日興一街２８號十樓,17.55,住,,,1091005,土地1建物1車位1,十層,十四層,住宅大樓(11層含以上有電梯),住家用,鋼筋混凝土造,1100603,120.16,2,2,1,有,有,8720000,85249,坡道平面,36.64,1600000,預售屋、或土地及建物分件登記案件；,RPSQMLMLOHGGFBJ58DA,48.17,4.78,3.03,有,
竹北市,房地(土地+建物)+車位,新竹縣竹北市日興一街１６號六樓,17.37,住,,,1091018,土地1建物1車位1,六層,十四層,住宅大樓(11層含以上有電梯),住家用,鋼筋混凝土造,1100603,118.93,2,1,1,有,有,8380000,82392,坡道平面,36.64,1600000,預售屋、或土地及建物分件登記案件；,RPTVMLMLOHGGFBJ56DA,47.62,4.78,2.74,有,
竹北市,房地(土地+建物)+車位,新竹縣竹北市日興一街２８號九樓,18.05,住,,,1091017,土地1建物1車位1,九層,十四層,住宅大樓(11層含以上有電梯),住家用,鋼筋混凝土造,1100603,123.22999999999999,2,2,1,有,有,8560000,85129,坡道平面,39.71,1450000,預售屋、或土地及建物分件登記案件；,RPRPMLNLOHGGFBJ48DA,48.17,4.78,3.03,有,
竹北市,房地(土地+建物)+車位,新竹縣竹北市日興一街１２號四樓,17.37,住,,,1091015,土地1建物1車位1,四層,十四層,住宅大樓(11層含以上有電梯),住家用,鋼筋混凝土造,1100603,118.93,2,1,1,有,有,8500000,82027,坡道平面,36.64,1750000,預售屋、或土地及建物分件登記案件；,RPRQMLNLOHGGFBJ58DA,47.62,4.78,2.74,有,
竹北市,房地(土地+建物)+車位,新竹縣竹北市日興一街１２號十四樓,17.37,住,,,1091008,土地1建物1車位1,十四層,十四層,住宅大樓(11層含以上有電梯),住家用,鋼筋混凝土造,1100603,118.93,2,1,1,有,有,8560000,82756,坡道平面,36.64,1750000,預售屋、或土地及建物分件登記案件；,RPTOMLNLOHGGFBJ58DA,47.62,4.78,2.74,有,
竹北市,房地(土地+建物)+車位,新竹縣竹北市日興一街６號九樓,16.05,住,,,1091019,土地1建物1車位1,九層,十四層,住宅大樓(11層含以上有電梯),住家用,鋼筋混凝土造,1100603,109.86,1,1,1,有,有,8350000,92188,坡道平面,36.64,1600000,含裝潢費330000元；預售屋、或土地及建物分件登記案件；,RPOSMLMLOHGGFBJ38DA,42.57,1.38,5.09,有,
新豐鄉,房地(土地+建物),新竹縣新豐鄉員山１３１之１０號,92.57,,山坡地保育區,丙種建築用地,1091031,土地4建物1車位0,全,三層,透天厝,住商用,鋼筋混凝土造,1100129,155.67,3,2,3,有,無,9500000,61027,,0.0,0,預售屋、或土地及建物分件登記案件；,RPWNMLLKPHGGFDJ78DA,140.37,0.0,15.3,無,
芎林鄉,房地(土地+建物),新竹縣芎林鄉綠獅三街１５１巷１１號,73.44,,鄉村區,乙種建築用地,1091030,土地2建物1車位0,全,四層,透天厝,住家用,鋼筋混凝土造,1100527,231.87,4,2,4,有,有,15100000,65123,,0.0,0,預售屋預售屋、或土地及建物分件登記案件；,RPUNMLTJQHGGFCJ66DA,217.44,0.0,14.43,無,
芎林鄉,房地(土地+建物),新竹縣芎林鄉綠獅一街１３２號,92.65,,鄉村區,乙種建築用地,1091030,土地2建物1車位0,全,四層,透天厝,住家用,鋼筋混凝土造,1100527,234.27,4,2,4,有,有,14300000,61041,,0.0,0,預售屋預售屋、或土地及建物分件登記案件；,RPOOMLTJQHGGFCJ78DA,219.49,0.0,14.78,無,
竹北市,房地(土地+建物),新竹縣竹北市中山六街９１號,70.06,,鄉村區,乙種建築用地,1091024,土地1建物1車位0,全,四層,透天厝,住家用,鋼筋混凝土造,1100608,180.04,5,2,4,有,有,15000000,83315,,0.0,0,預售屋、或土地及建物分件登記案件；,RPQNMLLJQHGGFBJ97DA,160.48,0.0,19.56,無,
竹北市,房地(土地+建物),新竹縣竹北市中山六街９９號,66.66,,鄉村區,乙種建築用地,1091009,土地1建物1車位0,全,四層,透天厝,住家用,鋼筋混凝土造,1100608,176.38,5,2,4,有,有,14990000,84987,,0.0,0,預售屋、或土地及建物分件登記案件；,RPUNMLLJQHGGFBJ38DA,157.84,0.0,18.54,無,
新埔鎮,房地(土地+建物),新竹縣新埔鎮福祿八街２９巷１０號,70.71,,鄉村區,乙種建築用地,1091017,土地3建物1車位0,全,四層,透天厝,住家用,鋼筋混凝土造,1100517,189.07,3,2,4,有,無,12830000,67858,,0.0,0,預售屋、或土地及建物分件登記案件；,RPVOMLMKQHGGFBJ78DA,189.07,0.0,0.0,無,
新埔鎮,房地(土地+建物),新竹縣新埔鎮文山六街４８號,76.26,,鄉村區,乙種建築用地,1091004,土地2建物1車位0,全,四層,透天厝,住家用,鋼筋混凝土造,1100701,211.97,5,2,4,有,有,15000000,70765,,0.0,0,,RPOOMLTLPHGGFBJ78DA,194.63,0.0,17.34,無,
湖口鄉,土地,和興段1279-9地號,1680.0,,特定農業區,甲種建築用地,1091006,土地6建物0車位0,,,其他,,,,0.0,0,0,0,有,無,19710000,11732,,0.0,0,,RPPNMLLJQHGGFDJ08DA,0.0,0.0,0.0,無,
竹北市,房地(土地+建物)+車位,新竹縣竹北市新瀧一街２７號九樓,14.8,商,,,1091015,土地1建物1車位1,九層,十四層,住宅大樓(11層含以上有電梯),住家用,鋼筋混凝土造,1100324,111.22,2,2,2,有,有,6200000,59107,坡道機械,19.86,800000,預售屋、或土地及建物分件登記案件；,RPWOMLNKQHGGFBJ98DA,54.93,1.75,4.24,有,
新豐鄉,房地(土地+建物)+車位,新竹縣新豐鄉員山１３１之１２７號三樓,25.17,,山坡地保育區,丙種建築用地,1091012,土地3建物1車位1,三層,七層,華廈(10層含以下有電梯),住家用,鋼筋混凝土造,1100401,92.65,2,2,1,有,無,4000000,43648,坡道平面,26.21,1100000,預售屋、或土地及建物分件登記案件；,RPWNMLNLPHGGFDJ09DA,41.0,0.0,3.65,有,
新豐鄉,房地(土地+建物)+車位,新竹縣新豐鄉員山１３１之１２１號七樓,36.73,,山坡地保育區,丙種建築用地,1091014,土地3建物1車位2,七層,七層,華廈(10層含以下有電梯),住家用,鋼筋混凝土造,1100401,164.04000000000002,3,2,2,有,無,7000000,45234,坡道平面,57.04,2160000,預售屋、或土地及建物分件登記案件；,RPXOMLPLOHGGFDJ76DA,65.45,0.0,6.48,有,
新豐鄉,房地(土地+建物)+車位,新竹縣新豐鄉員山１３１之１２０號六樓,26.0,,山坡地保育區,丙種建築用地,1091022,土地3建物1車位1,六層,七層,華廈(10層含以下有電梯),住家用,鋼筋混凝土造,1100401,98.48,2,2,1,有,無,3900000,38593,坡道平面,28.52,1200000,預售屋、或土地及建物分件登記案件；,RPORMLPLOHGGFDJ78DA,43.41,0.0,3.65,有,
竹北市,房地(土地+建物)+車位,新竹縣竹北市莊敬北路５５９號,41.94,住,,,1091005,土地1建物1車位1,一層,十五層,住宅大樓(11層含以上有電梯),商業用,鋼筋混凝土造,1100617,255.3,0,0,0,無,有,21180000,89719,坡道平面,35.39,1450000,預售屋、或土地及建物分件登記案件；,RPQPMLOLMHGGFBJ28DA,127.18,0.0,22.62,有,
竹北市,房地(土地+建物)+車位,新竹縣竹北市日興一街６號十樓,16.05,住,,,1091015,土地1建物1車位1,十層,十四層,住宅大樓(11層含以上有電梯),住家用,鋼筋混凝土造,1100603,109.86,1,1,1,有,有,8290000,91368,坡道平面,36.64,1600000,含裝潢費330000元；預售屋、或土地及建物分件登記案件；,RPPSMLMLOHGGFBJ48DA,42.57,1.38,5.09,有,
竹北市,房地(土地+建物)+車位,新竹縣竹北市日興一街１６號十四樓,17.37,住,,,1091008,土地1建物1車位1,十四層,十四層,住宅大樓(11層含以上有電梯),住家用,鋼筋混凝土造,1100603,118.93,2,1,1,有,有,8560000,82756,坡道平面,36.64,1750000,預售屋、或土地及建物分件登記案件；,RPXOMLNLOHGGFBJ98DA,47.62,4.78,2.74,有,
竹北市,房地(土地+建物)+車位,新竹縣竹北市日興一街３０號七樓,17.58,住,,,1091023,土地1建物1車位1,七層,十四層,住宅大樓(11層含以上有電梯),住家用,鋼筋混凝土造,1100603,120.38999999999999,2,2,1,有,有,8910000,85493,坡道平面,36.64,1750000,預售屋、或土地及建物分件登記案件；,RPWSMLNLOHGGFBJ66DA,48.31,4.78,3.03,有,
竹北市,房地(土地+建物)+車位,新竹縣竹北市日興一街１２號九樓,17.37,住,,,1091010,土地1建物1車位1,九層,十四層,住宅大樓(11層含以上有電梯),住家用,鋼筋混凝土造,1100603,118.93,2,1,1,有,有,8500000,82027,坡道平面,36.64,1750000,預售屋、或土地及建物分件登記案件；,RPPOMLNLOHGGFBJ18DA,47.62,4.78,2.74,有,
竹北市,房地(土地+建物)+車位,新竹縣竹北市日興一街１２號十樓,18.45,住,,,1091031,土地1建物1車位1,十層,十四層,住宅大樓(11層含以上有電梯),住家用,鋼筋混凝土造,1100603,125.65,2,1,1,有,有,8600000,83242,坡道平面,43.36,1750000,預售屋、或土地及建物分件登記案件；,RPROMLNLOHGGFBJ38DA,47.62,4.78,2.74,有,
竹北市,房地(土地+建物)+車位,新竹縣竹北市日興一街３０號五樓,17.58,住,,,1091031,土地1建物1車位1,五層,十四層,住宅大樓(11層含以上有電梯),住家用,鋼筋混凝土造,1100603,120.38999999999999,2,2,1,有,有,8820000,84418,坡道平面,36.64,1750000,預售屋、或土地及建物分件登記案件；,RPWVMLMLOHGGFBJ86DA,48.31,4.78,3.03,有,
竹北市,房地(土地+建物)+車位,新竹縣竹北市日興一街１８號十樓,24.9,住,,,1091031,土地1建物1車位2,十層,十四層,住宅大樓(11層含以上有電梯),住家用,鋼筋混凝土造,1100603,169.08,2,1,1,有,有,9860000,77222,坡道平面,86.72,3500000,預售屋、或土地及建物分件登記案件；,RPOPMLNLOHGGFBJ18DA,47.69,4.78,2.74,有,
竹北市,房地(土地+建物)+車位,新竹縣竹北市日興一街１６號十樓,18.45,住,,,1091031,土地1建物1車位1,十層,十四層,住宅大樓(11層含以上有電梯),住家用,鋼筋混凝土造,1100603,125.65,2,1,1,有,有,8600000,83242,坡道平面,43.36,1750000,預售屋、或土地及建物分件登記案件；,RPWOMLNLOHGGFBJ88DA,47.62,4.78,2.74,有,
竹北市,房地(土地+建物)+車位,新竹縣竹北市日興一街１６號三樓,17.37,住,,,1091017,土地1建物1車位1,三層,十四層,住宅大樓(11層含以上有電梯),住家用,鋼筋混凝土造,1100603,118.93,2,1,1,有,有,9100000,91141,坡道平面,36.64,1600000,含裝潢費720000元；預售屋、或土地及建物分件登記案件；,RPTPMLMLOHGGFBJ58DA,47.62,4.78,2.74,有,
竹北市,房地(土地+建物)+車位,新竹縣竹北市日興一街６號十一樓,16.05,住,,,1091006,土地1建物1車位1,十一層,十四層,住宅大樓(11層含以上有電梯),住家用,鋼筋混凝土造,1100603,109.86,1,1,1,有,有,8300000,91505,坡道平面,36.64,1600000,含裝潢費400000元；預售屋、或土地及建物分件登記案件；,RPRSMLMLOHGGFBJ68DA,42.57,1.38,5.09,有,
湖口鄉,房地(土地+建物),新竹縣湖口鄉維東二街２０號,81.32,,鄉村區,乙種建築用地,1091025,土地1建物1車位0,全,三層,透天厝,住家用,鋼筋混凝土造,1100505,176.59,3,2,3,有,無,8950000,50682,,0.0,0,,RPQOMLMJRHGGFDJ48DA,165.23,0.0,11.36,無,
新埔鎮,房地(土地+建物),新竹縣新埔鎮福祿八街３１號,97.94,,鄉村區,乙種建築用地,1091018,土地1建物1車位0,全,四層,透天厝,住家用,鋼筋混凝土造,1100517,197.98,3,2,4,有,無,14400000,72735,,0.0,0,,RPSPMLRJRHGGFBJ09DA,176.57,0.0,21.41,無,
湖口鄉,房地(土地+建物),中正二路１５巷１０號,86.45,都市：其他:住(一),,,1090924,土地2建物1車位0,全,四層,透天厝,住家用,鋼筋混凝土造,1100121,164.73999999999998,3,2,4,有,無,10180000,61798,,0.0,0,,RPPOMLLMNHGGFDJ18DA,157.47,0.0,6.95,無,
竹北市,房地(土地+建物)+車位,北新一街２３號六樓之一,14.01,商,,,1090904,土地1建物1車位1,六層,二十四層,住宅大樓(11層含以上有電梯),住家用,鋼筋混凝土造,1091225,153.42000000000002,3,2,2,有,有,9630000,62769,坡道平面,29.41,0,,RPUQMLLKOHGGFBJ58DA,78.29,0.0,5.82,有,1250
竹北市,房地(土地+建物)+車位,北新一街１７號三樓之二,15.93,商,,,1090915,土地1建物1車位1,三層,二十四層,住宅大樓(11層含以上有電梯),住家用,鋼筋混凝土造,1091225,171.32,3,2,2,有,有,10450000,64477,坡道平面,29.41,1300000,預售屋、或土地及建物分件登記案件；,RPXNMLQLMHGGFBJ98DA,84.36,0.0,11.9,有,
竹北市,房地(土地+建物)+車位,北新一街１７號二樓之六,11.47,商,,,1090930,土地1建物1車位1,二層,二十四層,住宅大樓(11層含以上有電梯),住家用,鋼筋混凝土造,1091225,131.07,2,1,1,有,有,8550000,71316,坡道平面,29.41,1300000,含裝潢費900000元；預售屋、或土地及建物分件登記案件；,RPXOMLSLMHGGFBJ66DA,62.8,0.0,6.06,有,
寶山鄉,土地,大雅段745地號,350.53,,山坡地保育區,丙種建築用地,1090925,土地1建物0車位0,,,其他,,,,0.0,0,0,0,有,無,7640000,21796,,0.0,0,,RPQNMLNJOHGGFCJ08DA,0.0,0.0,0.0,無,1251
竹北市,房地(土地+建物),環北路一段３５０巷７１號四樓之一,22.72,,特定農業區,甲種建築用地,1090905,土地1建物1車位0,四層,七層,華廈(10層含以下有電梯),住家用,鋼筋混凝土造,1100325,81.4,2,2,1,有,有,4850000,59582,,0.0,0,,RPUPMLLKOHGGFBJ48DA,56.35,0.0,4.27,有,
竹北市,房地(土地+建物),新興路１８１巷６３弄２８號,93.14,,特定農業區,甲種建築用地,1090905,土地4建物1車位0,全,四層,透天厝,住家用,鋼筋混凝土造,1100331,149.2,4,2,4,有,無,11880000,79625,,0.0,0,,RPQOMLQJOHGGFBJ38DA,139.04,0.0,10.16,無,
芎林鄉,房地(土地+建物),新竹縣芎林鄉文富街１２巷１號,75.26,住,,,1090927,土地3建物1車位0,全,四層,透天厝,住家用,鋼筋混凝土造,1091207,204.72,5,3,6,有,無,14100000,68875,,0.0,0,陽台外推；,RPSOMLLJPHGGFCJ28DA,180.85,0.0,23.87,有,
竹北市,房地(土地+建物),新竹縣竹北市環北路一段３５０巷７１號二樓之五,22.63,,特定農業區,甲種建築用地,1090911,土地1建物1車位0,二層,七層,華廈(10層含以下有電梯),住家用,鋼筋混凝土造,1100325,81.07,2,2,1,有,有,4100000,50574,,0.0,0,本案為預售屋轉讓 轉讓日期:110.3.30 轉讓價格:467萬元,RPPNMLPLOHGGFBJ28DA,56.1,0.0,4.27,有,
竹北市,房地(土地+建物)+車位,新竹縣竹北市環北路一段３５０巷７１號四樓之五,28.48,,特定農業區,甲種建築用地,1090906,土地1建物1車位1,四層,七層,華廈(10層含以下有電梯),住家用,鋼筋混凝土造,1100325,96.68,2,2,1,有,有,4850000,52430,升降機械,15.62,600000,,RPWOMLLLOHGGFBJ68DA,56.1,0.0,4.27,有,
竹北市,房地(土地+建物)+車位,新竹縣竹北市環北路一段３５０巷７１號四樓之三,28.42,,特定農業區,甲種建築用地,1090901,土地1建物1車位1,四層,七層,華廈(10層含以下有電梯),住家用,鋼筋混凝土造,1100325,96.45,2,2,1,有,有,5300000,58147,升降機械,15.62,600000,,RPOPMLLLOHGGFBJ97DA,55.96,0.0,4.24,有,
竹北市,房地(土地+建物),新竹縣竹北市環北路一段３５０巷７１號三樓之一,22.72,,特定農業區,甲種建築用地,1090911,土地1建物1車位0,三層,七層,華廈(10層含以下有電梯),住家用,鋼筋混凝土造,1100325,81.4,2,2,1,有,有,4150000,50983,,0.0,0,本案為預售屋轉讓 轉讓日期:110.2.1 轉讓價格:470萬元,RPQOMLSKOHGGFBJ68DA,56.35,0.0,4.27,有,
竹北市,房地(土地+建物),新竹縣竹北市環北路一段３５０巷７１號三樓之五,22.63,,特定農業區,甲種建築用地,1090911,土地1建物1車位0,三層,七層,華廈(10層含以下有電梯),住家用,鋼筋混凝土造,1100325,81.07,2,2,1,有,有,4150000,51190,,0.0,0,本案為預售屋轉讓 轉讓日期:110.4.27 轉讓價格:500萬元,RPOOMLSKOHGGFBJ48DA,56.1,0.0,4.27,有,
竹北市,土地,國義段176地號,183.35,住,,,1090928,土地1建物0車位0,,,其他,,,,0.0,0,0,0,有,無,23294000,127047,,0.0,0,,RPTQMLKMOHGGFBJ58DA,0.0,0.0,0.0,無,
湖口鄉,房地(土地+建物)+車位,新竹縣湖口鄉明德街８３號十三樓之１,26.1,住,,,1090905,土地1建物1車位1,十三層,十四層,住宅大樓(11層含以上有電梯),住家用,鋼筋混凝土造,1091014,154.61,3,2,2,有,有,7000000,49423,坡道平面,33.21,1000000,,RPWNMLPLOHGGFDJ56DA,73.24,2.36,8.2,有,
湖口鄉,房地(土地+建物),新竹縣湖口鄉中正二路１５巷６號,86.45,都市：其他:住(一),,,1090906,土地2建物1車位0,全,四層,透天厝,住家用,鋼筋混凝土造,1100121,164.73999999999998,3,2,4,有,無,10100000,61312,,0.0,0,,RPOOMLRLNHGGFDJ58DA,157.47,0.0,6.95,無,
竹北市,房地(土地+建物)+車位,新竹縣竹北市復興二路２５９號十七樓之二,20.68,商,,,1090915,土地1建物1車位1,十七層,二十四層,住宅大樓(11層含以上有電梯),住家用,鋼筋混凝土造,1091226,205.15,3,2,2,有,有,20300000,107723,坡道平面,30.35,1470000,預售屋、或土地及建物分件登記案件；,RPORNLLKOHGGFBJ18DA,96.56,12.56,4.08,有,
竹北市,房地(土地+建物)+車位,新竹縣竹北市復興二路２５９號九樓之一,8.42,商,,,1090914,土地1建物1車位1,九層,二十四層,住宅大樓(11層含以上有電梯),住家用,鋼筋混凝土造,1091226,104.06,1,1,1,有,有,9030000,104870,坡道平面,30.35,1300000,預售屋、或土地及建物分件登記案件；,RPSRNLLKOHGGFBJ58DA,39.34,5.17,3.22,有,
湖口鄉,房地(土地+建物)+車位,新竹縣湖口鄉明德街８１號十三樓之１,28.2,住,,,1090926,土地1建物1車位1,十三層,十四層,住宅大樓(11層含以上有電梯),住家用,鋼筋混凝土造,1091014,150.58,3,2,2,有,有,7100000,49605,坡道平面,26.6,950000,,RPPVMLSJPHGGFDJ86DA,79.28,2.81,7.97,有,
竹北市,房地(土地+建物)+車位,新竹縣竹北市北新一街２３號三樓之二,15.93,商,,,1090915,土地1建物1車位1,三層,二十四層,住宅大樓(11層含以上有電梯),住家用,鋼筋混凝土造,1091225,171.32,3,2,2,有,有,10430000,63280,坡道平面,29.41,1450000,預售屋、或土地及建物分件登記案件；,RPPRMLPJNHGGFBJ38DA,84.36,0.0,11.9,有,
竹北市,房地(土地+建物)+車位,新竹縣竹北市北新一街２１號十七樓之三,11.47,商,,,1090925,土地1建物1車位1,十七層,二十四層,住宅大樓(11層含以上有電梯),住家用,鋼筋混凝土造,1091225,130.03,2,1,1,有,有,7860000,65196,坡道平面,29.41,1300000,預售屋、或土地及建物分件登記案件；,RPPOMLTLMHGGFBJ58DA,62.8,0.0,5.36,有,
湖口鄉,房地(土地+建物),新竹縣湖口鄉達生路５２６號,89.82,都市：其他:住(一),,,1090920,土地2建物1車位0,全,四層,透天厝,住商用,鋼筋混凝土造,1100121,236.72,4,3,4,有,無,14500000,61254,,0.0,0,,RPRNMLQJPHGGFDJ68DA,212.78,0.0,23.94,無,
竹北市,房地(土地+建物),新竹縣竹北市新瀧一街２７號五樓,14.8,商,,,1090921,土地1建物1車位0,五層,十四層,住宅大樓(11層含以上有電梯),住家用,鋼筋混凝土造,1100324,91.37,2,2,2,有,有,5380000,58881,,0.0,0,預售屋、或土地及建物分件登記案件；,RPPQMLTJPHGGFBJ88DA,54.93,1.75,4.24,有,
尖石鄉,土地,梅花段192-3地號,3000.0,,山坡地保育區,農牧用地,1090924,土地1建物0車位0,,,其他,,,,0.0,0,0,0,有,無,1350000,450,,0.0,0,,RPXNMLQKOHGGFCJ56DA,0.0,0.0,0.0,無,
竹北市,房地(土地+建物),新竹縣竹北市環北路一段３５０巷７１號二樓之一,22.72,,特定農業區,甲種建築用地,1090919,土地1建物1車位0,二層,七層,華廈(10層含以下有電梯),住家用,鋼筋混凝土造,1100325,81.4,2,2,1,有,有,4150000,50983,,0.0,0,本案為預售屋轉讓 轉讓日期:110.3.27 轉讓價格:490萬元,RPQNMLPLOHGGFBJ38DA,56.35,0.0,4.27,有,
竹北市,房地(土地+建物)+車位,新竹縣竹北市嘉德街１２０號十一樓,50.41,住,,,1090901,土地1建物1車位3,十一層,二十層,住宅大樓(11層含以上有電梯),住家用,鋼筋混凝土造,1100520,343.08,4,2,3,有,有,29870000,96081,坡道平面,76.95,4300000,土地買賣價款1278萬建物買賣價款1279萬車位買賣價款430萬預售屋、或土地及建物分件登記案件；,RPORMLMKPHGGFBJ28DA,164.45,0.0,16.94,有,
竹北市,房地(土地+建物)+車位,新竹縣竹北市日興一街１２號五樓,17.37,住,,,1090923,土地1建物1車位1,五層,十四層,住宅大樓(11層含以上有電梯),住家用,鋼筋混凝土造,1100603,118.93,2,1,1,有,有,8450000,85065,坡道平面,36.64,1450000,預售屋、或土地及建物分件登記案件；,RPTSMLNLOHGGFBJ98DA,47.62,4.78,2.74,有,
竹北市,房地(土地+建物)+車位,新竹縣竹北市日興一街１８號十三樓,17.4,住,,,1090928,土地1建物1車位1,十三層,十四層,住宅大樓(11層含以上有電梯),住家用,鋼筋混凝土造,1100603,119.0,2,1,1,有,有,8600000,83171,坡道平面,36.64,1750000,預售屋、或土地及建物分件登記案件；,RPUSMLNLOHGGFBJ09DA,47.69,4.78,2.74,有,
竹北市,房地(土地+建物)+車位,新竹縣竹北市日興一街１２號二樓,16.92,住,,,1090925,土地1建物1車位1,二層,十四層,住宅大樓(11層含以上有電梯),住家用,鋼筋混凝土造,1100603,115.81,2,1,1,有,有,8300000,82733,坡道平面,36.64,1750000,預售屋、或土地及建物分件登記案件；,RPVOMLMLOHGGFBJ68DA,47.62,2.71,2.74,有,
竹北市,房地(土地+建物)+車位,新竹縣竹北市日興一街１６號四樓,17.87,住,,,1090901,土地1建物1車位1,四層,十四層,住宅大樓(11層含以上有電梯),住家用,鋼筋混凝土造,1100603,122.0,2,1,1,有,有,8500000,83850,坡道平面,39.71,1600000,預售屋、或土地及建物分件登記案件；,RPSVMLMLOHGGFBJ09DA,47.62,4.78,2.74,有,
竹北市,房地(土地+建物)+車位,新竹縣竹北市新瀧一街２７號十二樓,14.8,商,,,1090928,土地1建物1車位1,十二層,十四層,住宅大樓(11層含以上有電梯),住家用,鋼筋混凝土造,1100324,131.12,2,2,2,有,有,6800000,60175,坡道平面,39.72,1300000,預售屋、或土地及建物分件登記案件；,RPVRMLKMPHGGFBJ98DA,54.93,1.75,4.24,有,
新豐鄉,房地(土地+建物),新竹縣新豐鄉員山１３１之６１號,82.13,,山坡地保育區,丙種建築用地,1090927,土地3建物1車位0,全,三層,透天厝,住家用,鋼筋混凝土造,1100129,159.04,3,2,3,有,無,8880000,55835,,0.0,0,預售屋、或土地及建物分件登記案件；,RPUPMLQKMHGGFDJ98DA,143.74,0.0,15.3,無,
芎林鄉,房地(土地+建物),新竹縣芎林鄉綠獅三街１５１巷９號,82.24,,鄉村區,乙種建築用地,1090920,土地2建物1車位0,全,四層,透天厝,住家用,鋼筋混凝土造,1100527,236.94,4,2,4,有,有,15840000,66852,,0.0,0,預售屋預售屋、或土地及建物分件登記案件；,RPTNMLTJQHGGFCJ56DA,222.18,0.0,14.76,無,
芎林鄉,房地(土地+建物),新竹縣芎林鄉綠獅一街１３６號,75.4,,鄉村區,乙種建築用地,1090912,土地2建物1車位0,全,四層,透天厝,住家用,鋼筋混凝土造,1100527,234.27,4,2,4,有,有,15500000,66163,,0.0,0,,RPXNMLTJQHGGFCJ96DA,219.49,0.0,14.78,無,
竹北市,房地(土地+建物),新竹縣竹北市水瀧二街２５１巷１１弄７號,61.95,,鄉村區,乙種建築用地,1090903,土地2建物1車位0,全,四層,透天厝,住家用,鋼筋混凝土造,1100608,183.92,5,2,4,有,有,12950000,70411,,0.0,0,預售屋、或土地及建物分件登記案件；,RPOOMLLJQHGGFBJ87DA,176.63,0.0,7.29,無,
新埔鎮,房地(土地+建物),新竹縣新埔鎮福祿三街１０７號,75.7,,鄉村區,乙種建築用地,1090927,土地1建物1車位0,全,四層,透天厝,住家用,鋼筋混凝土造,1100429,187.96,6,2,4,有,無,16200000,86189,,0.0,0,,RPQOMLKLQHGGFBJ18DA,174.02,0.0,13.94,無,
新埔鎮,房地(土地+建物),新竹縣新埔鎮福祿八街２９巷１２號,70.7,,鄉村區,乙種建築用地,1090920,土地3建物1車位0,全,四層,透天厝,住家用,鋼筋混凝土造,1100517,189.07,3,2,4,有,無,12880000,68123,,0.0,0,,RPOPMLKLQHGGFBJ08DA,189.07,0.0,0.0,無,
新埔鎮,房地(土地+建物),新竹縣新埔鎮福祿八街２９巷８號,70.71,,鄉村區,乙種建築用地,1090920,土地3建物1車位0,全,四層,透天厝,住家用,鋼筋混凝土造,1100517,189.07,3,2,4,有,無,12800000,67700,,0.0,0,,RPWOMLKLQHGGFBJ78DA,189.07,0.0,0.0,無,
竹北市,房地(土地+建物)+車位,新竹縣竹北市高鐵五路１００號十樓之五,22.05,住,,,1090930,土地1建物1車位1,十層,十五層,住宅大樓(11層含以上有電梯),住家用,鋼筋混凝土造,1100601,122.00999999999999,2,2,1,有,有,8580000,83333,坡道平面,33.69,1220000,,RPUPMLMKQHGGFBJ78DA,55.29,0.0,4.04,有,
新豐鄉,房地(土地+建物)+車位,新竹縣新豐鄉員山１３１之１３７號四樓,25.45,,山坡地保育區,丙種建築用地,1090913,土地3建物1車位1,四層,七層,華廈(10層含以下有電梯),住家用,鋼筋混凝土造,1100401,95.44,2,2,1,有,無,3900000,40347,坡道平面,28.52,1200000,預售屋、或土地及建物分件登記案件；,RPUQMLSJPHGGFDJ86DA,41.24,0.0,3.75,有,
新豐鄉,房地(土地+建物)+車位,新竹縣新豐鄉員山１３１之１３７號六樓,25.45,,山坡地保育區,丙種建築用地,1090927,土地3建物1車位1,六層,七層,華廈(10層含以下有電梯),住家用,鋼筋混凝土造,1100401,95.44,2,2,1,有,無,3980000,41542,坡道平面,28.52,1200000,預售屋、或土地及建物分件登記案件；,RPWQMLSJPHGGFDJ07DA,41.24,0.0,3.75,有,
新豐鄉,房地(土地+建物)+車位,新竹縣新豐鄉員山１３１之１３３號二樓,32.88,,山坡地保育區,丙種建築用地,1090909,土地3建物1車位1,二層,七層,華廈(10層含以下有電梯),住家用,鋼筋混凝土造,1100401,135.52,3,2,2,有,無,5550000,41589,坡道平面,28.52,1100000,預售屋、或土地及建物分件登記案件；,RPRNMLSJPHGGFDJ88DA,65.45,0.0,6.48,有,
新豐鄉,房地(土地+建物)+車位,新竹縣新豐鄉員山１３１之１３３號七樓,32.88,,山坡地保育區,丙種建築用地,1090909,土地3建物1車位1,七層,七層,華廈(10層含以下有電梯),住家用,鋼筋混凝土造,1100401,135.61,3,2,2,有,無,6020000,45943,坡道平面,28.52,1100000,預售屋、或土地及建物分件登記案件；,RPXNMLSJPHGGFDJ86DA,65.45,0.0,6.48,有,
新豐鄉,房地(土地+建物)+車位,新竹縣新豐鄉建興路二段６９０之１號四樓,24.43,住,,,1090927,土地1建物1車位1,四層,十二層,住宅大樓(11層含以上有電梯),住家用,鋼筋混凝土造,1100623,109.35,2,2,2,有,有,5150000,50643,坡道平面,25.43,900000,,RPROMLTJQHGGFDJ56DA,56.24,0.0,6.41,有,
新豐鄉,房地(土地+建物)+車位,新竹縣新豐鄉員山１３１之１４０號五樓,25.45,,山坡地保育區,丙種建築用地,1090929,土地3建物1車位1,五層,七層,華廈(10層含以下有電梯),住家用,鋼筋混凝土造,1100401,94.94999999999999,2,2,1,有,無,4100000,43655,坡道平面,28.52,1200000,預售屋、或土地及建物分件登記案件；,RPRUMLSJPHGGFDJ96DA,41.0,0.0,3.65,有,
竹北市,房地(土地+建物)+車位,新竹縣竹北市日興一街２８號十四樓,17.55,住,,,1090915,土地1建物1車位1,十四層,十四層,住宅大樓(11層含以上有電梯),住家用,鋼筋混凝土造,1100603,120.16,2,2,1,有,有,8880000,87165,坡道平面,36.64,1600000,民國109年12月19日簽訂權利買賣契約，權利讓渡總金額新台幣950萬元整。預售屋、或土地及建物分件登記案件；,RPWQMLMLOHGGFBJ98DA,48.17,4.78,3.03,有,
竹北市,房地(土地+建物)+車位,新竹縣竹北市日興一街１２號七樓,17.37,住,,,1090917,土地1建物1車位1,七層,十四層,住宅大樓(11層含以上有電梯),住家用,鋼筋混凝土造,1100603,118.93,2,1,1,有,有,8580000,84822,坡道平面,36.64,1600000,預售屋、或土地及建物分件登記案件；,RPPPMLMLOHGGFBJ18DA,47.62,4.78,2.74,有,
竹北市,房地(土地+建物)+車位,新竹縣竹北市日興一街２２號十一樓,14.95,住,,,1090918,土地1建物1車位1,十一層,十四層,住宅大樓(11層含以上有電梯),住家用,鋼筋混凝土造,1100603,102.25999999999999,1,1,1,有,有,7180000,85035,坡道平面,36.64,1600000,預售屋、或土地及建物分件登記案件；,RPWSMLMLOHGGFBJ56DA,39.47,1.27,3.2,有,
竹北市,房地(土地+建物)+車位,新竹縣竹北市日興一街２２號三樓,14.95,住,,,1090918,土地1建物1車位1,三層,十四層,住宅大樓(11層含以上有電梯),住家用,鋼筋混凝土造,1100603,102.25999999999999,1,1,1,有,有,6790000,81378,坡道平面,36.64,1450000,預售屋、或土地及建物分件登記案件；,RPTSMLMLOHGGFBJ88DA,39.47,1.27,3.2,有,
竹北市,房地(土地+建物)+車位,新竹縣竹北市日興一街２６號二樓,18.68,住,,,1090924,土地1建物1車位1,二層,十四層,住宅大樓(11層含以上有電梯),住家用,鋼筋混凝土造,1100603,127.72,2,2,1,有,有,9220000,83663,坡道平面,36.64,1600000,預售屋、或土地及建物分件登記案件；,RPUTMLNLOHGGFBJ56DA,54.88,3.0,3.17,有,
竹北市,房地(土地+建物)+車位,新竹縣竹北市日興一街１２號十一樓,17.37,住,,,1090913,土地1建物1車位1,十一層,十四層,住宅大樓(11層含以上有電梯),住家用,鋼筋混凝土造,1100603,118.93,2,1,1,有,有,8650000,85673,坡道平面,36.64,1600000,預售屋、或土地及建物分件登記案件；,RPQUMLNLOHGGFBJ88DA,47.62,4.78,2.74,有,
竹北市,房地(土地+建物)+車位,新竹縣竹北市日興一街１６號十一樓,17.37,住,,,1090930,土地1建物1車位1,十一層,十四層,住宅大樓(11層含以上有電梯),住家用,鋼筋混凝土造,1100603,118.93,2,1,1,有,有,8500000,83850,坡道平面,36.64,1600000,預售屋、或土地及建物分件登記案件；,RPTOMLOLOHGGFBJ68DA,47.62,4.78,2.74,有,
竹北市,房地(土地+建物)+車位,新竹縣竹北市日興一街１８號九樓,17.4,住,,,1090911,土地1建物1車位1,九層,十四層,住宅大樓(11層含以上有電梯),住家用,鋼筋混凝土造,1100603,119.0,2,1,1,有,有,8600000,84993,坡道平面,36.64,1600000,預售屋、或土地及建物分件登記案件；,RPVOMLOLOHGGFBJ88DA,47.69,4.78,2.74,有,
竹北市,房地(土地+建物)+車位,新竹縣竹北市日興一街３０號六樓,17.58,住,,,1090918,土地1建物1車位1,六層,十四層,住宅大樓(11層含以上有電梯),住家用,鋼筋混凝土造,1100603,120.38999999999999,2,2,1,有,有,8600000,85373,坡道平面,36.64,1450000,預售屋、或土地及建物分件登記案件；,RPOUMLNLOHGGFBJ68DA,48.31,4.78,3.03,有,
竹北市,房地(土地+建物)+車位,新竹縣竹北市日興一街１６號七樓,17.37,住,,,1090911,土地1建物1車位1,七層,十四層,住宅大樓(11層含以上有電梯),住家用,鋼筋混凝土造,1100603,118.93,2,1,1,有,有,8500000,83850,坡道平面,36.64,1600000,預售屋、或土地及建物分件登記案件；,RPUPMLMLOHGGFBJ68DA,47.62,4.78,2.74,有,
竹北市,房地(土地+建物)+車位,北新一街１９號二十四樓之一,14.01,商,,,1090803,土地1建物1車位1,二十四層,二十四層,住宅大樓(11層含以上有電梯),住家用,鋼筋混凝土造,1091225,159.26,3,2,2,有,有,11010000,74008,坡道平面,29.41,1400000,含裝潢費1010000元；預售屋、或土地及建物分件登記案件；,RPQTMLSKKHGGFBJ78DA,82.08,0.0,5.84,有,
竹北市,房地(土地+建物),環北路一段３５０巷７１號四樓之二,22.72,,特定農業區,甲種建築用地,1090804,土地1建物1車位0,四層,七層,華廈(10層含以下有電梯),住家用,鋼筋混凝土造,1100325,81.4,2,2,1,有,有,4500000,55283,,0.0,0,,RPXPMLLKOHGGFBJ78DA,56.35,0.0,4.27,有,
竹北市,房地(土地+建物),中山五街４３巷３號,87.09,,鄉村區,乙種建築用地,1090822,土地3建物1車位0,全,四層,透天厝,住家用,鋼筋混凝土造,1100302,205.01,4,2,4,有,無,14700000,71704,,0.0,0,管理組織:目前無將來會成立  1樓室內停車.,RPVWMLOLLHGGFBJ76DA,189.24,0.0,15.77,無,
竹北市,房地(土地+建物),新興路１８１巷６３弄１５號,105.14,,特定農業區,甲種建築用地,1090826,土地4建物1車位0,全,四層,透天厝,住家用,鋼筋混凝土造,1100331,148.22,4,2,4,有,無,12700000,85683,,0.0,0,,RPROMLQJOHGGFBJ48DA,146.18,0.0,2.04,無,
湖口鄉,房地(土地+建物),中正二路１５巷３號,86.34,都市：其他:住(一),,,1090823,土地2建物1車位0,全,四層,透天厝,住家用,鋼筋混凝土造,1100121,164.73999999999998,3,2,4,有,無,10100000,61312,,0.0,0,,RPROMLMJOHGGFDJ28DA,157.47,0.0,6.95,無,
竹北市,房地(土地+建物)+車位,新竹縣竹北市環北路一段３５０巷７１號七樓之二,26.81,,特定農業區,甲種建築用地,1090829,土地1建物1車位1,七層,七層,華廈(10層含以下有電梯),住家用,鋼筋混凝土造,1100325,92.46000000000001,2,2,1,有,有,5000000,53626,升降機械,10.41,600000,,RPQQMLLLOHGGFBJ28DA,56.84,0.0,4.27,有,
湖口鄉,房地(土地+建物),新竹縣湖口鄉中正二路１５巷２號,107.17,都市：其他:住(一),,,1090808,土地2建物1車位0,全,四層,透天厝,住家用,鋼筋混凝土造,1100121,189.93,3,2,4,有,無,10200000,53704,,0.0,0,,RPXNMLRLNHGGFDJ76DA,180.45,0.0,9.16,無,
竹北市,房地(土地+建物)+車位,新竹縣竹北市高鐵五路１００號五樓之五,22.05,住,,,1090806,土地1建物1車位1,五層,十五層,住宅大樓(11層含以上有電梯),住家用,鋼筋混凝土造,1100601,119.3,2,2,1,有,有,8700000,84352,坡道平面,30.98,1250000,預售屋權利轉售權利買賣契約成交價格新台幣930萬元契約日期:109年11月6日預售屋、或土地及建物分件登記案件；,RPQTMLPLOHGGFBJ98DA,55.29,0.0,4.04,有,
竹北市,房地(土地+建物)+車位,新竹縣竹北市高鐵五路１００號十五樓之一,32.45,住,,,1090828,土地1建物1車位1,十五層,十五層,住宅大樓(11層含以上有電梯),住家用,鋼筋混凝土造,1100601,164.23000000000002,3,2,2,有,有,11750000,79669,坡道平面,33.69,1350000,預售屋、或土地及建物分件登記案件；,RPUQMLPLOHGGFBJ09DA,79.67,0.0,8.01,有,
竹北市,房地(土地+建物)+車位,新竹縣竹北市高鐵五路１００號十四樓之六,32.86,住,,,1090802,土地1建物1車位1,十四層,十五層,住宅大樓(11層含以上有電梯),住家用,鋼筋混凝土造,1100601,162.76,3,2,2,有,有,12640000,85294,坡道平面,30.98,1400000,預售屋、或土地及建物分件登記案件；,RPPRMLPLOHGGFBJ68DA,79.53,0.0,8.99,有,
竹北市,房地(土地+建物)+車位,新竹縣竹北市復興二路２６１號九樓之二,21.04,商,,,1090819,土地1建物1車位1,九層,二十四層,住宅大樓(11層含以上有電梯),住家用,鋼筋混凝土造,1091226,208.15,3,2,2,有,有,20100000,105681,坡道平面,30.35,1310000,預售屋、或土地及建物分件登記案件；,RPOPMLPKOHGGFBJ28DA,98.21,12.56,4.34,有,
竹北市,房地(土地+建物)+車位,新竹縣竹北市復興二路２６１號五樓之一,8.63,商,,,1090816,土地1建物1車位1,五層,二十四層,住宅大樓(11層含以上有電梯),住家用,鋼筋混凝土造,1091226,106.1,1,1,1,有,有,8860000,99010,坡道平面,30.35,1360000,預售屋、或土地及建物分件登記案件；,RPXPMLPKOHGGFBJ56DA,40.17,5.21,3.66,有,
竹北市,房地(土地+建物)+車位,新竹縣竹北市復興二路２６１號五樓之二,21.04,商,,,1090812,土地1建物1車位1,五層,二十四層,住宅大樓(11層含以上有電梯),住家用,鋼筋混凝土造,1091226,208.15,3,2,2,有,有,19800000,103768,坡道平面,30.35,1350000,預售屋、或土地及建物分件登記案件；,RPUOMLPKOHGGFBJ78DA,98.21,12.56,4.34,有,
竹北市,房地(土地+建物)+車位,新竹縣竹北市復興二路２６１號六樓之二,21.04,商,,,1090824,土地1建物1車位1,六層,二十四層,住宅大樓(11層含以上有電梯),住家用,鋼筋混凝土造,1091226,208.15,3,2,2,有,有,20360000,104556,坡道平面,30.35,1770000,預售屋、或土地及建物分件登記案件；,RPWOMLPKOHGGFBJ98DA,98.21,12.56,4.34,有,
竹北市,房地(土地+建物)+車位,新竹縣竹北市復興二路２５７號十樓之二,20.68,商,,,1090808,土地1建物1車位1,十層,二十四層,住宅大樓(11層含以上有電梯),住家用,鋼筋混凝土造,1091226,205.16,3,2,2,有,有,19600000,104399,坡道平面,30.35,1350000,預售屋、或土地及建物分件登記案件；,RPPRMLLKOHGGFBJ18DA,96.56,12.57,4.08,有,
竹北市,房地(土地+建物)+車位,新竹縣竹北市復興二路２５７號十樓之一,8.27,商,,,1090808,土地1建物1車位1,十層,二十四層,住宅大樓(11層含以上有電梯),住家用,鋼筋混凝土造,1091226,103.72,1,1,1,有,有,9260000,108355,坡道平面,30.35,1310000,預售屋、或土地及建物分件登記案件；,SPPRMLLKOHGGFBJ28DA,38.59,5.21,3.77,有,
竹北市,房地(土地+建物)+車位,新竹縣竹北市復興二路２５７號五樓之二,20.68,商,,,1090824,土地1建物1車位1,五層,二十四層,住宅大樓(11層含以上有電梯),住家用,鋼筋混凝土造,1091226,205.16,3,2,2,有,有,18950000,100681,坡道平面,30.35,1350000,預售屋、或土地及建物分件登記案件；,RPWVMLLKOHGGFBJ66DA,96.56,12.57,4.08,有,
竹北市,房地(土地+建物)+車位,新竹縣竹北市復興二路２５７號八樓之二,20.68,商,,,1090830,土地1建物1車位1,八層,二十四層,住宅大樓(11層含以上有電梯),住家用,鋼筋混凝土造,1091226,205.16,3,2,2,有,有,19400000,103369,坡道平面,30.35,1330000,預售屋、或土地及建物分件登記案件；,RPQWMLLKOHGGFBJ78DA,96.56,12.57,4.08,有,
竹北市,房地(土地+建物)+車位,新竹縣竹北市復興二路２５７號十二樓之二,20.68,商,,,1090818,土地1建物1車位1,十二層,二十四層,住宅大樓(11層含以上有電梯),住家用,鋼筋混凝土造,1091226,205.16,3,2,2,有,有,19650000,104742,坡道平面,30.35,1340000,預售屋、或土地及建物分件登記案件；,RPQNNLLKOHGGFBJ97DA,96.56,12.57,4.08,有,
竹北市,房地(土地+建物)+車位,新竹縣竹北市復興二路２５７號十五樓之二,20.68,商,,,1090807,土地1建物1車位2,十五層,二十四層,住宅大樓(11層含以上有電梯),住家用,鋼筋混凝土造,1091226,235.51,3,2,2,有,有,21380000,104799,坡道平面,60.7,3060000,預售屋、或土地及建物分件登記案件；,RPVNNLLKOHGGFBJ48DA,96.56,12.57,4.08,有,
竹北市,房地(土地+建物)+車位,新竹縣竹北市復興二路２５９號五樓之二,20.68,商,,,1090810,土地1建物1車位1,五層,二十四層,住宅大樓(11層含以上有電梯),住家用,鋼筋混凝土造,1091226,205.15,3,2,2,有,有,18350000,97082,坡道平面,30.35,1380000,預售屋、或土地及建物分件登記案件；,RPVQNLLKOHGGFBJ78DA,96.56,12.56,4.08,有,
竹北市,房地(土地+建物)+車位,新竹縣竹北市復興二路２５９號十五樓之二,20.68,商,,,1090818,土地1建物1車位1,十五層,二十四層,住宅大樓(11層含以上有電梯),住家用,鋼筋混凝土造,1091226,205.15,3,2,2,有,有,19380000,103375,坡道平面,30.35,1310000,預售屋、或土地及建物分件登記案件；,RPXQNLLKOHGGFBJ98DA,96.56,12.56,4.08,有,
竹北市,房地(土地+建物)+車位,新竹縣竹北市復興二路２５９號十八樓之二,20.68,商,,,1090804,土地1建物1車位1,十八層,二十四層,住宅大樓(11層含以上有電梯),住家用,鋼筋混凝土造,1091226,205.15,3,2,2,有,有,19700000,104920,坡道平面,30.35,1360000,預售屋、或土地及建物分件登記案件；,RPPRNLLKOHGGFBJ28DA,96.56,12.56,4.08,有,
竹北市,房地(土地+建物),新竹縣竹北市新瀧一街２７號二樓,14.8,商,,,1090814,土地1建物1車位0,二層,十四層,住宅大樓(11層含以上有電梯),住家用,鋼筋混凝土造,1100324,91.37,2,2,2,有,有,5400000,59100,,0.0,0,讓渡日期：民國110年6月7日預售屋、或土地及建物分件登記案件；,RPQPMLTJPHGGFBJ88DA,54.93,1.75,4.24,有,
竹北市,房地(土地+建物),新竹縣竹北市新瀧一街２７號三樓,14.8,商,,,1090814,土地1建物1車位0,三層,十四層,住宅大樓(11層含以上有電梯),住家用,鋼筋混凝土造,1100324,91.37,2,2,2,有,有,5270000,57678,,0.0,0,預售屋、或土地及建物分件登記案件；,RPTPMLTJPHGGFBJ56DA,54.93,1.75,4.24,有,
竹北市,房地(土地+建物),新竹縣竹北市新瀧一街３１號四樓,14.78,商,,,1090819,土地1建物1車位0,四層,十四層,住宅大樓(11層含以上有電梯),住家用,鋼筋混凝土造,1100324,91.3,2,2,2,有,有,5270000,57722,,0.0,0,預售屋、或土地及建物分件登記案件；,RPOQMLTJPHGGFBJ78DA,54.86,1.75,4.24,有,
竹北市,房地(土地+建物),新竹縣竹北市新瀧一街２７號六樓,14.8,商,,,1090814,土地1建物1車位0,六層,十四層,住宅大樓(11層含以上有電梯),住家用,鋼筋混凝土造,1100324,91.37,2,2,2,有,有,5320000,58225,,0.0,0,讓渡日期:民國109年12月17日預售屋、或土地及建物分件登記案件；,RPVSMLTJPHGGFBJ07DA,54.93,1.75,4.24,有,
竹北市,房地(土地+建物),新竹縣竹北市新瀧一街３１號十一樓,14.78,商,,,1090814,土地1建物1車位0,十一層,十四層,住宅大樓(11層含以上有電梯),住家用,鋼筋混凝土造,1100324,91.3,2,2,2,有,有,5450000,59693,,0.0,0,預售屋、或土地及建物分件登記案件；,RPTUMLTJPHGGFBJ07DA,54.86,1.75,4.24,有,
竹北市,房地(土地+建物)+車位,新竹縣竹北市新瀧一街２７號十三樓,14.8,商,,,1090818,土地1建物1車位1,十三層,十四層,住宅大樓(11層含以上有電梯),住家用,鋼筋混凝土造,1100324,131.12,2,2,2,有,有,6650000,59628,坡道平面,39.72,1200000,預售屋、或土地及建物分件登記案件；,RPWUMLTJPHGGFBJ37DA,54.93,1.75,4.24,有,
竹北市,房地(土地+建物)+車位,新竹縣竹北市中山六街６０號,81.31,,鄉村區,乙種建築用地,1090817,土地3建物1車位2,全,四層,透天厝,住家用,鋼筋混凝土造,1100524,211.16,4,2,4,有,無,15660000,74162,一樓平面,0.0,0,預售屋、或土地及建物分件登記案件；,RPUNMLKMOHGGFBJ38DA,195.87,0.0,15.29,無,
竹東鎮,房地(土地+建物)+車位,新竹縣竹東鎮榮華街７號二樓,25.96,住,,,1090808,土地1建物1車位1,二層,五層,華廈(10層含以下有電梯),住家用,鋼筋混凝土造,1100517,84.74,2,2,1,有,無,5200000,61364,升降機械,5.16,0,,RPQNMLRLOHGGFCJ68DA,52.24,0.0,4.31,有,
湖口鄉,房地(土地+建物),新竹縣湖口鄉中正二路５號,82.52,住,,,1090819,土地2建物1車位0,全,三層,透天厝,住家用,鋼筋混凝土造,1100121,168.29,4,2,4,有,無,13180000,78317,,0.0,0,,RPSNMLLJPHGGFDJ28DA,154.22,0.0,14.07,無,
竹北市,房地(土地+建物),新竹縣竹北市環北路一段３５０巷７１號六樓之二,22.72,,特定農業區,甲種建築用地,1090803,土地1建物1車位0,六層,七層,華廈(10層含以下有電梯),住家用,鋼筋混凝土造,1100325,81.4,2,2,1,有,有,4250000,52211,,0.0,0,本案為預售屋轉讓 轉讓日期:110.3.22 轉讓價格:550萬元,RPRNMLPLOHGGFBJ48DA,56.35,0.0,4.27,有,
竹北市,房地(土地+建物),新竹縣竹北市環北路一段３５０巷７１號五樓之五,22.63,,特定農業區,甲種建築用地,1090824,土地1建物1車位0,五層,七層,華廈(10層含以下有電梯),住家用,鋼筋混凝土造,1100325,81.07,2,2,1,有,有,4400000,54274,,0.0,0,,RPPPMLLLOHGGFBJ08DA,56.1,0.0,4.27,有,
竹北市,房地(土地+建物)+車位,新竹縣竹北市環北路一段３５０巷７１號六樓之五,28.48,,特定農業區,甲種建築用地,1090807,土地1建物1車位1,六層,七層,華廈(10層含以下有電梯),住家用,鋼筋混凝土造,1100325,96.68,2,2,1,有,有,5050000,54898,升降機械,15.62,600000,,RPUPMLLLOHGGFBJ58DA,56.1,0.0,4.27,有,
竹北市,房地(土地+建物),新竹縣竹北市環北路一段３５０巷７１號六樓之三,22.57,,特定農業區,甲種建築用地,1090803,土地1建物1車位0,六層,七層,華廈(10層含以下有電梯),住家用,鋼筋混凝土造,1100325,80.84,2,2,1,有,有,4250000,52573,,0.0,0,本案為預售屋轉讓 轉讓日期:110.3.30 轉讓價格:530萬元,RPVPMLLLOHGGFBJ68DA,55.96,0.0,4.24,有,
竹北市,房地(土地+建物)+車位,新竹縣竹北市高鐵五路１００號十五樓之二,32.66,住,,,1090818,土地1建物1車位1,十五層,十五層,住宅大樓(11層含以上有電梯),住家用,鋼筋混凝土造,1100601,161.59,3,2,2,有,有,12050000,81540,坡道平面,30.98,1400000,預售屋、或土地及建物分件登記案件；,RPVPMLPLOHGGFBJ09DA,79.74,0.0,8.01,有,
竹北市,房地(土地+建物)+車位,新竹縣竹北市中山六街５８號,80.69,,鄉村區,乙種建築用地,1090828,土地3建物1車位2,全,四層,透天厝,住家用,鋼筋混凝土造,1100524,210.69,4,2,4,有,無,15660000,74327,一樓平面,0.0,0,預售屋、或土地及建物分件登記案件；,RPVNMLKMOHGGFBJ48DA,195.7,0.0,14.99,無,
竹北市,房地(土地+建物)+車位,新竹縣竹北市嘉德街１２２號十五樓,43.22,住,,,1090819,土地1建物1車位2,十五層,二十層,住宅大樓(11層含以上有電梯),住家用,鋼筋混凝土造,1100520,279.43,4,2,2,有,有,25660000,100206,坡道平面,51.3,2800000,土地買賣價款1143萬建物買賣價款1143萬車位買賣價款280萬預售屋、或土地及建物分件登記案件；,RPRNMLMKPHGGFBJ18DA,139.99,0.0,15.52,有,
竹北市,房地(土地+建物)+車位,新竹縣竹北市嘉德街１２０號九樓,50.41,住,,,1090816,土地1建物1車位2,九層,二十層,住宅大樓(11層含以上有電梯),住家用,鋼筋混凝土造,1100520,317.44,4,2,3,有,有,30500000,104081,坡道平面,51.3,2800000,土地買賣價款1385萬建物買賣價款1385萬車位買賣價款280萬預售屋、或土地及建物分件登記案件；,RPWQMLMKPHGGFBJ98DA,164.45,0.0,16.94,有,
湖口鄉,房地(土地+建物),新竹縣湖口鄉嘉興路一段８９巷３號,72.68,,特定農業區,甲種建築用地,1090809,土地1建物1車位0,全,三層,透天厝,住家用,鋼筋混凝土造,1100507,125.23,4,1,3,有,有,6600000,52703,,0.0,0,預售屋、或土地及建物分件登記案件；,RPWNMLKKOHGGFDJ58DA,120.77,0.0,4.46,無,
湖口鄉,房地(土地+建物),新竹縣湖口鄉嘉興路一段８９巷２１號,87.05,,特定農業區,甲種建築用地,1090830,土地1建物1車位0,全,三層,透天厝,住家用,鋼筋混凝土造,1100507,120.15,4,1,3,有,有,7300000,60757,,0.0,0,預售屋、或土地及建物分件登記案件；,RPPNMLQKOHGGFDJ48DA,115.83,0.0,4.32,無,
竹北市,房地(土地+建物)+車位,新竹縣竹北市日興一街１６號八樓,17.37,住,,,1090829,土地1建物1車位1,八層,十四層,住宅大樓(11層含以上有電梯),住家用,鋼筋混凝土造,1100603,118.93,2,1,1,有,有,8580000,84822,坡道平面,36.64,1600000,預售屋、或土地及建物分件登記案件；,RPSOMLOLOHGGFBJ58DA,47.62,4.78,2.74,有,
竹北市,房地(土地+建物)+車位,新竹縣竹北市日興一街１２號八樓,17.37,住,,,1090809,土地1建物1車位1,八層,十四層,住宅大樓(11層含以上有電梯),住家用,鋼筋混凝土造,1100603,118.93,2,1,1,有,有,8500000,83850,坡道平面,36.64,1600000,預售屋、或土地及建物分件登記案件；,RPOOMLOLOHGGFBJ18DA,47.62,4.78,2.74,有,
竹北市,房地(土地+建物)+車位,新竹縣竹北市日興一街１８號十四樓,17.4,住,,,1090809,土地1建物1車位1,十四層,十四層,住宅大樓(11層含以上有電梯),住家用,鋼筋混凝土造,1100603,119.0,2,1,1,有,有,8500000,85600,坡道平面,36.64,1450000,預售屋、或土地及建物分件登記案件；,RPVQMLNLOHGGFBJ98DA,47.69,4.78,2.74,有,
竹北市,房地(土地+建物)+車位,新竹縣竹北市日興一街１８號八樓,17.4,住,,,1090822,土地1建物1車位1,八層,十四層,住宅大樓(11層含以上有電梯),住家用,鋼筋混凝土造,1100603,119.0,2,1,1,有,有,8450000,84993,坡道平面,36.64,1450000,預售屋、或土地及建物分件登記案件；,RPPQMLMLOHGGFBJ28DA,47.69,4.78,2.74,有,
竹北市,房地(土地+建物)+車位,新竹縣竹北市日興一街２２號九樓,14.95,住,,,1090828,土地1建物1車位1,九層,十四層,住宅大樓(11層含以上有電梯),住家用,鋼筋混凝土造,1100603,102.25999999999999,1,1,1,有,有,7180000,85035,坡道平面,36.64,1600000,民國109年12月5日簽訂權利買賣契約，權利讓渡總金額新台幣785萬元整。預售屋、或土地及建物分件登記案件；,RPUSMLMLOHGGFBJ98DA,39.47,1.27,3.2,有,
竹北市,房地(土地+建物)+車位,新竹縣竹北市新瀧五街５號六樓之一,25.96,住,,,1090810,土地1建物1車位1,六層,十五層,住宅大樓(11層含以上有電梯),住家用,鋼筋混凝土造,1100617,171.73000000000002,3,2,2,有,有,9900000,61244,坡道平面,35.39,1550000,預售屋、或土地及建物分件登記案件；,RPWVMLTJPHGGFBJ47DA,84.58,0.0,8.22,有,
竹北市,房地(土地+建物)+車位,新竹縣竹北市新瀧五街５號八樓之三,25.56,住,,,1090805,土地1建物1車位1,八層,十五層,住宅大樓(11層含以上有電梯),住家用,鋼筋混凝土造,1100617,169.57999999999998,3,2,2,有,有,9550000,61107,坡道平面,35.39,1350000,預售屋、或土地及建物分件登記案件；,RPOTMLOLMHGGFBJ48DA,81.93,0.0,9.4,有,
竹北市,房地(土地+建物)+車位,新竹縣竹北市新瀧五街５號十五樓之三,25.56,住,,,1090805,土地1建物1車位1,十五層,十五層,住宅大樓(11層含以上有電梯),住家用,鋼筋混凝土造,1100617,169.57999999999998,3,2,2,有,有,9640000,61033,坡道平面,35.39,1450000,預售屋、或土地及建物分件登記案件；,RPVTMLOLMHGGFBJ56DA,81.93,0.0,9.4,有,
竹北市,土地,國義段178地號,951.14,住,,,1090817,土地2建物0車位0,,,其他,,,,0.0,0,0,0,有,無,144000000,151397,,0.0,0,,RPRNMLOJQHGGFBJ38DA,0.0,0.0,0.0,無,
竹北市,土地,國義段162地號,1041.07,住,,,1090817,土地1建物0車位0,,,其他,,,,0.0,0,0,0,有,無,181080000,173936,,0.0,0,,RPTNMLOJQHGGFBJ58DA,0.0,0.0,0.0,無,
竹北市,房地(土地+建物)+車位,新竹縣竹北市新瀧五街９號九樓之一,25.44,住,,,1090805,土地1建物1車位1,九層,十五層,住宅大樓(11層含以上有電梯),住家用,鋼筋混凝土造,1100617,168.96,3,2,2,有,有,9680000,60867,坡道平面,35.39,1550000,預售屋、或土地及建物分件登記案件；,RPSOMLKMMHGGFBJ08DA,81.57,0.0,9.33,有,
竹北市,房地(土地+建物)+車位,新竹縣竹北市新瀧五街９號二樓之三,25.96,住,,,1090810,土地1建物1車位1,二層,十五層,住宅大樓(11層含以上有電梯),住家用,鋼筋混凝土造,1100617,171.73000000000002,3,2,2,有,有,9700000,59777,坡道平面,35.39,1550000,預售屋、或土地及建物分件登記案件；,RPWPMLNJNHGGFBJ68DA,84.58,0.0,8.22,有,
新豐鄉,房地(土地+建物),新竹縣新豐鄉員山１３１之３號,92.57,,山坡地保育區,丙種建築用地,1090808,土地4建物1車位0,全,三層,透天厝,住商用,鋼筋混凝土造,1100129,155.67,3,2,3,有,無,9500000,61027,,0.0,0,預售屋、或土地及建物分件登記案件；,RPSNMLLKPHGGFDJ38DA,140.37,0.0,15.3,無,
新豐鄉,房地(土地+建物),新竹縣新豐鄉員山１３１之７號,92.57,,山坡地保育區,丙種建築用地,1090809,土地4建物1車位0,全,三層,透天厝,住商用,鋼筋混凝土造,1100129,155.67,3,2,3,有,無,9500000,61027,,0.0,0,預售屋、或土地及建物分件登記案件；,RPVNMLLKPHGGFDJ68DA,140.37,0.0,15.3,無,
新豐鄉,房地(土地+建物),新竹縣新豐鄉員山１３１之８５號,82.47,,山坡地保育區,丙種建築用地,1090815,土地3建物1車位0,全,三層,透天厝,住家用,鋼筋混凝土造,1100129,159.04,3,2,3,有,無,8700000,54703,,0.0,0,預售屋、或土地及建物分件登記案件；,RPXRMLQKMHGGFDJ86DA,143.74,0.0,15.3,無,
竹北市,土地,社北段567地號,620.39,農,,,1090819,土地3建物0車位0,,,其他,,,,0.0,0,0,0,有,無,14908800,24031,,0.0,0,農作物；,RPSNMLLKQHGGFBJ28DA,0.0,0.0,0.0,無,
竹北市,房地(土地+建物),新竹縣竹北市中山六街１０３號,70.48,,鄉村區,乙種建築用地,1090818,土地3建物1車位0,全,四層,透天厝,住家用,鋼筋混凝土造,1100608,179.08,5,2,4,有,有,15180000,84767,,0.0,0,預售屋、或土地及建物分件登記案件；,RPTOMLLJQHGGFBJ38DA,159.62,0.0,19.46,無,
新埔鎮,房地(土地+建物),新竹縣新埔鎮福祿八街２９巷７號,70.91,,鄉村區,乙種建築用地,1090826,土地3建物1車位0,全,四層,透天厝,住家用,鋼筋混凝土造,1100517,189.07,3,2,4,有,無,12800000,67700,,0.0,0,預售屋、或土地及建物分件登記案件；,RPSPMLMKQHGGFBJ58DA,189.07,0.0,0.0,無,
竹北市,房地(土地+建物),新竹縣竹北市水瀧二街２５１巷５弄１０號,69.54,,鄉村區,乙種建築用地,1090809,土地3建物1車位0,全,四層,透天厝,住家用,鋼筋混凝土造,1100608,202.75,5,2,4,有,有,13880000,68459,,0.0,0,預售屋、或土地及建物分件登記案件；,RPQPMLLJQHGGFBJ18DA,191.05,0.0,11.7,無,
新豐鄉,房地(土地+建物),新竹縣新豐鄉坑子口４５８之２５號,297.0,,特定農業區,農牧用地,1090808,土地4建物1車位0,全,四層,透天厝,住家用,鋼筋混凝土造,1100622,186.49,4,2,3,有,有,9800000,52550,,0.0,0,預售屋、或土地及建物分件登記案件；,RPRNMLPKQHGGFDJ78DA,178.12,0.0,8.37,無,
新豐鄉,房地(土地+建物),新竹縣新豐鄉坑子口４５８之１０號,257.0,,特定農業區,農牧用地,1090806,土地4建物1車位0,全,四層,透天厝,住家用,鋼筋混凝土造,1100622,194.77,4,2,3,有,有,8450000,43385,,0.0,0,預售屋、或土地及建物分件登記案件；,RPWNMLPKQHGGFDJ66DA,186.73,0.0,8.04,無,
新豐鄉,房地(土地+建物),新竹縣新豐鄉坑子口４５８之７號,280.0,,特定農業區,農牧用地,1090807,土地4建物1車位0,全,四層,透天厝,住家用,鋼筋混凝土造,1100622,169.7,4,2,3,有,有,8620000,50796,,0.0,0,預售屋、或土地及建物分件登記案件；,RPOOMLPKQHGGFDJ58DA,159.11,0.0,10.59,無,
新豐鄉,房地(土地+建物),新竹縣新豐鄉坑子口４５８之９號,333.0,,特定農業區,甲種建築用地,1090806,土地4建物1車位0,全,四層,透天厝,住家用,鋼筋混凝土造,1100622,208.05,4,2,3,有,有,9000000,43259,,0.0,0,預售屋、或土地及建物分件登記案件；,RPQOMLPKQHGGFDJ78DA,197.05,0.0,11.0,無,
竹北市,房地(土地+建物)+車位,新竹縣竹北市莊敬北路５６１號,28.38,住,,,1090810,土地1建物1車位1,一層,十五層,住宅大樓(11層含以上有電梯),商業用,鋼筋混凝土造,1100617,184.17000000000002,0,0,0,無,有,15660000,94838,坡道平面,35.39,1550000,預售屋、或土地及建物分件登記案件；,RPWQMLMKQHGGFBJ09DA,84.93,0.0,16.43,有,
竹北市,房地(土地+建物)+車位,新竹縣竹北市莊敬北路５６１之１號,29.77,住,,,1090810,土地1建物1車位1,一層,十五層,住宅大樓(11層含以上有電梯),商業用,鋼筋混凝土造,1100617,191.4,0,0,0,無,有,16080000,93135,坡道平面,35.39,1550000,預售屋、或土地及建物分件登記案件；,RPXQMLMKQHGGFBJ56DA,84.74,0.0,21.52,有,
竹北市,房地(土地+建物)+車位,新竹縣竹北市莊敬北路５５７號,37.86,住,,,1090810,土地1建物1車位1,一層,十五層,住宅大樓(11層含以上有電梯),商業用,鋼筋混凝土造,1100617,233.95,0,0,0,無,有,19380000,89797,坡道平面,35.39,1550000,預售屋、或土地及建物分件登記案件；,RPORMLMKQHGGFBJ38DA,112.48,0.0,22.76,有,
竹北市,房地(土地+建物)+車位,新竹縣竹北市莊敬北路５５５號,30.82,住,,,1090810,土地1建物1車位1,一層,十五層,住宅大樓(11層含以上有電梯),商業用,鋼筋混凝土造,1100617,196.99,0,0,0,無,有,15880000,88676,坡道平面,35.39,1550000,預售屋、或土地及建物分件登記案件；,RPPRMLMKQHGGFBJ48DA,94.85,0.0,15.16,有,
竹北市,房地(土地+建物)+車位,新竹縣竹北市日興一街２２號十樓,14.68,住,,,1090821,土地1建物1車位1,十層,十四層,住宅大樓(11層含以上有電梯),住家用,鋼筋混凝土造,1100603,99.28999999999999,1,1,1,有,有,7100000,86102,坡道平面,33.67,1450000,預售屋、或土地及建物分件登記案件；,RPVSMLMLOHGGFBJ09DA,39.47,1.27,3.2,有,
竹北市,房地(土地+建物)+車位,新竹縣竹北市日興一街３０號十樓,17.58,住,,,1090828,土地1建物1車位1,十層,十四層,住宅大樓(11層含以上有電梯),住家用,鋼筋混凝土造,1100603,120.38999999999999,2,2,1,有,有,8650000,85970,坡道平面,36.64,1450000,預售屋、或土地及建物分件登記案件；,RPXQMLNLOHGGFBJ56DA,48.31,4.78,3.03,有,
竹北市,房地(土地+建物)+車位,新竹縣竹北市日興一街２８號七樓,17.29,住,,,1090823,土地1建物1車位1,七層,十四層,住宅大樓(11層含以上有電梯),住家用,鋼筋混凝土造,1100603,117.18,2,2,1,有,有,8550000,82026,坡道平面,33.67,1700000,預售屋、或土地及建物分件登記案件；,RPWOMLOLOHGGFBJ98DA,48.17,4.78,3.03,有,
新豐鄉,房地(土地+建物)+車位,新竹縣新豐鄉建興路二段６８８號二樓,29.99,住,,,1090824,土地1建物1車位1,二層,十二層,住宅大樓(11層含以上有電梯),住家用,鋼筋混凝土造,1100623,134.69,3,2,2,有,有,8400000,62365,一樓平面,0.0,1150000,,RPPNMLTJQHGGFDJ88DA,73.67,0.0,7.38,有,
竹北市,房地(土地+建物)+車位,新竹縣竹北市高鐵五路１００號二樓之三,31.62,住,,,1090828,土地1建物1車位1,二層,十五層,住宅大樓(11層含以上有電梯),住家用,鋼筋混凝土造,1100601,158.53,3,2,2,有,有,11820000,82554,坡道平面,32.31,1400000,,RPPOMLKLPHGGFBJ97DA,80.11,0.0,4.72,有,
竹北市,房地(土地+建物)+車位,新竹縣竹北市日興一街２２號十四樓,14.95,住,,,1090831,土地1建物1車位1,十四層,十四層,住宅大樓(11層含以上有電梯),住家用,鋼筋混凝土造,1100603,102.25999999999999,1,1,1,有,有,7100000,83816,坡道平面,36.64,1600000,預售屋、或土地及建物分件登記案件；,RPPTMLNLOHGGFBJ68DA,39.47,1.27,3.2,有,
竹北市,房地(土地+建物)+車位,新竹縣竹北市日興一街３０號十三樓,22.92,住,,,1090818,土地1建物1車位2,十三層,十四層,住宅大樓(11層含以上有電梯),住家用,鋼筋混凝土造,1100603,157.04,2,2,1,有,有,9880000,82736,坡道平面,73.28,2950000,預售屋、或土地及建物分件登記案件；,RPSNMLNLOHGGFBJ38DA,48.31,4.78,3.03,有,
竹北市,房地(土地+建物)+車位,新竹縣竹北市日興一街１８號七樓,17.13,住,,,1090814,土地1建物1車位1,七層,十四層,住宅大樓(11層含以上有電梯),住家用,鋼筋混凝土造,1100603,116.03,2,1,1,有,有,8400000,82564,坡道平面,33.67,1600000,預售屋、或土地及建物分件登記案件；,RPUQMLNLOHGGFBJ88DA,47.69,4.78,2.74,有,
竹北市,房地(土地+建物)+車位,新竹縣竹北市日興一街１２號十二樓,17.37,住,,,1090807,土地1建物1車位1,十二層,十四層,住宅大樓(11層含以上有電梯),住家用,鋼筋混凝土造,1100603,118.93,2,1,1,有,有,8550000,84457,坡道平面,36.64,1600000,預售屋、或土地及建物分件登記案件；,RPRVMLMLOHGGFBJ98DA,47.62,4.78,2.74,有,
竹北市,房地(土地+建物)+車位,新竹縣竹北市日興一街３０號十一樓,17.58,住,,,1090810,土地1建物1車位1,十一層,十四層,住宅大樓(11層含以上有電梯),住家用,鋼筋混凝土造,1100603,120.38999999999999,2,2,1,有,有,8780000,85731,坡道平面,36.64,1600000,預售屋、或土地及建物分件登記案件；,RPURMLMLOHGGFBJ88DA,48.31,4.78,3.03,有,
湖口鄉,房地(土地+建物),新竹縣湖口鄉維東二街１０號,81.31,,鄉村區,乙種建築用地,1090807,土地1建物1車位0,全,三層,透天厝,住家用,鋼筋混凝土造,1100505,176.59,3,2,3,有,無,9000000,50966,,0.0,0,,RPRRMLTJQHGGFDJ86DA,165.23,0.0,11.36,無,
湖口鄉,房地(土地+建物),吳厝路３６號三樓,51.84,,特定農業區,甲種建築用地,1090725,土地4建物1車位0,三層,五層,華廈(10層含以下有電梯),住家用,鋼筋混凝土造,1100104,75.04,2,2,1,有,無,3400000,45309,,0.0,0,農地上做分管停車用並含在總價款裡預售屋、或土地及建物分件登記案件；,RPSOMLOJOHGGFDJ58DA,54.83,0.0,5.59,有,
新豐鄉,房地(土地+建物),員山１３１之４０號,85.05,,山坡地保育區,丙種建築用地,1090726,土地3建物1車位0,全,三層,透天厝,住家用,鋼筋混凝土造,1100129,159.04,3,2,3,有,無,8600000,54074,,0.0,0,預售屋、或土地及建物分件登記案件；,RPROMLQKMHGGFDJ58DA,143.74,0.0,15.3,無,
竹北市,房地(土地+建物)+車位,環北路一段３５０巷７１號五樓之一,28.58,,特定農業區,甲種建築用地,1090705,土地1建物1車位1,五層,七層,華廈(10層含以下有電梯),住家用,鋼筋混凝土造,1100325,97.02,2,2,1,有,有,4800000,51597,升降機械,15.62,600000,本案為預售屋轉讓 轉讓日期:110.1.30 轉讓價格:550萬元,RPPNMLQKOHGGFBJ28DA,56.35,0.0,4.27,有,
竹北市,房地(土地+建物),新興路１８１巷６３弄１９號,92.14,,特定農業區,甲種建築用地,1090718,土地4建物1車位0,全,四層,透天厝,住家用,鋼筋混凝土造,1100331,145.47,4,2,4,有,無,11600000,79742,,0.0,0,,RPTOMLQJOHGGFBJ68DA,135.22,0.0,10.25,無,
新豐鄉,房地(土地+建物)+車位,中崙２８７之３號四樓之３,33.45,,特定農業區,甲種建築用地,1090718,土地1建物1車位1,四層,五層,華廈(10層含以下有電梯),住家用,鋼筋混凝土造,1100203,86.5,2,2,2,有,有,4370000,50520,一樓平面,0.0,0,預售屋、或土地及建物分件登記案件；,RPQQMLTJOHGGFDJ09DA,60.32,0.0,6.83,有,
竹北市,房地(土地+建物),新竹縣竹北市環北路一段３５０巷７１號七樓之一,22.72,,特定農業區,甲種建築用地,1090710,土地1建物1車位0,七層,七層,華廈(10層含以下有電梯),住家用,鋼筋混凝土造,1100325,81.4,2,2,1,有,有,4500000,55283,,0.0,0,本案為預售屋轉讓 轉讓日期:110.1.11 轉讓價格:457萬元,RPXPMLLLOHGGFBJ88DA,56.35,0.0,4.27,有,
竹北市,房地(土地+建物)+車位,新竹縣竹北市環北路一段３５０巷７１號二樓之三,28.42,,特定農業區,甲種建築用地,1090731,土地1建物1車位1,二層,七層,華廈(10層含以下有電梯),住家用,鋼筋混凝土造,1100325,96.45,2,2,1,有,有,4750000,51342,升降機械,15.62,600000,,RPRQMLQKOHGGFBJ78DA,55.96,0.0,4.24,有,
湖口鄉,房地(土地+建物),新竹縣湖口鄉溪南一街１８號,181.11,都市：其他:住(一),,,1090706,土地1建物1車位0,全,五層,透天厝,住商用,鋼筋混凝土造,1091229,383.05,6,2,8,有,無,31600000,82496,,0.0,0,6房2廳8衛1店面其他增建；,RPTNMLSKOHGGFDJ09DA,348.9,0.0,34.15,有,
新豐鄉,房地(土地+建物)+車位,新竹縣新豐鄉中崙２８７之３號五樓之１,36.3,,特定農業區,甲種建築用地,1090719,土地1建物1車位1,五層,五層,華廈(10層含以下有電梯),住家用,鋼筋混凝土造,1100203,122.9,3,2,2,有,有,5500000,44752,一樓平面,0.0,0,預售屋、或土地及建物分件登記案件；,RPUPMLTJOHGGFDJ76DA,76.09,0.0,9.09,有,
新豐鄉,房地(土地+建物)+車位,新竹縣新豐鄉中崙２８７之３號三樓之１,36.3,,特定農業區,甲種建築用地,1090719,土地1建物1車位1,三層,五層,華廈(10層含以下有電梯),住家用,鋼筋混凝土造,1100203,122.9,3,2,2,有,有,5803000,47217,一樓平面,0.0,0,預售屋、或土地及建物分件登記案件；,RPSPMLTJOHGGFDJ56DA,76.09,0.0,9.09,有,
芎林鄉,房地(土地+建物),新竹縣芎林鄉文富街１２巷５號,72.95,住,,,1090710,土地3建物1車位0,全,四層,透天厝,住家用,鋼筋混凝土造,1091207,197.78,5,3,6,有,無,14200000,71797,,0.0,0,陽台外推；,RPROMLRJPHGGFCJ78DA,175.83,0.0,21.95,有,
竹北市,房地(土地+建物)+車位,新竹縣竹北市高鐵五路１００號九樓之二,33.07,住,,,1090719,土地1建物1車位1,九層,十五層,住宅大樓(11層含以上有電梯),住家用,鋼筋混凝土造,1100601,163.05,3,2,2,有,有,12350000,82911,坡道平面,30.98,1400000,預售屋、或土地及建物分件登記案件；,RPPPMLPLOHGGFBJ48DA,79.74,0.0,8.99,有,
竹北市,房地(土地+建物)+車位,新竹縣竹北市高鐵五路１００號十五樓之六,33.07,住,,,1090705,土地1建物1車位2,十五層,十五層,住宅大樓(11層含以上有電梯),住家用,鋼筋混凝土造,1100601,193.12,3,2,2,有,有,14280000,87527,坡道平面,61.96,2800000,預售屋、或土地及建物分件登記案件；,RPQRMLPLOHGGFBJ78DA,80.11,0.0,8.01,有,
竹北市,房地(土地+建物)+車位,新竹縣竹北市高鐵五路１００號三樓之五,22.05,住,,,1090720,土地1建物1車位1,三層,十五層,住宅大樓(11層含以上有電梯),住家用,鋼筋混凝土造,1100601,119.34,2,2,1,有,有,8660000,83861,坡道平面,30.98,1250000,預售屋權利轉售權利買賣契約成交價格新台幣930萬元契約日期:109年7月6日預售屋、或土地及建物分件登記案件；,RPRRMLPLOHGGFBJ88DA,55.29,0.0,4.04,有,
竹北市,房地(土地+建物)+車位,新竹縣竹北市復興二路２５９號十九樓之二,20.68,商,,,1090707,土地1建物1車位1,十九層,二十四層,住宅大樓(11層含以上有電梯),住家用,鋼筋混凝土造,1091226,205.15,3,2,2,有,有,20780000,110412,坡道平面,30.35,1480000,預售屋、或土地及建物分件登記案件；,RPUPMLKKOHGGFBJ38DA,96.56,12.56,4.08,有,
竹北市,房地(土地+建物)+車位,新竹縣竹北市復興二路２５９號十九樓之三,8.42,商,,,1090707,土地1建物1車位1,十九層,二十四層,住宅大樓(11層含以上有電梯),住家用,鋼筋混凝土造,1091226,99.53,1,1,1,有,有,9380000,114195,坡道平面,30.35,1480000,預售屋、或土地及建物分件登記案件；,SPUPMLKKOHGGFBJ48DA,39.34,2.21,3.28,有,
竹北市,房地(土地+建物)+車位,新竹縣竹北市復興二路２５９號十九樓之一,8.42,商,,,1090707,土地1建物1車位1,十九層,二十四層,住宅大樓(11層含以上有電梯),住家用,鋼筋混凝土造,1091226,104.06,1,1,1,有,有,9620000,110704,坡道平面,30.35,1460000,預售屋、或土地及建物分件登記案件；,TPUPMLKKOHGGFBJ58DA,39.34,5.17,3.22,有,
竹北市,房地(土地+建物)+車位,新竹縣竹北市復興二路２６１號十九樓之二,21.04,商,,,1090707,土地1建物1車位1,十九層,二十四層,住宅大樓(11層含以上有電梯),住家用,鋼筋混凝土造,1091226,208.15,3,2,2,有,有,21700000,113836,坡道平面,30.35,1460000,交易日期：109年6月12日預售屋、或土地及建物分件登記案件；,UPUPMLKKOHGGFBJ68DA,98.21,12.56,4.34,有,
竹北市,房地(土地+建物)+車位,新竹縣竹北市復興二路２６１號二十一樓之二,21.04,商,,,1090707,土地1建物1車位1,二十一層,二十四層,住宅大樓(11層含以上有電梯),住家用,鋼筋混凝土造,1091226,208.15,3,2,2,有,有,21990000,115467,坡道平面,30.35,1460000,交易日期:109年6月12日預售屋、或土地及建物分件登記案件；,VPUPMLKKOHGGFBJ78DA,98.21,12.56,4.34,有,
竹北市,房地(土地+建物)+車位,新竹縣竹北市復興二路２６１號十一樓之一,8.63,商,,,1090702,土地1建物1車位1,十一層,二十四層,住宅大樓(11層含以上有電梯),住家用,鋼筋混凝土造,1091226,106.1,1,1,1,有,有,9180000,103894,坡道平面,30.35,1310000,預售屋、或土地及建物分件登記案件；,RPTNMLMJPHGGFBJ28DA,40.17,5.21,3.66,有,
湖口鄉,土地,祥喜段111地號,1729.53,,一般農業區,甲種建築用地,1090702,土地4建物0車位0,,,其他,,,,0.0,0,0,0,有,無,15880000,9182,,0.0,0,,RPTOMLNLOHGGFDJ78DA,0.0,0.0,0.0,無,
湖口鄉,房地(土地+建物)+車位,新竹縣湖口鄉明德街８３號十三樓之２,26.1,住,,,1090711,土地1建物1車位1,十三層,十四層,住宅大樓(11層含以上有電梯),住家用,鋼筋混凝土造,1091014,148.01,3,2,2,有,有,6880000,48843,坡道平面,26.6,950000,,RPSVMLSJPHGGFDJ17DA,73.24,2.36,8.2,有,
竹北市,房地(土地+建物)+車位,新竹縣竹北市北新一街２３號四樓之六,11.47,商,,,1090727,土地1建物1車位1,四層,二十四層,住宅大樓(11層含以上有電梯),住家用,鋼筋混凝土造,1091225,131.07,2,1,1,有,有,7250000,58037,坡道平面,29.41,1350000,預售屋、或土地及建物分件登記案件；,RPOPMLOJNHGGFBJ97DA,62.8,0.0,6.06,有,
竹北市,房地(土地+建物)+車位,新竹縣竹北市北新一街２３號十八樓之二,15.93,商,,,1090727,土地1建物1車位1,十八層,二十四層,住宅大樓(11層含以上有電梯),住家用,鋼筋混凝土造,1091225,171.32,3,2,2,有,有,10700000,65182,坡道平面,29.41,1450000,其他 嫌:20000元；預售屋、或土地及建物分件登記案件；,RPQRMLPJNHGGFBJ48DA,84.36,0.0,11.9,有,
竹北市,房地(土地+建物)+車位,新竹縣竹北市新瀧一街２７號十一樓,14.8,商,,,1090727,土地1建物1車位1,十一層,十四層,住宅大樓(11層含以上有電梯),住家用,鋼筋混凝土造,1100324,131.12,2,2,2,有,有,6600000,60175,坡道平面,39.72,1100000,預售屋、或土地及建物分件登記案件；,RPOOMLOKPHGGFBJ28EA,54.93,1.75,4.24,有,
竹北市,房地(土地+建物)+車位,新竹縣竹北市環北路一段３５０巷７１號六樓之一,39.11,,特定農業區,甲種建築用地,1090726,土地1建物1車位1,六層,七層,華廈(10層含以下有電梯),住家用,鋼筋混凝土造,1100325,125.13,2,2,1,有,有,5200000,52826,升降平面,43.73,900000,,RPWNMLKLPHGGFBJ68EA,56.35,0.0,4.27,有,
竹東鎮,房地(土地+建物)+車位,新竹縣竹東鎮榮華街５號三樓,34.29,住,,,1090720,土地1建物1車位1,三層,五層,華廈(10層含以下有電梯),住家用,鋼筋混凝土造,1100517,125.82,3,2,2,有,無,7520000,59768,一樓平面,21.0,0,,RPRNMLRLOHGGFCJ78DA,66.76,0.0,7.94,有,
竹北市,房地(土地+建物)+車位,新竹縣竹北市環北路一段３５０巷７１號五樓之三,28.42,,特定農業區,甲種建築用地,1090715,土地1建物1車位1,五層,七層,華廈(10層含以下有電梯),住家用,鋼筋混凝土造,1100325,96.45,2,2,1,有,有,5050000,55672,升降機械,15.62,550000,本案為預售屋轉讓 轉讓日期:110.4.8 轉讓價格:600萬元,RPRPMLLLOHGGFBJ28DA,55.96,0.0,4.24,有,
竹北市,房地(土地+建物),新竹縣竹北市環北路一段３５０巷７１號五樓之二,22.72,,特定農業區,甲種建築用地,1090705,土地1建物1車位0,五層,七層,華廈(10層含以下有電梯),住家用,鋼筋混凝土造,1100325,81.4,2,2,1,有,有,4200000,51597,,0.0,0,本案為預售屋轉讓 轉讓日期:110.2.8 轉讓價格:460萬元,RPSPMLLLOHGGFBJ38DA,56.35,0.0,4.27,有,
竹北市,房地(土地+建物)+車位,新竹縣竹北市嘉德街１２０號二樓,50.41,住,,,1090711,土地1建物1車位2,二層,二十層,住宅大樓(11層含以上有電梯),住家用,鋼筋混凝土造,1100520,317.44,4,2,3,有,有,31480000,107763,坡道平面,51.3,2800000,土地買賣價款1434萬建物買賣價款1434萬車位買賣價款280萬預售屋、或土地及建物分件登記案件；,RPTNMLKKPHGGFBJ18DA,164.45,0.0,16.94,有,
竹北市,房地(土地+建物)+車位,新竹縣竹北市嘉德街１２８號六樓,47.25,住,,,1090713,土地1建物1車位2,六層,二十層,住宅大樓(11層含以上有電梯),住家用,鋼筋混凝土造,1100520,300.68,4,2,2,有,有,26250000,94033,坡道平面,51.3,2800000,土地買賣價款1172萬建物買賣價款1173萬車位買賣價款280萬預售屋、或土地及建物分件登記案件；,RPPPMLKKPHGGFBJ97DA,153.06,0.0,16.94,有,
竹北市,房地(土地+建物)+車位,新竹縣竹北市日興一街１０號三樓,22.47,住,,,1090715,土地1建物1車位1,三層,十四層,住宅大樓(11層含以上有電梯),住家用,鋼筋混凝土造,1100603,153.72,3,2,2,有,有,12450000,92672,坡道平面,36.64,1600000,實際成交未執行裝潢＄105萬元，自房地總價中扣除。含裝潢費1050000元；預售屋、或土地及建物分件登記案件；,RPTNMLSLOHGGFBJ98DA,71.61,3.59,3.22,有,
竹北市,房地(土地+建物)+車位,新竹縣竹北市日興一街１２號十三樓,17.37,住,,,1090729,土地1建物1車位1,十三層,十四層,住宅大樓(11層含以上有電梯),住家用,鋼筋混凝土造,1100603,118.93,2,1,1,有,有,8170000,81662,坡道平面,36.64,1450000,預售屋、或土地及建物分件登記案件；,RPQOMLOLOHGGFBJ38DA,47.62,4.78,2.74,有,
竹北市,房地(土地+建物)+車位,新竹縣竹北市日興一街２８號十三樓,17.55,住,,,1090729,土地1建物1車位1,十三層,十四層,住宅大樓(11層含以上有電梯),住家用,鋼筋混凝土造,1100603,120.16,2,2,1,有,有,8430000,83573,坡道平面,36.64,1450000,預售屋、或土地及建物分件登記案件；,RPVSMLNLOHGGFBJ56DA,48.17,4.78,3.03,有,
竹北市,房地(土地+建物)+車位,新竹縣竹北市日興一街２８號十二樓,17.55,住,,,1090729,土地1建物1車位1,十二層,十四層,住宅大樓(11層含以上有電梯),住家用,鋼筋混凝土造,1100603,120.16,2,2,1,有,有,8480000,84171,坡道平面,36.64,1450000,預售屋、或土地及建物分件登記案件；,RPUQMLMLOHGGFBJ78DA,48.17,4.78,3.03,有,
竹北市,房地(土地+建物)+車位,新竹縣竹北市日興一街３０號十四樓,17.58,住,,,1090715,土地1建物1車位1,十四層,十四層,住宅大樓(11層含以上有電梯),住家用,鋼筋混凝土造,1100603,120.38999999999999,2,2,1,有,有,9350000,92537,坡道平面,36.64,1600000,實際成交未執行裝潢＄75萬元，自房地總價中扣除。含裝潢費750000元；預售屋、或土地及建物分件登記案件；,RPSNMLOLOHGGFBJ48DA,48.31,4.78,3.03,有,
竹北市,房地(土地+建物)+車位,新竹縣竹北市日興一街２６號十四樓,18.68,住,,,1090707,土地1建物1車位1,十四層,十四層,住宅大樓(11層含以上有電梯),住家用,鋼筋混凝土造,1100603,127.72,2,2,1,有,有,9920000,92995,坡道平面,36.64,1450000,實際成交未執行裝潢＄82萬元，自房地總價中扣除。含裝潢費820000元；預售屋、或土地及建物分件登記案件；,RPRSMLNLOHGGFBJ78DA,54.88,3.0,3.17,有,
竹北市,房地(土地+建物)+車位,新竹縣竹北市新瀧五街９號九樓之三,25.96,住,,,1090708,土地1建物1車位1,九層,十五層,住宅大樓(11層含以上有電梯),住家用,鋼筋混凝土造,1100617,171.73000000000002,3,2,2,有,有,9700000,61244,坡道平面,35.39,1350000,109.07.08預售屋權利轉售，權利買賣契約成交價格新台幣1060萬元。預售屋、或土地及建物分件登記案件；,RPTRMLOKPHGGFBJ98DA,84.58,0.0,8.22,有,
竹北市,房地(土地+建物)+車位,新竹縣竹北市新瀧五街９號六樓之三,25.96,住,,,1090701,土地1建物1車位1,六層,十五層,住宅大樓(11層含以上有電梯),住家用,鋼筋混凝土造,1100617,171.73000000000002,3,2,2,有,有,9980000,61831,坡道平面,35.39,1550000,預售屋、或土地及建物分件登記案件；,RPPOMLKKNHGGFBJ67DA,84.58,0.0,8.22,有,
竹北市,房地(土地+建物)+車位,新竹縣竹北市新瀧五街５號二樓之一,25.96,住,,,1090729,土地1建物1車位1,二層,十五層,住宅大樓(11層含以上有電梯),住家用,鋼筋混凝土造,1100617,171.73000000000002,3,2,2,有,有,9980000,63298,坡道平面,35.39,1350000,預售屋、或土地及建物分件登記案件；,RPSPMLOLMHGGFBJ48DA,84.58,0.0,8.22,有,
竹北市,房地(土地+建物)+車位,新竹縣竹北市新瀧五街５號六樓之三,25.56,住,,,1090729,土地1建物1車位1,六層,十五層,住宅大樓(11層含以上有電梯),住家用,鋼筋混凝土造,1100617,169.57999999999998,3,2,2,有,有,9530000,59468,坡道平面,35.39,1550000,預售屋、或土地及建物分件登記案件；,RPWSMLOLMHGGFBJ56DA,81.93,0.0,9.4,有,
竹北市,房地(土地+建物)+車位,新竹縣竹北市新瀧五街７號七樓之一,25.29,住,,,1090701,土地1建物1車位1,七層,十五層,住宅大樓(11層含以上有電梯),住家用,鋼筋混凝土造,1100617,168.2,3,2,2,有,有,9540000,60914,坡道平面,35.39,1450000,預售屋、或土地及建物分件登記案件；,RPOOMLPLMHGGFBJ08DA,81.1,0.0,9.33,有,
竹北市,房地(土地+建物)+車位,新竹縣竹北市新瀧五街９號三樓之三,25.96,住,,,1090715,土地1建物1車位1,三層,十五層,住宅大樓(11層含以上有電梯),住家用,鋼筋混凝土造,1100617,171.73000000000002,3,2,2,有,有,9650000,60144,坡道平面,35.39,1450000,預售屋、或土地及建物分件登記案件；,RPXPMLNJNHGGFBJ78DA,84.58,0.0,8.22,有,
竹北市,房地(土地+建物)+車位,新竹縣竹北市新瀧五街７號十四樓之三,24.6,住,,,1090715,土地1建物1車位1,十四層,十五層,住宅大樓(11層含以上有電梯),住家用,鋼筋混凝土造,1100617,164.54,3,2,2,有,有,9450000,61943,坡道平面,35.39,1450000,預售屋、或土地及建物分件登記案件；,RPUQMLTLMHGGFBJ66DA,78.61,0.0,9.33,有,
竹北市,房地(土地+建物)+車位,新竹縣竹北市新瀧五街７號十五樓之三,24.6,住,,,1090715,土地1建物1車位1,十五層,十五層,住宅大樓(11層含以上有電梯),住家用,鋼筋混凝土造,1100617,164.54,3,2,2,有,有,9580000,62176,坡道平面,35.39,1550000,預售屋、或土地及建物分件登記案件；,RPVQMLTLMHGGFBJ76DA,78.61,0.0,9.33,有,
竹北市,房地(土地+建物)+車位,新竹縣竹北市新瀧五街７號二樓之三,24.6,住,,,1090715,土地1建物1車位1,二層,十五層,住宅大樓(11層含以上有電梯),住家用,鋼筋混凝土造,1100617,163.38,3,2,2,有,有,9380000,61014,坡道平面,34.23,1500000,預售屋、或土地及建物分件登記案件；,RPSRMLSLMHGGFBJ09DA,78.61,0.0,9.33,有,
湖口鄉,房地(土地+建物),新竹縣湖口鄉中正二路７號,82.52,住,,,1090719,土地2建物1車位0,全,三層,透天厝,住家用,鋼筋混凝土造,1100121,168.29,4,2,4,有,無,12100000,71900,,0.0,0,,RPSNMLQJPHGGFDJ78DA,154.22,0.0,14.07,無,
竹北市,車位,新竹縣竹北市六家五路二段２１０號,2.1,住,,,1090713,土地1建物1車位1,一層,二十四層,其他,商業用,鋼筋混凝土造,1010328,31.669999999999998,0,0,0,有,有,700000,,坡道平面,31.67,700000,僅車位交易；,RPWPMLSJPHGGFBJ76DA,0.0,0.0,0.0,有,0073
新豐鄉,房地(土地+建物),新竹縣新豐鄉員山１３１之５７號,82.13,,山坡地保育區,丙種建築用地,1090709,土地3建物1車位0,全,三層,透天厝,住家用,鋼筋混凝土造,1100129,159.04,3,2,3,有,無,8480000,53320,,0.0,0,預售屋、或土地及建物分件登記案件；,RPOQMLQKMHGGFDJ48DA,143.74,0.0,15.3,無,
竹北市,房地(土地+建物)+車位,新竹縣竹北市新瀧五街９號五樓之一,25.44,住,,,1090729,土地1建物1車位1,五層,十五層,住宅大樓(11層含以上有電梯),住家用,鋼筋混凝土造,1100617,176.13,3,2,2,有,有,9490000,58700,坡道平面,42.57,1650000,預售屋、或土地及建物分件登記案件；,RPPRMLTLMHGGFBJ88DA,81.57,0.0,9.33,有,
竹北市,房地(土地+建物)+車位,新竹縣竹北市新瀧五街７號十五樓之一,25.29,住,,,1090722,土地1建物1車位1,十五層,十五層,住宅大樓(11層含以上有電梯),住家用,鋼筋混凝土造,1100617,168.2,3,2,2,有,有,9550000,60989,坡道平面,35.39,1450000,預售屋、或土地及建物分件登記案件；,RPWOMLPLMHGGFBJ88DA,81.1,0.0,9.33,有,
竹北市,房地(土地+建物)+車位,新竹縣竹北市新瀧五街７號六樓之一,25.29,住,,,1090722,土地1建物1車位1,六層,十五層,住宅大樓(11層含以上有電梯),住家用,鋼筋混凝土造,1100617,167.03,3,2,2,有,有,9520000,60392,坡道平面,34.23,1500000,預售屋、或土地及建物分件登記案件；,RPWNMLPLMHGGFBJ78DA,81.1,0.0,9.33,有,
竹北市,房地(土地+建物)+車位,新竹縣竹北市新瀧五街５號七樓之三,25.56,住,,,1090722,土地1建物1車位1,七層,十五層,住宅大樓(11層含以上有電梯),住家用,鋼筋混凝土造,1100617,169.57999999999998,3,2,2,有,有,9610000,60809,坡道平面,35.39,1450000,預售屋、或土地及建物分件登記案件；,RPXSMLOLMHGGFBJ66DA,81.93,0.0,9.4,有,
竹北市,房地(土地+建物)+車位,新竹縣竹北市新瀧五街５號十三樓之三,25.56,住,,,1090701,土地1建物1車位1,十三層,十五層,住宅大樓(11層含以上有電梯),住家用,鋼筋混凝土造,1100617,169.57999999999998,3,2,2,有,有,9600000,61480,坡道平面,35.39,1350000,預售屋、或土地及建物分件登記案件；,RPTTMLOLMHGGFBJ98DA,81.93,0.0,9.4,有,
竹北市,房地(土地+建物),新竹縣竹北市中山六街９３號,66.0,,鄉村區,乙種建築用地,1090728,土地1建物1車位0,全,四層,透天厝,住家用,鋼筋混凝土造,1100608,185.39,5,2,4,有,有,14820000,79940,,0.0,0,預售屋、或土地及建物分件登記案件；,RPRNMLLJQHGGFBJ08DA,166.8,0.0,18.59,無,
竹北市,房地(土地+建物),新竹縣竹北市水瀧二街２５１巷１１弄８號,61.51,,鄉村區,乙種建築用地,1090726,土地2建物1車位0,全,四層,透天厝,住家用,鋼筋混凝土造,1100608,178.08,5,2,4,有,有,12380000,69519,,0.0,0,預售屋、或土地及建物分件登記案件；,RPXNMLLJQHGGFBJ68DA,178.08,0.0,0.0,無,
竹北市,房地(土地+建物),新竹縣竹北市水瀧二街２５１巷１１弄３號,61.95,,鄉村區,乙種建築用地,1090712,土地2建物1車位0,全,四層,透天厝,住家用,鋼筋混凝土造,1100608,186.42,5,2,4,有,有,13000000,69735,,0.0,0,預售屋、或土地及建物分件登記案件；,RPQOMLLJQHGGFBJ08DA,176.63,0.0,9.79,無,
新埔鎮,房地(土地+建物),新竹縣新埔鎮福祿八街２９巷６號,70.72,,鄉村區,乙種建築用地,1090711,土地3建物1車位0,全,四層,透天厝,住家用,鋼筋混凝土造,1100517,189.07,3,2,4,有,無,12600000,66642,,0.0,0,預售屋、或土地及建物分件登記案件；,RPUOMLMKQHGGFBJ68DA,189.07,0.0,0.0,無,
新埔鎮,房地(土地+建物),新竹縣新埔鎮福祿八街２９巷１６號,71.93,,鄉村區,乙種建築用地,1090720,土地3建物1車位0,全,四層,透天厝,住家用,鋼筋混凝土造,1100517,189.71,3,2,4,有,無,11900000,62727,,0.0,0,預售屋、或土地及建物分件登記案件；,RPXOMLMKQHGGFBJ98DA,189.71,0.0,0.0,無,
新埔鎮,房地(土地+建物),新竹縣新埔鎮福祿八街２９巷３號,70.91,,鄉村區,乙種建築用地,1090703,土地3建物1車位0,全,四層,透天厝,住家用,鋼筋混凝土造,1100517,189.07,3,2,4,有,無,12680000,67065,,0.0,0,預售屋、或土地及建物分件登記案件；,RPPPMLMKQHGGFBJ28DA,189.07,0.0,0.0,無,
竹北市,房地(土地+建物),新竹縣竹北市水瀧二街２５１巷５弄８號,69.54,,鄉村區,乙種建築用地,1090701,土地3建物1車位0,全,四層,透天厝,住家用,鋼筋混凝土造,1100608,202.75,5,2,4,有,有,13850000,68311,,0.0,0,預售屋、或土地及建物分件登記案件；,RPPPMLLJQHGGFBJ08DA,191.05,0.0,11.7,無,
竹北市,房地(土地+建物)+車位,新竹縣竹北市新瀧五街５號七樓之一,25.96,住,,,1090708,土地1建物1車位1,七層,十五層,住宅大樓(11層含以上有電梯),住家用,鋼筋混凝土造,1100617,171.73000000000002,3,2,2,有,有,9980000,61831,坡道平面,35.39,1550000,預售屋、或土地及建物分件登記案件；,RPXPMLOLMHGGFBJ98DA,84.58,0.0,8.22,有,
竹北市,房地(土地+建物)+車位,新竹縣竹北市新瀧五街７號二樓之一,25.29,住,,,1090722,土地1建物1車位1,二層,十五層,住宅大樓(11層含以上有電梯),住家用,鋼筋混凝土造,1100617,168.2,3,2,2,有,有,9620000,62269,坡道平面,35.39,1350000,預售屋、或土地及建物分件登記案件；,RPTNMLPLMHGGFBJ48DA,81.1,0.0,9.33,有,
竹北市,房地(土地+建物)+車位,新竹縣竹北市新瀧五街９號十樓之三,25.96,住,,,1090701,土地1建物1車位1,十層,十五層,住宅大樓(11層含以上有電梯),住家用,鋼筋混凝土造,1100617,171.73000000000002,3,2,2,有,有,9700000,61244,坡道平面,35.39,1350000,預售屋、或土地及建物分件登記案件；,RPTQMLNJNHGGFBJ48DA,84.58,0.0,8.22,有,
竹北市,房地(土地+建物)+車位,新竹縣竹北市新瀧五街５號五樓之三,25.56,住,,,1090708,土地1建物1車位1,五層,十五層,住宅大樓(11層含以上有電梯),住家用,鋼筋混凝土造,1100617,169.57999999999998,3,2,2,有,有,9360000,58946,坡道平面,35.39,1450000,預售屋、或土地及建物分件登記案件；,RPXNMLKKNHGGFBJ38DA,81.93,0.0,9.4,有,
湖口鄉,房地(土地+建物),新竹縣湖口鄉中正七街７５號,76.34,都市：其他:住(一),,,1090719,土地1建物1車位0,全,四層,透天厝,住家用,鋼筋混凝土造,1091224,189.87,4,2,4,有,無,14800000,77948,,0.0,0,,RPVQMLTJQHGGFDJ17DA,170.46,0.0,19.41,無,
新豐鄉,房地(土地+建物)+車位,新竹縣新豐鄉員山１３１之１２６號二樓,33.7,,山坡地保育區,丙種建築用地,1090705,土地3建物1車位1,二層,七層,華廈(10層含以下有電梯),住家用,鋼筋混凝土造,1100401,139.84,3,2,2,有,無,5850000,43568,坡道平面,28.52,1000000,預售屋、或土地及建物分件登記案件；,RPXRMLPLOHGGFDJ07DA,69.53,0.0,5.3,有,
新豐鄉,房地(土地+建物),新竹縣新豐鄉坑子口４５８之８號,289.0,,特定農業區,農牧用地,1090717,土地4建物1車位0,全,四層,透天厝,住家用,鋼筋混凝土造,1100622,169.7,4,2,3,有,有,8610000,50737,,0.0,0,預售屋、或土地及建物分件登記案件；,RPPOMLPKQHGGFDJ68DA,159.11,0.0,10.59,無,
新豐鄉,房地(土地+建物)+車位,新竹縣新豐鄉建興路二段６９０號八樓,35.92,住,,,1090707,土地1建物1車位2,八層,十二層,住宅大樓(11層含以上有電梯),住家用,鋼筋混凝土造,1100623,161.28,3,2,2,有,有,8200000,50843,一樓平面,0.0,2300000,,RPTOMLQJQHGGFDJ09DA,73.67,0.0,7.38,有,
新豐鄉,房地(土地+建物)+車位,新竹縣新豐鄉員山１３１之１２０號五樓,25.72,,山坡地保育區,丙種建築用地,1090721,土地3建物1車位1,五層,七層,華廈(10層含以下有電梯),住家用,鋼筋混凝土造,1100401,96.18,2,2,1,有,無,4000000,41446,坡道平面,26.21,1100000,預售屋、或土地及建物分件登記案件；,RPXQMLPLOHGGFDJ96DA,43.41,0.0,3.65,有,
新豐鄉,房地(土地+建物)+車位,新竹縣新豐鄉建興路二段６９０之１號七樓,24.67,住,,,1090724,土地1建物1車位1,七層,十二層,住宅大樓(11層含以上有電梯),住家用,鋼筋混凝土造,1100623,110.50999999999999,2,2,2,有,有,5630000,54576,坡道平面,26.59,1050000,,RPUOMLTJQHGGFDJ86DA,56.24,0.0,6.41,有,
新豐鄉,房地(土地+建物)+車位,新竹縣新豐鄉建興路二段６８８之１號十樓,23.7,住,,,1090718,土地1建物1車位1,十層,十二層,住宅大樓(11層含以上有電梯),住家用,鋼筋混凝土造,1100623,106.02,2,2,1,有,有,5600000,56024,一樓平面,26.59,1150000,,RPRQMLTJQHGGFDJ76DA,53.14,0.0,6.41,有,
竹北市,房地(土地+建物)+車位,新竹縣竹北市新瀧五街７號八樓之一,25.29,住,,,1090708,土地1建物1車位1,八層,十五層,住宅大樓(11層含以上有電梯),住家用,鋼筋混凝土造,1100617,168.2,3,2,2,有,有,9460000,61065,坡道平面,35.39,1350000,預售屋、或土地及建物分件登記案件；,RPPOMLPLMHGGFBJ18DA,81.1,0.0,9.33,有,
竹北市,房地(土地+建物)+車位,新竹縣竹北市新瀧五街５號二樓之三,25.56,住,,,1090729,土地1建物1車位1,二層,十五層,住宅大樓(11層含以上有電梯),住家用,鋼筋混凝土造,1100617,169.57999999999998,3,2,2,有,有,9550000,61107,坡道平面,35.39,1350000,預售屋、或土地及建物分件登記案件；,RPSSMLOLMHGGFBJ78DA,81.93,0.0,9.4,有,
竹北市,房地(土地+建物)+車位,新竹縣竹北市高鐵五路９８號,35.98,住,,,1090725,土地1建物1車位1,一層，二層,十五層,住宅大樓(11層含以上有電梯),其他,鋼筋混凝土造,1100601,158.87,0,0,0,無,有,14990000,107436,坡道平面,30.98,1250000,,RPPNMLQKQHGGFBJ48DA,92.77,0.0,4.14,有,
芎林鄉,房地(土地+建物),新竹縣芎林鄉文富街２７６號,96.86,住,,,1090721,土地1建物1車位0,全,四層,透天厝,住家用,鋼筋混凝土造,1100317,204.91,4,2,4,有,無,16500000,80523,,0.0,0,預售屋、或土地及建物分件登記案件；,RPWNMLQJRHGGFCJ66DA,183.03,0.0,21.88,無,
芎林鄉,房地(土地+建物),新竹縣芎林鄉文富街２７２號,87.61,住,,,1090731,土地1建物1車位0,全,四層,透天厝,住家用,鋼筋混凝土造,1100317,202.96,5,2,3,有,無,15200000,74892,,0.0,0,預售屋、或土地及建物分件登記案件；,RPXNMLQJRHGGFCJ76DA,182.12,0.0,20.84,無,
新豐鄉,房地(土地+建物),員山１３１之８２號,82.46,,山坡地保育區,丙種建築用地,1090618,土地3建物1車位0,全,三層,透天厝,住家用,鋼筋混凝土造,1100129,159.04,3,2,3,有,無,8320000,52314,,0.0,0,預售屋、或土地及建物分件登記案件；,RPWRMLQKMHGGFDJ76DA,143.74,0.0,15.3,無,
竹北市,房地(土地+建物),中山五街４５號,99.17,,鄉村區,乙種建築用地,1090621,土地1建物1車位0,全,四層,透天厝,住家用,鋼筋混凝土造,1100226,232.43,4,2,4,有,無,19000000,81745,,0.0,0,管理組織:目前無將來會成立.,RPSNMLSLLHGGFBJ58DA,203.76,0.0,28.67,有,
竹北市,房地(土地+建物)+車位,北新一街２１號四樓之七,11.47,商,,,1090603,土地1建物1車位1,四層,二十四層,住宅大樓(11層含以上有電梯),住家用,鋼筋混凝土造,1091225,129.82,2,1,1,有,有,7300000,58759,坡道平面,29.41,1400000,含裝潢費20000元；預售屋、或土地及建物分件登記案件；,RPWOMLOJNHGGFBJ68DA,62.59,0.0,5.36,有,
竹北市,房地(土地+建物),新興路１８１巷６３弄１７號,94.14,,特定農業區,甲種建築用地,1090625,土地4建物1車位0,全,四層,透天厝,住家用,鋼筋混凝土造,1100331,144.26,4,2,4,有,無,11820000,81935,,0.0,0,,RPSOMLQJOHGGFBJ58DA,129.84,0.0,14.42,無,
竹北市,房地(土地+建物),新興路１８１巷６３弄２１號,92.14,,特定農業區,甲種建築用地,1090627,土地4建物1車位0,全,四層,透天厝,住家用,鋼筋混凝土造,1100331,148.98,4,2,4,有,無,11380000,76386,,0.0,0,,RPVOMLQJOHGGFBJ88DA,138.27,0.0,10.71,無,
竹北市,房地(土地+建物),新興路１８１巷６３弄２２號,102.14,,特定農業區,甲種建築用地,1090603,土地4建物1車位0,全,四層,透天厝,住家用,鋼筋混凝土造,1100331,153.22,4,2,4,有,無,11760000,76752,,0.0,0,,RPWOMLQJOHGGFBJ98DA,139.33,0.0,13.89,無,
竹北市,房地(土地+建物),新興路１８１巷６３弄２６號,93.14,,特定農業區,甲種建築用地,1090625,土地4建物1車位0,全,四層,透天厝,住家用,鋼筋混凝土造,1100331,144.54,4,2,4,有,無,11500000,79563,,0.0,0,,RPXOMLQJOHGGFBJ09DA,130.65,0.0,13.89,無,
湖口鄉,房地(土地+建物),中正二路１號,82.51,都市：其他:住(一),,,1090612,土地2建物1車位0,全,三層,透天厝,住家用,鋼筋混凝土造,1100121,168.29,4,2,4,有,無,12500000,74277,,0.0,0,,RPTNMLLLOHGGFDJ48DA,154.22,0.0,14.07,無,
湖口鄉,房地(土地+建物)+車位,新竹縣湖口鄉明德街８３號十二樓之２,26.1,住,,,1090612,土地1建物1車位1,十二層,十四層,住宅大樓(11層含以上有電梯),住家用,鋼筋混凝土造,1091014,154.61,3,2,2,有,有,6700000,47776,坡道平面,33.21,900000,,RPOOMLPLOHGGFDJ48DA,73.24,2.36,8.2,有,
新豐鄉,房地(土地+建物)+車位,新竹縣新豐鄉中崙２８７之３號二樓之２,37.8,,特定農業區,甲種建築用地,1090612,土地1建物1車位1,二層,五層,華廈(10層含以下有電梯),住家用,鋼筋混凝土造,1100203,126.53,3,2,2,有,有,5500000,43468,一樓平面,0.0,0,預售屋、或土地及建物分件登記案件；,RPVPMLTJOHGGFDJ86DA,79.69,0.0,9.09,有,
竹北市,房地(土地+建物)+車位,新竹縣竹北市高鐵五路１００號十三樓之五,22.05,住,,,1090624,土地1建物1車位1,十三層,十五層,住宅大樓(11層含以上有電梯),住家用,鋼筋混凝土造,1100601,119.3,2,2,1,有,有,8960000,87296,坡道平面,30.98,1250000,預售屋、或土地及建物分件登記案件；,RPWRMLPLOHGGFBJ76DA,55.29,0.0,4.04,有,
竹北市,房地(土地+建物)+車位,新竹縣竹北市高鐵五路１００號十四樓之五,22.05,住,,,1090614,土地1建物1車位1,十四層,十五層,住宅大樓(11層含以上有電梯),住家用,鋼筋混凝土造,1100601,119.3,2,2,1,有,有,8750000,84918,坡道平面,30.98,1250000,預售屋、或土地及建物分件登記案件；,RPXRMLPLOHGGFBJ86DA,55.29,0.0,4.04,有,
竹北市,房地(土地+建物)+車位,新竹縣竹北市復興二路２５７號十一樓之三,8.27,商,,,1090629,土地1建物1車位1,十一層,二十四層,住宅大樓(11層含以上有電梯),住家用,鋼筋混凝土造,1091226,103.72,1,1,1,有,有,9000000,103857,坡道平面,30.35,1380000,預售屋、或土地及建物分件登記案件；,RPOPNLLKOHGGFBJ97DA,38.59,5.21,3.77,有,
湖口鄉,房地(土地+建物),新竹縣湖口鄉中正二路３號,82.51,住,,,1090613,土地2建物1車位0,全,三層,透天厝,住家用,鋼筋混凝土造,1100121,168.29,4,2,4,有,無,12500000,74277,,0.0,0,,RPTNMLLJPHGGFDJ38DA,154.22,0.0,14.07,無,
竹北市,房地(土地+建物)+車位,新竹縣竹北市高鐵五路１００號四樓之三,33.07,住,,,1090620,土地1建物1車位1,四層,十五層,住宅大樓(11層含以上有電梯),住家用,鋼筋混凝土造,1100601,163.01999999999998,3,2,2,有,有,11980000,82021,坡道平面,30.98,1150000,預售屋權利轉售權利買賣契約成立於109年10月17日成交價格新台幣1300萬元預售屋、或土地及建物分件登記案件；,RPWOMLOKPHGGFBJ98DA,79.72,0.0,8.99,有,
竹北市,房地(土地+建物)+車位,新竹縣竹北市高鐵五路１００號五樓之三,33.07,住,,,1090606,土地1建物1車位1,五層,十五層,住宅大樓(11層含以上有電梯),住家用,鋼筋混凝土造,1100601,163.01999999999998,3,2,2,有,有,12470000,83838,坡道平面,30.98,1400000,,RPORMLTJPHGGFBJ88DA,79.72,0.0,8.99,有,
竹北市,房地(土地+建物)+車位,新竹縣竹北市高鐵五路１００號十樓之一,33.07,住,,,1090614,土地1建物1車位1,十層,十五層,住宅大樓(11層含以上有電梯),住家用,鋼筋混凝土造,1100601,162.92000000000002,3,2,2,有,有,11890000,79506,坡道平面,30.98,1400000,預售屋、或土地及建物分件登記案件；,RPWPMLKMOHGGFBJ78DA,79.67,0.0,8.99,有,
竹北市,房地(土地+建物)+車位,新竹縣竹北市中山六街６６號,82.43,,鄉村區,乙種建築用地,1090617,土地3建物1車位2,全,四層,透天厝,住家用,鋼筋混凝土造,1100524,210.86,4,2,4,有,無,15680000,74362,一樓平面,0.0,0,預售屋、或土地及建物分件登記案件；,RPSNMLKMOHGGFBJ18DA,195.87,0.0,14.99,無,
芎林鄉,房地(土地+建物),新竹縣芎林鄉文富街１２巷２號,75.36,住,,,1090615,土地3建物1車位0,全,四層,透天厝,住家用,鋼筋混凝土造,1091207,204.72,5,3,6,有,無,14000000,68386,,0.0,0,陽台外推；,RPPNMLKLPHGGFCJ97DA,180.85,0.0,23.87,有,
竹北市,房地(土地+建物)+車位,新竹縣竹北市高鐵五路１００號十五樓之三,32.66,住,,,1090607,土地1建物1車位1,十五層,十五層,住宅大樓(11層含以上有電梯),住家用,鋼筋混凝土造,1100601,162.14,3,2,2,有,有,13500000,92254,坡道平面,30.98,1400000,預售屋權利轉售權利買賣契約成立於109年11月29日成交價格新台幣1465萬元,RPQPMLOKPHGGFBJ48DA,80.11,0.0,8.01,有,
竹北市,房地(土地+建物)+車位,新竹縣竹北市縣政二路南段７７號,56.55,住,,,1090617,土地1建物1車位2,一層，見其他登記事項,二十層,店面(店鋪),商業用,鋼筋混凝土造,1100520,315.63,0,0,0,無,有,46360000,163281,坡道平面,51.3,3200000,土地買賣價款2158萬建物買賣價款2158萬車位買賣價款320萬預售屋、或土地及建物分件登記案件；,RPSNMLKKPHGGFBJ08DA,175.04,0.0,28.4,有,
竹北市,房地(土地+建物)+車位,新竹縣竹北市嘉德街１２８號二樓,47.25,住,,,1090627,土地1建物1車位2,二層,二十層,住宅大樓(11層含以上有電梯),住家用,鋼筋混凝土造,1100520,300.68,4,2,2,有,有,28620000,102735,坡道平面,51.3,3000000,土地買賣價款1281萬建物買賣價款1281萬車位買賣價款300萬預售屋、或土地及建物分件登記案件；,RPUNMLKKPHGGFBJ28DA,153.06,0.0,16.94,有,
湖口鄉,房地(土地+建物),新竹縣湖口鄉嘉興路一段８９巷１３號,88.59,,特定農業區,甲種建築用地,1090628,土地1建物1車位0,全,三層,透天厝,住家用,鋼筋混凝土造,1100507,120.15,4,1,3,有,有,7300000,60757,,0.0,0,預售屋、或土地及建物分件登記案件；,RPVOMLKKOHGGFDJ58DA,115.83,0.0,4.32,無,
湖口鄉,房地(土地+建物),新竹縣湖口鄉嘉興路一段８９巷２７號,85.88,,特定農業區,甲種建築用地,1090625,土地1建物1車位0,全,三層,透天厝,住家用,鋼筋混凝土造,1100507,120.15,4,1,3,有,有,8350000,69496,,0.0,0,預售屋、或土地及建物分件登記案件；,RPTNMLQKOHGGFDJ88DA,115.83,0.0,4.32,無,
竹北市,房地(土地+建物)+車位,新竹縣竹北市日興一街３０號八樓,17.58,住,,,1090630,土地1建物1車位1,八層,十四層,住宅大樓(11層含以上有電梯),住家用,鋼筋混凝土造,1100603,120.38999999999999,2,2,1,有,有,9150000,91940,坡道平面,36.64,1450000,實際成交未執行裝潢＄75萬元，自房地總價中扣除。含裝潢費750000元；預售屋、或土地及建物分件登記案件；,RPWOMLRJPHGGFBJ56DA,48.31,4.78,3.03,有,
竹北市,房地(土地+建物)+車位,新竹縣竹北市日興一街１０號二樓,22.47,住,,,1090607,土地1建物1車位1,二層,十四層,住宅大樓(11層含以上有電梯),住家用,鋼筋混凝土造,1100603,153.72,3,2,2,有,有,12550000,92245,坡道平面,36.64,1750000,實際成交未執行裝潢＄105萬元，自房地總價中扣除。含裝潢費1050000元；預售屋、或土地及建物分件登記案件；,RPVNMLMLOHGGFBJ58DA,71.61,3.59,3.22,有,
竹北市,房地(土地+建物)+車位,新竹縣竹北市日興一街１０號十三樓,22.45,住,,,1090610,土地1建物1車位1,十三層,十四層,住宅大樓(11層含以上有電梯),住家用,鋼筋混凝土造,1100603,153.55,3,2,2,有,有,12730000,95201,坡道平面,36.64,1600000,實際成交未執行裝潢＄105萬元，自房地總價中扣除。含裝潢費1050000元；預售屋、或土地及建物分件登記案件；,RPRUMLMLOHGGFBJ88DA,70.25,3.59,4.5,有,
竹北市,房地(土地+建物)+車位,新竹縣竹北市新瀧五街９號十一樓之三,25.96,住,,,1090610,土地1建物1車位1,十一層,十五層,住宅大樓(11層含以上有電梯),住家用,鋼筋混凝土造,1100617,171.73000000000002,3,2,2,有,有,9650000,60877,坡道平面,35.39,1350000,109.09.26預售屋權利轉售，權利買賣契約成交價格新台幣1080萬元。預售屋、或土地及建物分件登記案件；,RPVRMLOKPHGGFBJ56DA,84.58,0.0,8.22,有,
竹北市,房地(土地+建物)+車位,新竹縣竹北市新瀧五街７號十二樓之一,25.29,住,,,1090603,土地1建物1車位1,十二層,十五層,住宅大樓(11層含以上有電梯),住家用,鋼筋混凝土造,1100617,168.2,3,2,2,有,有,9450000,60989,坡道平面,35.39,1350000,預售屋、或土地及建物分件登記案件；,RPTOMLPLMHGGFBJ58DA,81.1,0.0,9.33,有,
竹北市,房地(土地+建物)+車位,新竹縣竹北市新瀧五街７號十二樓之三,24.6,住,,,1090623,土地1建物1車位1,十二層,十五層,住宅大樓(11層含以上有電梯),住家用,鋼筋混凝土造,1100617,164.54,3,2,2,有,有,9500000,61556,坡道平面,35.39,1550000,預售屋、或土地及建物分件登記案件；,RPSQMLTLMHGGFBJ09DA,78.61,0.0,9.33,有,
竹北市,房地(土地+建物)+車位,新竹縣竹北市新瀧五街７號十三樓之三,24.6,住,,,1090623,土地1建物1車位1,十三層,十五層,住宅大樓(11層含以上有電梯),住家用,鋼筋混凝土造,1100617,163.38,3,2,2,有,有,9380000,62563,坡道平面,34.23,1300000,預售屋、或土地及建物分件登記案件；,RPTQMLTLMHGGFBJ56DA,78.61,0.0,9.33,有,
湖口鄉,房地(土地+建物)+車位,新竹縣湖口鄉明德街８５號十四樓之２,28.2,住,,,1090609,土地1建物1車位1,十四層,十四層,住宅大樓(11層含以上有電梯),住家用,鋼筋混凝土造,1091014,157.01999999999998,3,2,2,有,有,7000000,49269,坡道平面,33.21,900000,,RPQOMLRLPHGGFDJ98DA,79.28,2.81,8.07,有,
新埔鎮,房地(土地+建物),新竹縣新埔鎮文山六街４２號,76.26,,鄉村區,乙種建築用地,1090606,土地2建物1車位0,全,四層,透天厝,住家用,鋼筋混凝土造,1100701,211.52,6,2,4,有,有,15200000,71861,,0.0,0,,RPSNMLPJQHGGFBJ68EA,194.18,0.0,17.34,無,
湖口鄉,房地(土地+建物),新竹縣湖口鄉維東三路１１號,76.01,,鄉村區,乙種建築用地,1090616,土地1建物1車位0,全,四層,透天厝,住家用,鋼筋混凝土造,1100115,156.43,4,2,4,有,無,8300000,53059,,0.0,0,,RPRNMLSJOHGGFDJ78DA,156.43,0.0,0.0,無,
新埔鎮,房地(土地+建物),新竹縣新埔鎮文山六街４６巷３號,70.5,,鄉村區,乙種建築用地,1090604,土地2建物1車位0,全,四層,透天厝,住家用,鋼筋混凝土造,1100701,189.61,5,2,4,有,有,13400000,70671,,0.0,0,,RPWOMLTLPHGGFBJ96DA,186.22,0.0,3.39,無,
新埔鎮,房地(土地+建物),新竹縣新埔鎮文山六街４６巷１號,70.55,,鄉村區,乙種建築用地,1090606,土地2建物1車位0,全,四層,透天厝,住家用,鋼筋混凝土造,1100701,188.58,5,2,4,有,有,13060000,69254,,0.0,0,,RPXOMLTLPHGGFBJ07DA,185.2,0.0,3.38,無,
新埔鎮,房地(土地+建物),新竹縣新埔鎮文山六街４０號,76.25,,鄉村區,乙種建築用地,1090602,土地2建物1車位0,全,四層,透天厝,住家用,鋼筋混凝土造,1100701,212.24,5,2,4,有,有,15200000,71617,,0.0,0,,RPTPMLKMPHGGFBJ58DA,194.9,0.0,17.34,無,
竹北市,房地(土地+建物)+車位,新竹縣竹北市新瀧五街７號十四樓之一　,25.29,住,,,1090603,土地1建物1車位1,十四層,十五層,住宅大樓(11層含以上有電梯),住家用,鋼筋混凝土造,1100617,168.2,3,2,2,有,有,9460000,61065,坡道平面,35.39,1350000,預售屋、或土地及建物分件登記案件；,RPVOMLPLMHGGFBJ78DA,81.1,0.0,9.33,有,
竹北市,房地(土地+建物)+車位,新竹縣竹北市新瀧五街５號十四樓之一,25.96,住,,,1090623,土地1建物1車位1,十四層,十五層,住宅大樓(11層含以上有電梯),住家用,鋼筋混凝土造,1100617,171.73000000000002,3,2,2,有,有,10030000,63664,坡道平面,35.39,1350000,預售屋、或土地及建物分件登記案件；,RPVQMLOLMHGGFBJ88DA,84.58,0.0,8.22,有,
竹北市,房地(土地+建物)+車位,新竹縣竹北市新瀧五街５號十樓之一,25.96,住,,,1090603,土地1建物1車位1,十層,十五層,住宅大樓(11層含以上有電梯),住家用,鋼筋混凝土造,1100617,171.73000000000002,3,2,2,有,有,10000000,61977,坡道平面,35.39,1550000,預售屋、或土地及建物分件登記案件；,RPQQMLOLMHGGFBJ38DA,84.58,0.0,8.22,有,
竹北市,房地(土地+建物)+車位,新竹縣竹北市新瀧五街９號七樓之二,17.01,住,,,1090623,土地1建物1車位1,七層,十五層,住宅大樓(11層含以上有電梯),住家用,鋼筋混凝土造,1100617,124.72999999999999,2,2,1,有,有,6480000,56861,坡道平面,35.39,1400000,109.11.30預售屋權利轉售，權利買賣契約成交價格新台幣780萬元。預售屋、或土地及建物分件登記案件；,RPSRMLOKPHGGFBJ88DA,54.93,0.0,5.9,有,
新埔鎮,房地(土地+建物),新竹縣新埔鎮文山六街４６巷６號,70.47,,鄉村區,乙種建築用地,1090602,土地2建物1車位0,全,四層,透天厝,住家用,鋼筋混凝土造,1100701,189.61,5,2,4,有,有,13000000,68562,,0.0,0,,RPVOMLTLPHGGFBJ86DA,186.22,0.0,3.39,無,
關西鎮,土地,大旱坑段小北坑小段66地號,504.0,,山坡地保育區,丙種建築用地,1090604,土地1建物0車位0,,,其他,,,,0.0,0,0,0,有,無,1981980,3933,,0.0,0,,RPWPMLRLPHPFFBJ77EA,0.0,0.0,0.0,無,
湖口鄉,房地(土地+建物),新竹縣湖口鄉北窩路１８１巷３１號,561.61,,一般農業區,農牧用地,1090612,土地7建物1車位0,全,三層,透天厝,農業用,鋼骨混凝土造,,149.87,6,3,2,有,無,2275000,15180,,0.0,0,,RPQNMLPJPHGGFDJ58EA,136.28,6.79,6.79,無,1253
新埔鎮,房地(土地+建物),新竹縣新埔鎮福祿八街２９巷１號,70.91,,鄉村區,乙種建築用地,1090605,土地3建物1車位0,全,四層,透天厝,住家用,鋼筋混凝土造,1100517,189.33,3,2,4,有,無,12620000,66656,,0.0,0,預售屋、或土地及建物分件登記案件；,RPOPMLMKQHGGFBJ18DA,189.33,0.0,0.0,無,
竹北市,房地(土地+建物)+車位,新竹縣竹北市新瀧五街９號十二樓之三,25.96,住,,,1090617,土地1建物1車位1,十二層,十五層,住宅大樓(11層含以上有電梯),住家用,鋼筋混凝土造,1100617,171.73000000000002,3,2,2,有,有,9850000,62344,坡道平面,35.39,1350000,109.09.04預售屋權利轉售，權利買賣契約成交價格新台幣1073萬元。預售屋、或土地及建物分件登記案件；,RPWRMLOKPHGGFBJ66DA,84.58,0.0,8.22,有,
竹北市,房地(土地+建物),新竹縣竹北市水瀧二街２５１巷５弄６號,69.54,,鄉村區,乙種建築用地,1090619,土地3建物1車位0,全,四層,透天厝,住家用,鋼筋混凝土造,1100608,202.75,5,2,4,有,有,13880000,68459,,0.0,0,預售屋、或土地及建物分件登記案件；,RPOPMLLJQHGGFBJ97DA,191.05,0.0,11.7,無,
竹北市,房地(土地+建物)+車位,新竹縣竹北市新瀧五街５號十三樓之一,25.96,住,,,1090617,土地1建物1車位1,十三層,十五層,住宅大樓(11層含以上有電梯),住家用,鋼筋混凝土造,1100617,171.73000000000002,3,2,2,有,有,10100000,63444,坡道平面,35.39,1450000,預售屋、或土地及建物分件登記案件；,RPWQMLOLMHGGFBJ98DA,84.58,0.0,8.22,有,
竹北市,房地(土地+建物)+車位,新竹縣竹北市新瀧五街５號四樓之三,25.56,住,,,1090610,土地1建物1車位1,四層,十五層,住宅大樓(11層含以上有電梯),住家用,鋼筋混凝土造,1100617,169.57999999999998,3,2,2,有,有,9120000,57903,坡道平面,35.39,1350000,預售屋、或土地及建物分件登記案件；,RPUSMLOLMHGGFBJ98DA,81.93,0.0,9.4,有,
竹北市,房地(土地+建物)+車位,新竹縣竹北市新瀧五街９號九樓之二,17.01,住,,,1090617,土地1建物1車位1,九層,十五層,住宅大樓(11層含以上有電梯),住家用,鋼筋混凝土造,1100617,124.72999999999999,2,2,1,有,有,6590000,58093,坡道平面,35.39,1400000,預售屋、或土地及建物分件登記案件；,RPUOMLNJNHGGFBJ38DA,54.93,0.0,5.9,有,
新埔鎮,房地(土地+建物),新竹縣新埔鎮文山六街５０號,76.21,,鄉村區,乙種建築用地,1090608,土地2建物1車位0,全,四層,透天厝,住家用,鋼筋混凝土造,1100701,213.48,6,2,4,有,有,15200000,71201,,0.0,0,,RPQOMLTLPHGGFBJ98DA,196.04,0.0,17.44,無,
新埔鎮,房地(土地+建物),新竹縣新埔鎮文山六街４６巷２號,70.53,,鄉村區,乙種建築用地,1090611,土地2建物1車位0,全,四層,透天厝,住家用,鋼筋混凝土造,1100701,188.58,5,2,4,有,有,13300000,70527,,0.0,0,,RPTOMLTLPHGGFBJ66DA,185.2,0.0,3.38,無,
新埔鎮,房地(土地+建物),新竹縣新埔鎮福祿八街２９巷９號,72.12,,鄉村區,乙種建築用地,1090617,土地3建物1車位0,全,四層,透天厝,住家用,鋼筋混凝土造,1100517,189.71,3,2,4,有,無,11900000,62727,,0.0,0,,RPPPMLKLQHGGFBJ18DA,189.71,0.0,0.0,無,
新豐鄉,房地(土地+建物)+車位,新竹縣新豐鄉員山１３１之１２７號六樓,25.45,,山坡地保育區,丙種建築用地,1090613,土地3建物1車位1,六層,七層,華廈(10層含以下有電梯),住家用,鋼筋混凝土造,1100401,94.94999999999999,2,2,1,有,無,3980000,43354,坡道平面,28.52,1100000,預售屋、或土地及建物分件登記案件；,RPUNMLLJPHGGFDJ48DA,41.0,0.0,3.65,有,
新豐鄉,房地(土地+建物)+車位,新竹縣新豐鄉建興路二段６８８號十一樓,29.75,住,,,1090615,土地1建物1車位1,十一層,十二層,住宅大樓(11層含以上有電梯),住家用,鋼筋混凝土造,1100623,133.53,3,2,2,有,有,7300000,57817,坡道平面,25.43,1050000,,RPOOMLTJQHGGFDJ88DA,73.67,0.0,7.38,有,
新豐鄉,房地(土地+建物)+車位,新竹縣新豐鄉建興路二段６９０號十一樓,29.99,住,,,1090610,土地1建物1車位1,十一層,十二層,住宅大樓(11層含以上有電梯),住家用,鋼筋混凝土造,1100623,134.69,3,2,2,有,有,7200000,56892,坡道平面,26.59,1050000,,RPWOMLQJQHGGFDJ76DA,73.67,0.0,7.38,有,
新豐鄉,房地(土地+建物)+車位,新竹縣新豐鄉員山１３１之１３８號六樓,33.7,,山坡地保育區,丙種建築用地,1090605,土地3建物1車位1,六層,七層,華廈(10層含以下有電梯),住家用,鋼筋混凝土造,1100401,139.92000000000002,3,2,2,有,無,6300000,45781,坡道平面,28.52,1200000,預售屋、或土地及建物分件登記案件；,RPOSMLSJPHGGFDJ09DA,69.53,0.0,5.3,有,
新豐鄉,房地(土地+建物)+車位,新竹縣新豐鄉員山１３１之１３９號四樓,25.17,,山坡地保育區,丙種建築用地,1090624,土地3建物1車位1,四層,七層,華廈(10層含以下有電梯),住家用,鋼筋混凝土造,1100401,92.65,2,2,1,有,無,3880000,41842,坡道平面,26.21,1100000,預售屋、或土地及建物分件登記案件；,RPRSMLSJPHGGFDJ76DA,41.0,0.0,3.65,有,
竹北市,房地(土地+建物)+車位,新竹縣竹北市日興一街１０號十四樓,22.45,住,,,1090628,土地1建物1車位1,十四層,十四層,住宅大樓(11層含以上有電梯),住家用,鋼筋混凝土造,1100603,153.55,3,2,2,有,有,12650000,94517,坡道平面,36.64,1600000,實際成交未執行裝潢＄105萬元，自房地總價中扣除。含裝潢費1050000元；預售屋、或土地及建物分件登記案件；,RPUUMLMLOHGGFBJ56DA,70.25,3.59,4.5,有,
竹北市,房地(土地+建物)+車位,新竹縣竹北市日興一街１０號四樓,27.79,住,,,1090613,土地1建物1車位2,四層,十四層,住宅大樓(11層含以上有電梯),住家用,鋼筋混凝土造,1100603,190.19,3,2,2,有,有,12300000,84253,坡道平面,73.28,2450000,預售屋、或土地及建物分件登記案件；,RPVPMLNLOHGGFBJ88DA,70.25,3.59,4.5,有,
新豐鄉,房地(土地+建物)+車位,新竹縣新豐鄉建興路二段６９０之１號五樓,24.67,住,,,1090609,土地1建物1車位1,五層,十二層,住宅大樓(11層含以上有電梯),住家用,鋼筋混凝土造,1100623,110.50999999999999,2,2,2,有,有,5450000,52431,坡道平面,26.59,1050000,,RPSOMLTJQHGGFDJ66DA,56.24,0.0,6.41,有,
新豐鄉,房地(土地+建物)+車位,新竹縣新豐鄉建興路二段６９０之１號六樓,24.67,住,,,1090601,土地1建物1車位1,六層,十二層,住宅大樓(11層含以上有電梯),住家用,鋼筋混凝土造,1100623,110.50999999999999,2,2,2,有,有,5450000,52431,坡道平面,26.59,1050000,,RPTOMLTJQHGGFDJ76DA,56.24,0.0,6.41,有,
新豐鄉,房地(土地+建物)+車位,新竹縣新豐鄉建興路二段６８８之１號九樓,23.7,住,,,1090606,土地1建物1車位1,九層,十二層,住宅大樓(11層含以上有電梯),住家用,鋼筋混凝土造,1100623,106.02,2,2,1,有,有,5500000,54765,一樓平面,26.59,1150000,,RPQQMLTJQHGGFDJ66DA,53.14,0.0,6.41,有,
竹北市,房地(土地+建物)+車位,新竹縣竹北市新瀧五街５號十二樓之一　,25.96,住,,,1090610,土地1建物1車位1,十二層,十五層,住宅大樓(11層含以上有電梯),住家用,鋼筋混凝土造,1100617,171.73000000000002,3,2,2,有,有,9880000,62564,坡道平面,35.39,1350000,預售屋、或土地及建物分件登記案件；,RPSQMLOLMHGGFBJ58DA,84.58,0.0,8.22,有,
芎林鄉,房地(土地+建物),新竹縣芎林鄉福昌街５６５巷１２弄５號,69.84,,特定農業區,甲種建築用地,1090607,土地2建物1車位0,全,四層,透天厝,住家用,鋼筋混凝土造,1100503,172.11,4,2,3,有,無,10600000,61589,,0.0,0,,RPSNMLMJRHGGFCJ58EA,154.71,0.0,17.4,無,
芎林鄉,房地(土地+建物),新竹縣芎林鄉福昌街５６５巷１２弄１１號,70.16,,特定農業區,甲種建築用地,1090606,土地2建物1車位0,全,四層,透天厝,住家用,鋼筋混凝土造,1100503,177.16,5,2,4,有,無,12000000,67735,,0.0,0,,RPTNMLMJRHGGFCJ68EA,159.41,0.0,17.75,無,
竹北市,房地(土地+建物)+車位,新竹縣竹北市中山六街３０號,126.29,,鄉村區,乙種建築用地,1090601,土地3建物1車位2,全,四層,透天厝,住家用,鋼筋混凝土造,1100524,222.7,4,2,4,有,無,16750000,75213,一樓平面,0.0,0,預售屋、或土地及建物分件登記案件；,RPWOMLKMOHGGFBJ68DA,210.29,0.0,12.41,無,
竹北市,房地(土地+建物)+車位,興隆路一段４６７號十一樓之一,35.79,住,,,1090525,土地1建物1車位2,十一層,十八層,住宅大樓(11層含以上有電梯),住家用,鋼筋混凝土造,1100209,254.07999999999998,3,2,2,有,有,21200000,93573,坡道平面,59.58,3000000,預售屋、或土地及建物分件登記案件；,RPTPMLTLMHGGFBJ09DA,111.85,3.15,8.99,有,
竹北市,房地(土地+建物),自強北路４２０號等樓,196.21,,山坡地保育區,丙種建築用地,1090518,土地2建物6車位0,全,四層,透天厝,辦公用,鋼筋混凝土造,1071002,571.22,6,7,8,有,無,64500000,112916,,0.0,0,陽台外推；夾層；其他增建；,RPRQMLLLOHGGFBJ48EA,397.18,0.0,26.28,有,1254
竹北市,房地(土地+建物),自強北路４２０號等樓,62.64,,山坡地保育區,丙種建築用地,1090518,土地2建物6車位0,全,四層,透天厝,辦公用,鋼筋混凝土造,1071002,571.22,0,0,0,無,無,17000000,29761,,0.0,0,夾層；,SPRQMLLLOHGGFBJ58EA,397.18,0.0,26.28,有,1254
新豐鄉,房地(土地+建物)+車位,中崙２８７之３號四樓之２,37.8,,特定農業區,甲種建築用地,1090517,土地1建物1車位1,四層,五層,華廈(10層含以下有電梯),住家用,鋼筋混凝土造,1100203,127.53999999999999,3,2,2,有,有,5600000,43908,一樓平面,0.0,0,預售屋、或土地及建物分件登記案件；,RPRNMLLKOHGGFDJ18DA,79.69,0.0,9.09,有,
湖口鄉,房地(土地+建物),中正二路１１號,82.52,都市：其他:住(一),,,1090509,土地2建物1車位0,全,三層,透天厝,住家用,鋼筋混凝土造,1100121,168.29,4,2,4,有,無,12500000,74277,,0.0,0,,RPSNMLLLOHGGFDJ38DA,154.22,0.0,14.07,無,
湖口鄉,土地,和興段1615地號,773.0,,特定農業區,甲種建築用地,1090518,土地1建物0車位0,,,其他,,,,0.0,0,0,0,有,無,18940000,24502,,0.0,0,,RPSOMLLLOHGGFDJ48DA,0.0,0.0,0.0,無,1256
湖口鄉,土地,和興段1615地號,773.0,,特定農業區,甲種建築用地,1090518,土地1建物0車位0,,,其他,,,,0.0,0,0,0,有,無,14265000,18454,,0.0,0,,RPWOMLLJOHGGFDJ68DA,0.0,0.0,0.0,無,1256
新豐鄉,房地(土地+建物)+車位,新竹縣新豐鄉中崙２８７之３號三樓之２,37.8,,特定農業區,甲種建築用地,1090523,土地1建物1車位1,三層,五層,華廈(10層含以下有電梯),住家用,鋼筋混凝土造,1100203,127.53999999999999,3,2,2,有,有,5650000,44300,一樓平面,0.0,0,預售屋、或土地及建物分件登記案件；,RPWPMLTJOHGGFDJ96DA,79.69,0.0,9.09,有,
竹北市,房地(土地+建物)+車位,新竹縣竹北市高鐵五路１００號十三樓之二,33.07,住,,,1090530,土地1建物1車位1,十三層,十五層,住宅大樓(11層含以上有電梯),住家用,鋼筋混凝土造,1100601,163.05,3,2,2,有,有,12430000,83516,坡道平面,30.98,1400000,預售屋、或土地及建物分件登記案件；,RPXSMLPLOHGGFBJ96DA,79.74,0.0,8.99,有,
竹北市,房地(土地+建物)+車位,新竹縣竹北市高鐵五路１００號九樓之一,33.07,住,,,1090517,土地1建物1車位1,九層,十五層,住宅大樓(11層含以上有電梯),住家用,鋼筋混凝土造,1100601,162.92000000000002,3,2,2,有,有,11580000,79051,坡道平面,30.98,1150000,預售屋、或土地及建物分件登記案件；,RPRQMLPLOHGGFBJ78DA,79.67,0.0,8.99,有,
竹北市,房地(土地+建物)+車位,新竹縣竹北市高鐵五路１００號三樓之六,32.86,住,,,1090517,土地1建物1車位1,三層,十五層,住宅大樓(11層含以上有電梯),住家用,鋼筋混凝土造,1100601,162.8,3,2,2,有,有,11560000,78971,坡道平面,30.98,1150000,預售屋、或土地及建物分件登記案件；,RPVQMLPLOHGGFBJ56DA,79.53,0.0,8.99,有,
竹北市,房地(土地+建物)+車位,新竹縣竹北市高鐵五路１００號十二樓之五,22.26,住,,,1090503,土地1建物1車位2,十二層,十五層,住宅大樓(11層含以上有電梯),住家用,鋼筋混凝土造,1100601,150.28,2,2,1,有,有,10380000,86957,坡道平面,61.96,2700000,預售屋、或土地及建物分件登記案件；,RPVRMLPLOHGGFBJ66DA,55.29,0.0,4.04,有,
竹北市,房地(土地+建物)+車位,新竹縣竹北市復興二路２５７號九樓之一,8.27,商,,,1090504,土地1建物1車位1,九層,二十四層,住宅大樓(11層含以上有電梯),住家用,鋼筋混凝土造,1091226,103.72,1,1,1,有,有,9240000,107128,坡道平面,30.35,1380000,預售屋、或土地及建物分件登記案件；,RPVPNLLKOHGGFBJ68DA,38.59,5.21,3.77,有,
新豐鄉,房地(土地+建物),新竹縣新豐鄉員山１３１之１００號,82.47,,山坡地保育區,丙種建築用地,1090524,土地3建物1車位0,全,三層,透天厝,住家用,鋼筋混凝土造,1100129,159.04,3,2,3,有,無,8380000,52691,,0.0,0,預售屋、或土地及建物分件登記案件；,RPWSMLQKMHGGFDJ86DA,143.74,0.0,15.3,無,
竹北市,房地(土地+建物)+車位,新竹縣竹北市高鐵五路１００號十四樓之一,33.07,住,,,1090503,土地1建物1車位1,十四層,十五層,住宅大樓(11層含以上有電梯),住家用,鋼筋混凝土造,1100601,162.92000000000002,3,2,2,有,有,11850000,80340,坡道平面,30.98,1250000,預售屋權利轉售權利買賣契約成立於109年12月12日成交價格新台幣1320萬元預售屋、或土地及建物分件登記案件；,RPXPMLOKPHGGFBJ56DA,79.67,0.0,8.99,有,
竹北市,房地(土地+建物)+車位,新竹縣竹北市高鐵五路１００號八樓之六,32.86,住,,,1090510,土地1建物1車位1,八層,十五層,住宅大樓(11層含以上有電梯),住家用,鋼筋混凝土造,1100601,162.76,3,2,2,有,有,12020000,81727,坡道平面,30.98,1250000,預售屋權利轉售權利買賣契約成立於109年10月10日成交價格新台幣1280萬元預售屋、或土地及建物分件登記案件；,RPOQMLOKPHGGFBJ38DA,79.53,0.0,8.99,有,
竹北市,房地(土地+建物)+車位,新竹縣竹北市高鐵五路１００號十一樓之二,33.07,住,,,1090524,土地1建物1車位1,十一層,十五層,住宅大樓(11層含以上有電梯),住家用,鋼筋混凝土造,1100601,163.05,3,2,2,有,有,12270000,82305,坡道平面,30.98,1400000,預售屋、或土地及建物分件登記案件；,RPWSMLPLOHGGFBJ86DA,79.74,0.0,8.99,有,
竹北市,房地(土地+建物)+車位,新竹縣竹北市高鐵五路１００號十樓之六,32.86,住,,,1090512,土地1建物1車位1,十層,十五層,住宅大樓(11層含以上有電梯),住家用,鋼筋混凝土造,1100601,162.76,3,2,2,有,有,11600000,78692,坡道平面,30.98,1230000,預售屋權利轉售權利買賣契約成立於109年10月13日成交價格新台幣1320萬元,RPPQMLOKPHGGFBJ48DA,79.53,0.0,8.99,有,
竹北市,房地(土地+建物)+車位,新竹縣竹北市高鐵五路１００號三樓之三,33.07,住,,,1090530,土地1建物1車位1,三層,十五層,住宅大樓(11層含以上有電梯),住家用,鋼筋混凝土造,1100601,163.01999999999998,3,2,2,有,有,12280000,82399,坡道平面,30.98,1400000,預售屋、或土地及建物分件登記案件；,RPUQMLOLOHGGFBJ98DA,79.72,0.0,8.99,有,
竹北市,房地(土地+建物)+車位,新竹縣竹北市嘉德街１２０號二十樓,50.41,住,,,1090516,土地1建物1車位3,二十層,二十層,住宅大樓(11層含以上有電梯),住家用,鋼筋混凝土造,1100520,343.1,4,2,3,有,有,32500000,105955,坡道平面,76.95,4300000,土地買賣價款1410萬建物買賣價款1410萬車位買賣價款430萬預售屋、或土地及建物分件登記案件；,RPWRMLMKPHGGFBJ09DA,164.45,0.0,16.94,有,
竹北市,房地(土地+建物),新竹縣竹北市水瀧三街１３０號,71.7,,鄉村區,乙種建築用地,1090529,土地1建物1車位0,全,四層,透天厝,住家用,鋼筋混凝土造,1100120,171.61,4,2,4,有,無,16500000,96148,,0.0,0,土地價金：990萬元整；建物價金：660萬元整。,RPWNMLMLPHGGFBJ78DA,157.21,0.0,14.4,無,
湖口鄉,房地(土地+建物),新竹縣湖口鄉嘉興路一段８９巷７號,89.72,,特定農業區,甲種建築用地,1090515,土地1建物1車位0,全,三層,透天厝,住家用,鋼筋混凝土造,1100507,120.15,4,1,3,有,有,8250000,68664,,0.0,0,預售屋、或土地及建物分件登記案件；,RPSOMLKKOHGGFDJ28DA,115.83,0.0,4.32,無,
竹北市,房地(土地+建物)+車位,新竹縣竹北市日興一街１８號四樓,17.4,住,,,1090518,土地1建物1車位1,四層,十四層,住宅大樓(11層含以上有電梯),住家用,鋼筋混凝土造,1100603,119.0,2,1,1,有,有,8620000,87057,坡道平面,36.64,1450000,實際成交未執行裝潢＄74萬元，自房地總價中扣除。民國109年12月24日簽訂權利買賣契約，權利讓渡總金額新台幣838萬元整。含裝潢費740000元；預售屋、或土地及建物分件登記案件；,RPUOMLOLOHGGFBJ78DA,47.69,4.78,2.74,有,
竹北市,房地(土地+建物)+車位,新竹縣竹北市日興一街１２號三樓,17.37,住,,,1090518,土地1建物1車位1,三層,十四層,住宅大樓(11層含以上有電梯),住家用,鋼筋混凝土造,1100603,118.93,2,1,1,有,有,8450000,85065,坡道平面,36.64,1450000,實際成交未執行裝潢＄74萬元，自房地總價中扣除。含裝潢費740000元；預售屋、或土地及建物分件登記案件；,RPOPMLMLOHGGFBJ08DA,47.62,4.78,2.74,有,
竹北市,房地(土地+建物)+車位,新竹縣竹北市日興一街１０號十二樓,22.45,住,,,1090519,土地1建物1車位1,十二層,十四層,住宅大樓(11層含以上有電梯),住家用,鋼筋混凝土造,1100603,153.55,3,2,2,有,有,12750000,95373,坡道平面,36.64,1600000,實際成交未執行裝潢＄105萬元，自房地總價中扣除。含裝潢費1050000元；預售屋、或土地及建物分件登記案件；,RPXTMLMLOHGGFBJ76DA,70.25,3.59,4.5,有,
竹北市,房地(土地+建物)+車位,新竹縣竹北市新瀧五街７號二樓之二,16.92,住,,,1090527,土地1建物1車位1,二層,十五層,住宅大樓(11層含以上有電梯),住家用,鋼筋混凝土造,1100617,123.0,2,2,1,有,有,6960000,63197,坡道平面,34.23,1350000,109.10.16預售屋權利轉售，權利買賣契約成交價格新台幣746萬元。預售屋、或土地及建物分件登記案件；,RPUOMLOKPHGGFBJ78DA,53.98,0.0,6.48,有,
竹北市,房地(土地+建物)+車位,新竹縣竹北市新瀧五街５號二樓之二,17.01,住,,,1090506,土地1建物1車位1,二層,十五層,住宅大樓(11層含以上有電梯),住家用,鋼筋混凝土造,1100617,124.72999999999999,2,2,1,有,有,6780000,60779,坡道平面,35.39,1350000,預售屋、或土地及建物分件登記案件；,RPORMLOLMHGGFBJ28DA,54.93,0.0,5.9,有,
竹北市,房地(土地+建物)+車位,新竹縣竹北市新瀧五街５號十四樓之三,25.56,住,,,1090520,土地1建物1車位1,十四層,十五層,住宅大樓(11層含以上有電梯),住家用,鋼筋混凝土造,1100617,169.57999999999998,3,2,2,有,有,9680000,62076,坡道平面,35.39,1350000,預售屋、或土地及建物分件登記案件；,RPUTMLOLMHGGFBJ09DA,81.93,0.0,9.4,有,
竹北市,房地(土地+建物)+車位,新竹縣竹北市新瀧五街７號十一樓之一,25.29,住,,,1090513,土地1建物1車位1,十一層,十五層,住宅大樓(11層含以上有電梯),住家用,鋼筋混凝土造,1100617,168.2,3,2,2,有,有,9480000,60462,坡道平面,35.39,1450000,預售屋、或土地及建物分件登記案件；,RPSOMLPLMHGGFBJ48DA,81.1,0.0,9.33,有,
竹北市,房地(土地+建物)+車位,新竹縣竹北市新瀧五街７號十三樓之一,25.29,住,,,1090527,土地1建物1車位1,十三層,十五層,住宅大樓(11層含以上有電梯),住家用,鋼筋混凝土造,1100617,168.2,3,2,2,有,有,9680000,61215,坡道平面,35.39,1550000,預售屋、或土地及建物分件登記案件；,RPUOMLPLMHGGFBJ68DA,81.1,0.0,9.33,有,
竹北市,房地(土地+建物)+車位,新竹縣竹北市新瀧五街９號五樓之二,17.01,住,,,1090520,土地1建物1車位1,五層,十五層,住宅大樓(11層含以上有電梯),住家用,鋼筋混凝土造,1100617,123.57,2,2,1,有,有,6940000,60891,坡道平面,34.23,1500000,預售屋、或土地及建物分件登記案件；,RPPOMLNJNHGGFBJ87DA,54.93,0.0,5.9,有,
竹北市,房地(土地+建物)+車位,新竹縣竹北市新瀧五街９號四樓之三,25.96,住,,,1090527,土地1建物1車位1,四層,十五層,住宅大樓(11層含以上有電梯),住家用,鋼筋混凝土造,1100617,171.73000000000002,3,2,2,有,有,9300000,58310,坡道平面,35.39,1350000,預售屋、或土地及建物分件登記案件；,RPOQMLNJNHGGFBJ97DA,84.58,0.0,8.22,有,
湖口鄉,房地(土地+建物),新竹縣湖口鄉嘉興路一段８９巷５號,85.79,,特定農業區,甲種建築用地,1090523,土地1建物1車位0,全,三層,透天厝,住家用,鋼筋混凝土造,1100507,120.15,4,1,3,有,有,8100000,67416,,0.0,0,預售屋、或土地及建物分件登記案件；,RPXNMLKKOHGGFDJ68DA,115.83,0.0,4.32,無,
竹北市,房地(土地+建物)+車位,新竹縣竹北市高鐵五路１００號六樓之三,33.07,住,,,1090506,土地1建物1車位1,六層,十五層,住宅大樓(11層含以上有電梯),住家用,鋼筋混凝土造,1100601,163.01999999999998,3,2,2,有,有,12460000,83762,坡道平面,30.98,1400000,,RPPRMLTJPHGGFBJ98DA,79.72,0.0,8.99,有,
竹北市,房地(土地+建物)+車位,新竹縣竹北市高鐵五路１００號十三樓之三,33.07,住,,,1090510,土地1建物1車位1,十三層,十五層,住宅大樓(11層含以上有電梯),住家用,鋼筋混凝土造,1100601,163.01999999999998,3,2,2,有,有,12910000,87171,坡道平面,30.98,1400000,預售屋、或土地及建物分件登記案件；,RPRRMLOLOHGGFBJ78DA,79.72,0.0,8.99,有,
竹北市,房地(土地+建物)+車位,新竹縣竹北市新瀧五街７號八樓之三,24.6,住,,,1090513,土地1建物1車位1,八層,十五層,住宅大樓(11層含以上有電梯),住家用,鋼筋混凝土造,1100617,164.54,3,2,2,有,有,9250000,60395,坡道平面,35.39,1450000,預售屋、或土地及建物分件登記案件；,RPVPMLTLMHGGFBJ66DA,78.61,0.0,9.33,有,
竹北市,房地(土地+建物)+車位,新竹縣竹北市新瀧五街５號十二樓之三,25.56,住,,,1090520,土地1建物1車位1,十二層,十五層,住宅大樓(11層含以上有電梯),住家用,鋼筋混凝土造,1100617,169.57999999999998,3,2,2,有,有,9650000,61853,坡道平面,35.39,1350000,預售屋、或土地及建物分件登記案件；,RPSTMLOLMHGGFBJ88DA,81.93,0.0,9.4,有,
竹北市,房地(土地+建物)+車位,新竹縣竹北市新瀧五街５號十一樓之二,17.01,住,,,1090513,土地1建物1車位1,十一層,十五層,住宅大樓(11層含以上有電梯),住家用,鋼筋混凝土造,1100617,124.72999999999999,2,2,1,有,有,6900000,61563,坡道平面,35.39,1400000,預售屋、或土地及建物分件登記案件；,RPXRMLOLMHGGFBJ56DA,54.93,0.0,5.9,有,
竹北市,房地(土地+建物),新竹縣竹北市水瀧二街２５１巷１１弄１號,62.61,,鄉村區,乙種建築用地,1090526,土地2建物1車位0,全,四層,透天厝,住家用,鋼筋混凝土造,1100608,189.34,5,2,4,有,有,13080000,69082,,0.0,0,預售屋、或土地及建物分件登記案件；,RPROMLLJQHGGFBJ18DA,179.39,0.0,9.95,無,
新埔鎮,房地(土地+建物),新竹縣新埔鎮福祿八街２９巷５號,70.91,,鄉村區,乙種建築用地,1090501,土地3建物1車位0,全,四層,透天厝,住家用,鋼筋混凝土造,1100517,189.07,3,2,4,有,無,12500000,66113,,0.0,0,預售屋、或土地及建物分件登記案件；,RPQPMLMKQHGGFBJ38DA,189.07,0.0,0.0,無,
湖口鄉,房地(土地+建物),新竹縣湖口鄉達生路５３２號,88.22,住,,,1090530,土地2建物1車位0,全,四層,透天厝,住商用,鋼筋混凝土造,1100121,231.6,4,3,4,有,無,14500000,62608,,0.0,0,,RPPNMLQJPHGGFDJ48DA,208.42,0.0,23.18,無,
新豐鄉,房地(土地+建物)+車位,新竹縣新豐鄉員山１３１之１３６號五樓,25.17,,山坡地保育區,丙種建築用地,1090501,土地3建物1車位1,五層,七層,華廈(10層含以下有電梯),住家用,鋼筋混凝土造,1100401,93.03,2,2,1,有,無,3800000,41904,坡道平面,26.21,1000000,預售屋、或土地及建物分件登記案件；,RPQPMLSJPHGGFDJ98DA,41.14,0.0,3.75,有,
竹北市,房地(土地+建物)+車位,新竹縣竹北市日興一街２０號四樓,18.37,住,,,1090515,土地1建物1車位1,四層,十四層,住宅大樓(11層含以上有電梯),住家用,鋼筋混凝土造,1100603,124.44,2,2,1,有,有,9420000,88355,坡道平面,33.67,1400000,實際成交未執行裝潢＄82萬元，自房地總價中扣除。含裝潢費820000元；預售屋、或土地及建物分件登記案件；,RPOTMLMLOHGGFBJ48DA,54.67,3.0,3.17,有,
竹北市,房地(土地+建物)+車位,新竹縣竹北市新瀧五街９號十一樓之二,17.01,住,,,1090506,土地1建物1車位1,十一層,十五層,住宅大樓(11層含以上有電梯),住家用,鋼筋混凝土造,1100617,124.72999999999999,2,2,1,有,有,6770000,60107,坡道平面,35.39,1400000,預售屋、或土地及建物分件登記案件；,RPXOMLNJNHGGFBJ68DA,54.93,0.0,5.9,有,
湖口鄉,房地(土地+建物),新竹縣湖口鄉中正二路９號,82.52,住,,,1090530,土地2建物1車位0,全,三層,透天厝,住家用,鋼筋混凝土造,1100121,168.29,4,2,4,有,無,12500000,74277,,0.0,0,,RPTNMLQJPHGGFDJ88DA,154.22,0.0,14.07,無,
竹北市,房地(土地+建物)+車位,新竹縣竹北市中山六街６２號,82.05,,鄉村區,乙種建築用地,1090508,土地3建物1車位2,全,四層,透天厝,住家用,鋼筋混凝土造,1100524,213.71,4,2,4,有,無,15550000,72762,一樓平面,0.0,0,預售屋、或土地及建物分件登記案件；,RPTNMLKMOHGGFBJ28DA,195.87,0.0,17.84,無,
竹東鎮,房地(土地+建物)+車位,龍鳳路３０之１號二樓,23.67,商,,,1090417,土地1建物1車位1,二層,十五層,住宅大樓(11層含以上有電梯),住家用,鋼筋混凝土造,1100317,165.45999999999998,2,2,2,有,有,8660000,56713,坡道平面,30.57,1010000,預售屋、或土地及建物分件登記案件；,RPTNNLQLNHGGFCJ88DA,82.49,0.0,10.64,有,
芎林鄉,房地(土地+建物)+車位,文富街１８９號,25.38,住,,,1090430,土地1建物1車位1,一層,七層,華廈(10層含以下有電梯),商業用,鋼筋混凝土造,1100306,82.64,0,1,1,有,無,7200000,87125,其他,0.0,950000,管理組織:目前無將來會成立.店舖,RPQRMLQKMHGGFCJ68DA,41.3,0.0,0.0,有,
竹北市,房地(土地+建物)+車位,十興路３０５巷１３弄７７號二樓之五,21.35,住,,,1090430,土地1建物1車位1,二層,十四層,住宅大樓(11層含以上有電梯),住家用,鋼筋混凝土造,1080320,137.25,2,1,1,有,有,7750000,56466,坡道平面,39.61,0,,RPPRMLKLJIPFFBJ58DA,57.28,0.0,8.16,有,
尖石鄉,土地,新樂段水田小段480-1地號,507.0,,山坡地保育區,農牧用地,1090415,土地1建物0車位0,,,其他,,,,0.0,0,0,0,有,無,300000,592,,0.0,0,,RPVQNLQLNHGGFCJ76DA,0.0,0.0,0.0,無,
新豐鄉,房地(土地+建物),埔頂２７５之１３號,83.56,,特定農業區,甲種建築用地,1090404,土地2建物1車位0,全,四層,透天厝,住家用,鋼筋混凝土造,1100318,170.21,4,2,5,有,無,6300000,37013,,0.0,0,,RPOOMLLMNHGGFDJ08DA,166.39,0.0,3.82,無,
新豐鄉,房地(土地+建物)+車位,中崙２８７之３號四樓之１,36.3,,特定農業區,甲種建築用地,1090426,土地1建物1車位1,四層,五層,華廈(10層含以下有電梯),住家用,鋼筋混凝土造,1100203,122.9,3,2,2,有,有,5350000,43531,一樓平面,0.0,0,預售屋、或土地及建物分件登記案件；,RPTPMLTJOHGGFDJ66DA,76.09,0.0,9.09,有,
新豐鄉,房地(土地+建物)+車位,中崙２８７之３號五樓之３,28.5,,特定農業區,甲種建築用地,1090420,土地1建物1車位1,五層,五層,華廈(10層含以下有電梯),住家用,鋼筋混凝土造,1100203,99.64000000000001,2,2,2,有,有,4500000,45163,一樓平面,0.0,0,預售屋、或土地及建物分件登記案件；,RPRQMLTJOHGGFDJ56DA,60.32,0.0,6.83,有,
竹北市,房地(土地+建物)+車位,新竹縣竹北市十興路３０５巷１３弄７７號六樓之二,29.28,住,,,1090430,土地1建物1車位2,六層,十四層,住宅大樓(11層含以上有電梯),住家用,鋼筋混凝土造,1080320,211.28,3,3,2,有,有,11310000,53531,坡道平面,79.22,0,,RPTOMLLMNHGGFBJ38DA,78.7,0.0,9.74,有,
新豐鄉,房地(土地+建物),新竹縣新豐鄉員山１３１之６５號,82.13,,山坡地保育區,丙種建築用地,1090419,土地3建物1車位0,全,三層,透天厝,住家用,鋼筋混凝土造,1100129,159.04,3,2,3,有,無,8400000,52817,,0.0,0,預售屋、或土地及建物分件登記案件；,RPRPMLQKMHGGFDJ68DA,143.74,0.0,15.3,無,
新豐鄉,房地(土地+建物),新竹縣新豐鄉員山１３１之６３號,82.13,,山坡地保育區,丙種建築用地,1090425,土地3建物1車位0,全,三層,透天厝,住家用,鋼筋混凝土造,1100129,159.04,3,2,3,有,無,8400000,52817,,0.0,0,預售屋、或土地及建物分件登記案件；,RPSPMLQKMHGGFDJ78DA,143.74,0.0,15.3,無,
竹北市,房地(土地+建物)+車位,新竹縣竹北市高鐵五路１００號八樓之五,22.05,住,,,1090427,土地1建物1車位1,八層,十五層,住宅大樓(11層含以上有電梯),住家用,鋼筋混凝土造,1100601,119.3,2,2,1,有,有,8180000,78465,坡道平面,30.98,1250000,預售屋、或土地及建物分件登記案件；,RPUPMLKMOHGGFBJ58DA,55.29,0.0,4.04,有,
竹北市,房地(土地+建物)+車位,新竹縣竹北市高鐵五路１００號十樓之二,33.07,住,,,1090419,土地1建物1車位1,十層,十五層,住宅大樓(11層含以上有電梯),住家用,鋼筋混凝土造,1100601,163.05,3,2,2,有,有,12270000,82305,坡道平面,30.98,1400000,預售屋、或土地及建物分件登記案件；,RPQPMLPLOHGGFBJ58DA,79.74,0.0,8.99,有,
竹北市,房地(土地+建物)+車位,新竹縣竹北市高鐵五路１００號九樓之三,33.07,住,,,1090425,土地1建物1車位1,九層,十五層,住宅大樓(11層含以上有電梯),住家用,鋼筋混凝土造,1100601,163.01999999999998,3,2,2,有,有,12470000,84974,坡道平面,30.98,1250000,預售屋、或土地及建物分件登記案件；,RPXQMLOLOHGGFBJ66DA,79.72,0.0,8.99,有,
竹北市,房地(土地+建物)+車位,新竹縣竹北市高鐵五路１００號七樓之一,33.07,住,,,1090425,土地1建物1車位1,七層,十五層,住宅大樓(11層含以上有電梯),住家用,鋼筋混凝土造,1100601,162.92000000000002,3,2,2,有,有,11500000,76550,坡道平面,30.98,1400000,預售屋、或土地及建物分件登記案件；,RPPQMLPLOHGGFBJ58DA,79.67,0.0,8.99,有,
竹北市,房地(土地+建物)+車位,新竹縣竹北市高鐵五路１００號三樓之一,33.07,住,,,1090411,土地1建物1車位1,三層,十五層,住宅大樓(11層含以上有電梯),住家用,鋼筋混凝土造,1100601,162.95999999999998,3,2,2,有,有,11100000,75390,坡道平面,30.98,1150000,預售屋、或土地及建物分件登記案件；,RPWPMLPLOHGGFBJ56DA,79.67,0.0,8.99,有,
新豐鄉,房地(土地+建物),新竹縣新豐鄉員山１３１之７９號,82.47,,山坡地保育區,丙種建築用地,1090419,土地3建物1車位0,全,三層,透天厝,住家用,鋼筋混凝土造,1100129,159.04,3,2,3,有,無,8300000,52188,,0.0,0,預售屋、或土地及建物分件登記案件；,RPTRMLQKMHGGFDJ09DA,143.74,0.0,15.3,無,
竹北市,房地(土地+建物)+車位,新竹縣竹北市高鐵五路１００號八樓之三,33.07,住,,,1090418,土地1建物1車位1,八層,十五層,住宅大樓(11層含以上有電梯),住家用,鋼筋混凝土造,1100601,163.01999999999998,3,2,2,有,有,12310000,83762,坡道平面,30.98,1250000,預售屋權利轉售權利買賣契約成立於109年11月12日成交價格新台幣1438萬元預售屋、或土地及建物分件登記案件；,RPOPMLOKPHGGFBJ28DA,79.72,0.0,8.99,有,
竹北市,房地(土地+建物)+車位,新竹縣竹北市高鐵五路１００號十三樓之六,32.86,住,,,1090411,土地1建物1車位1,十三層,十五層,住宅大樓(11層含以上有電梯),住家用,鋼筋混凝土造,1100601,162.76,3,2,2,有,有,12400000,84611,坡道平面,30.98,1250000,,RPPSMLTJPHGGFBJ09DA,79.53,0.0,8.99,有,
竹北市,房地(土地+建物)+車位,新竹縣竹北市高鐵五路１００號六樓之五,22.05,住,,,1090418,土地1建物1車位1,六層,十五層,住宅大樓(11層含以上有電梯),住家用,鋼筋混凝土造,1100601,119.3,2,2,1,有,有,8510000,82201,坡道平面,30.98,1250000,,RPQSMLTJPHGGFBJ56DA,55.29,0.0,4.04,有,
竹北市,房地(土地+建物)+車位,新竹縣竹北市高鐵五路１００號四樓之二,33.07,住,,,1090412,土地1建物1車位1,四層,十五層,住宅大樓(11層含以上有電梯),住家用,鋼筋混凝土造,1100601,163.05,3,2,2,有,有,11560000,77686,坡道平面,30.98,1300000,,RPRRMLTJPHGGFBJ56DA,79.74,0.0,8.99,有,
竹北市,房地(土地+建物)+車位,新竹縣竹北市高鐵五路１００號九樓之六,32.86,住,,,1090426,土地1建物1車位1,九層,十五層,住宅大樓(11層含以上有電梯),住家用,鋼筋混凝土造,1100601,162.76,3,2,2,有,有,12330000,82941,坡道平面,30.98,1400000,,RPURMLTJPHGGFBJ86DA,79.53,0.0,8.99,有,
竹北市,房地(土地+建物)+車位,新竹縣竹北市高鐵五路１００號十樓之三,33.28,住,,,1090426,土地1建物1車位2,十層,十五層,住宅大樓(11層含以上有電梯),住家用,鋼筋混凝土造,1100601,194.0,3,2,2,有,有,14150000,85959,坡道平面,61.96,2800000,預售屋、或土地及建物分件登記案件；,RPORMLOLOHGGFBJ48DA,79.72,0.0,8.99,有,
竹東鎮,房地(土地+建物)+車位,新竹縣竹東鎮榮華街５號五樓,34.29,住,,,1090412,土地1建物1車位2,五層,五層,華廈(10層含以下有電梯),住家用,鋼筋混凝土造,1100517,115.12,3,2,2,有,無,7800000,67755,升降機械,10.3,0,,RPVNMLRLOHGGFCJ56DA,66.76,0.0,7.94,有,
竹東鎮,房地(土地+建物)+車位,新竹縣竹東鎮龍鳳路３０之７號二樓,23.73,商,,,1090430,土地1建物1車位2,二層,十五層,住宅大樓(11層含以上有電梯),住家用,鋼筋混凝土造,1100317,196.44,2,2,2,有,有,9250000,53806,坡道平面,61.14,1970000,預售屋、或土地及建物分件登記案件；,RPROMLMKOHGGFCJ28DA,82.68,0.0,10.76,有,
竹北市,房地(土地+建物)+車位,新竹縣竹北市高鐵五路１００號九樓之五,22.05,住,,,1090427,土地1建物1車位1,九層,十五層,住宅大樓(11層含以上有電梯),住家用,鋼筋混凝土造,1100601,119.3,2,2,1,有,有,8490000,81975,坡道平面,30.98,1250000,,RPOOMLNLPHGGFBJ18DA,55.29,0.0,4.04,有,
竹北市,房地(土地+建物)+車位,新竹縣竹北市嘉德街１２２號八樓,43.22,住,,,1090409,土地1建物1車位2,八層,二十層,住宅大樓(11層含以上有電梯),住家用,鋼筋混凝土造,1100520,279.43,4,2,2,有,有,24030000,93938,坡道平面,51.3,2600000,土地買賣價款1071萬建物買賣價款1072萬車位買賣價款260萬預售屋、或土地及建物分件登記案件；,RPRNMLLKPHGGFBJ08DA,139.99,0.0,15.52,有,
竹北市,房地(土地+建物)+車位,新竹縣竹北市嘉德街１２６號十六樓,38.66,住,,,1090423,土地1建物1車位2,十六層,二十層,住宅大樓(11層含以上有電梯),住家用,鋼筋混凝土造,1100520,255.38,3,2,2,有,有,23160000,100745,坡道平面,51.3,2600000,土地買賣價款1028萬建物買賣價款1028萬車位買賣價款260萬預售屋、或土地及建物分件登記案件；,RPWNMLMKPHGGFBJ68DA,125.11,0.0,13.98,有,
竹北市,房地(土地+建物)+車位,新竹縣竹北市日興一街２２號八樓,14.68,住,,,1090411,土地1建物1車位1,八層,十四層,住宅大樓(11層含以上有電梯),住家用,鋼筋混凝土造,1100603,99.28999999999999,1,1,1,有,有,7190000,88235,坡道平面,33.67,1400000,實際成交未執行裝潢＄59萬元，自房地總價中扣除。含裝潢費590000元；預售屋、或土地及建物分件登記案件；,RPSNMLSLOHGGFBJ88DA,39.47,1.27,3.2,有,
竹北市,房地(土地+建物)+車位,新竹縣竹北市新瀧五街５號四樓之一,25.96,住,,,1090426,土地1建物1車位1,四層,十五層,住宅大樓(11層含以上有電梯),住家用,鋼筋混凝土造,1100617,171.73000000000002,3,2,2,有,有,9380000,59264,坡道平面,35.39,1300000,預售屋、或土地及建物分件登記案件；,RPUPMLOLMHGGFBJ68DA,84.58,0.0,8.22,有,
竹北市,房地(土地+建物)+車位,新竹縣竹北市新瀧五街５號五樓之二,17.01,住,,,1090426,土地1建物1車位1,五層,十五層,住宅大樓(11層含以上有電梯),住家用,鋼筋混凝土造,1100617,124.72999999999999,2,2,1,有,有,7000000,62122,坡道平面,35.39,1450000,預售屋、或土地及建物分件登記案件；,RPRRMLOLMHGGFBJ58DA,54.93,0.0,5.9,有,
竹北市,房地(土地+建物)+車位,新竹縣竹北市新瀧五街７號十五樓之二,16.95,住,,,1090422,土地1建物1車位1,十五層,十五層,住宅大樓(11層含以上有電梯),住家用,鋼筋混凝土造,1100617,124.37,2,2,1,有,有,6560000,59114,坡道平面,35.39,1300000,預售屋、或土地及建物分件登記案件；,RPSQMLPJNHGGFBJ58DA,53.98,0.0,6.59,有,
竹北市,房地(土地+建物)+車位,新竹縣竹北市新瀧五街９號十四樓之一,25.44,住,,,1090426,土地1建物1車位1,十四層,十五層,住宅大樓(11層含以上有電梯),住家用,鋼筋混凝土造,1100617,168.96,3,2,2,有,有,9480000,59370,坡道平面,35.39,1550000,預售屋、或土地及建物分件登記案件；,RPSNMLLJNHGGFBJ87DA,81.57,0.0,9.33,有,
竹北市,房地(土地+建物)+車位,新竹縣竹北市高鐵五路１００號七樓之六,32.86,住,,,1090405,土地1建物1車位1,七層,十五層,住宅大樓(11層含以上有電梯),住家用,鋼筋混凝土造,1100601,162.76,3,2,2,有,有,11810000,80134,坡道平面,30.98,1250000,,RPTRMLTJPHGGFBJ76DA,79.53,0.0,8.99,有,
竹北市,房地(土地+建物)+車位,新竹縣竹北市新瀧五街９號十五樓之二,17.01,住,,,1090415,土地1建物1車位1,十五層,十五層,住宅大樓(11層含以上有電梯),住家用,鋼筋混凝土造,1100617,124.72999999999999,2,2,1,有,有,6800000,61563,坡道平面,35.39,1300000,預售屋、或土地及建物分件登記案件；,RPUPMLNJNHGGFBJ48DA,54.93,0.0,5.9,有,
竹北市,房地(土地+建物)+車位,新竹縣竹北市新瀧五街９號八樓之三,25.96,住,,,1090422,土地1建物1車位1,八層,十五層,住宅大樓(11層含以上有電梯),住家用,鋼筋混凝土造,1100617,171.73000000000002,3,2,2,有,有,9880000,62197,坡道平面,35.39,1400000,預售屋、或土地及建物分件登記案件；,RPRQMLNJNHGGFBJ28DA,84.58,0.0,8.22,有,
竹北市,房地(土地+建物)+車位,新竹縣竹北市新瀧五街５號十樓之三,25.56,住,,,1090422,土地1建物1車位1,十層,十五層,住宅大樓(11層含以上有電梯),住家用,鋼筋混凝土造,1100617,169.57999999999998,3,2,2,有,有,9450000,59990,坡道平面,35.39,1400000,預售屋、或土地及建物分件登記案件；,RPQTMLOLMHGGFBJ68DA,81.93,0.0,9.4,有,
竹北市,房地(土地+建物)+車位,新竹縣竹北市新瀧五街５號三樓之一,25.96,住,,,1090408,土地1建物1車位1,三層,十五層,住宅大樓(11層含以上有電梯),住家用,鋼筋混凝土造,1100617,171.73000000000002,3,2,2,有,有,9350000,58310,坡道平面,35.39,1400000,預售屋、或土地及建物分件登記案件；,RPTPMLOLMHGGFBJ58DA,84.58,0.0,8.22,有,
竹東鎮,房地(土地+建物)+車位,新竹縣竹東鎮龍鳳路３０之１號三樓,23.67,商,,,1090404,土地1建物1車位1,三層,十五層,住宅大樓(11層含以上有電梯),住家用,鋼筋混凝土造,1100317,165.45999999999998,2,2,2,有,有,8630000,56490,坡道平面,30.57,1010000,預售屋、或土地及建物分件登記案件；,RPOQMLLJPHGGFCJ08DA,82.49,0.0,10.64,有,
竹北市,房地(土地+建物),新竹縣竹北市中山六街９５號,66.22,,鄉村區,乙種建築用地,1090411,土地1建物1車位0,全,四層,透天厝,住家用,鋼筋混凝土造,1100608,185.39,5,2,4,有,有,14580000,78645,,0.0,0,預售屋、或土地及建物分件登記案件；,RPSNMLLJQHGGFBJ18DA,166.8,0.0,18.59,無,
竹北市,房地(土地+建物),新竹縣竹北市水瀧二街２５１巷１１弄６號,61.27,,鄉村區,乙種建築用地,1090425,土地2建物1車位0,全,四層,透天厝,住家用,鋼筋混凝土造,1100608,178.08,5,2,4,有,有,12200000,68509,,0.0,0,預售屋、或土地及建物分件登記案件；,RPWNMLLJQHGGFBJ58DA,178.08,0.0,0.0,無,
竹北市,房地(土地+建物),新竹縣竹北市水瀧二街２５１巷１１弄５號,61.95,,鄉村區,乙種建築用地,1090418,土地2建物1車位0,全,四層,透天厝,住家用,鋼筋混凝土造,1100608,186.42,5,2,4,有,有,12880000,69091,,0.0,0,預售屋、或土地及建物分件登記案件；,RPPOMLLJQHGGFBJ97DA,176.63,0.0,9.79,無,
竹北市,房地(土地+建物),新竹縣竹北市中山六街１０１號,70.25,,鄉村區,乙種建築用地,1090425,土地3建物1車位0,全,四層,透天厝,住家用,鋼筋混凝土造,1100608,187.3,5,2,4,有,有,14780000,78911,,0.0,0,預售屋、或土地及建物分件登記案件；,RPSOMLLJQHGGFBJ28DA,168.55,0.0,18.75,無,
新埔鎮,房地(土地+建物),新竹縣新埔鎮福祿八街２９巷２號,67.68,,鄉村區,乙種建築用地,1090412,土地3建物1車位0,全,四層,透天厝,住家用,鋼筋混凝土造,1100517,178.6,3,2,4,有,無,11880000,66517,,0.0,0,預售屋、或土地及建物分件登記案件；,RPTOMLMKQHGGFBJ58DA,178.6,0.0,0.0,無,
竹北市,房地(土地+建物),新竹縣竹北市水瀧二街２５１巷５弄２號,72.37,,鄉村區,乙種建築用地,1090418,土地3建物1車位0,全,四層,透天厝,住家用,鋼筋混凝土造,1100608,205.78,5,2,4,有,有,13600000,66090,,0.0,0,預售屋、或土地及建物分件登記案件；,RPXOMLLJQHGGFBJ78DA,193.9,0.0,11.88,無,
竹北市,房地(土地+建物)+車位,新竹縣竹北市新瀧五街５號十二樓之二,17.01,住,,,1090407,土地1建物1車位1,十二層,十五層,住宅大樓(11層含以上有電梯),住家用,鋼筋混凝土造,1100617,124.72999999999999,2,2,1,有,有,6860000,61115,坡道平面,35.39,1400000,預售屋、或土地及建物分件登記案件；,RPOSMLOLMHGGFBJ38DA,54.93,0.0,5.9,有,
竹北市,房地(土地+建物)+車位,新竹縣竹北市新瀧五街７號三樓之一,25.29,住,,,1090401,土地1建物1車位1,三層,十五層,住宅大樓(11層含以上有電梯),住家用,鋼筋混凝土造,1100617,168.2,3,2,2,有,有,9050000,57601,坡道平面,35.39,1400000,預售屋、或土地及建物分件登記案件；,RPSNMLPLMHGGFBJ38DA,81.1,0.0,9.33,有,
竹北市,房地(土地+建物)+車位,新竹縣竹北市新瀧五街７號十一樓之三,24.6,住,,,1090415,土地1建物1車位1,十一層,十五層,住宅大樓(11層含以上有電梯),住家用,鋼筋混凝土造,1100617,164.54,3,2,2,有,有,9030000,59079,坡道平面,35.39,1400000,預售屋、或土地及建物分件登記案件；,RPRQMLTLMHGGFBJ98DA,78.61,0.0,9.33,有,
新豐鄉,房地(土地+建物)+車位,新竹縣新豐鄉員山１３１之１３１號二樓,25.72,,山坡地保育區,丙種建築用地,1090425,土地3建物1車位1,二層,七層,華廈(10層含以下有電梯),住家用,鋼筋混凝土造,1100401,97.57,2,2,1,有,無,3980000,42601,坡道平面,31.14,1150000,預售屋、或土地及建物分件登記案件；,RPROMLLJPHGGFDJ28DA,41.0,0.0,3.65,有,
新豐鄉,房地(土地+建物)+車位,新竹縣新豐鄉建興路二段６８８號六樓,29.99,住,,,1090412,土地1建物1車位1,六層,十二層,住宅大樓(11層含以上有電梯),住家用,鋼筋混凝土造,1100623,134.69,3,2,2,有,有,6680000,52081,坡道平面,26.59,1050000,,RPTNMLTJQHGGFDJ66DA,73.67,0.0,7.38,有,
新豐鄉,房地(土地+建物)+車位,新竹縣新豐鄉建興路二段６９０號六樓,29.99,住,,,1090428,土地1建物1車位1,六層,十二層,住宅大樓(11層含以上有電梯),住家用,鋼筋混凝土造,1100623,134.69,3,2,2,有,有,6680000,52081,坡道平面,26.59,1050000,,RPROMLQJQHGGFDJ88DA,73.67,0.0,7.38,有,
竹北市,房地(土地+建物)+車位,新竹縣竹北市日興一街２０號十三樓,18.37,住,,,1090426,土地1建物1車位1,十三層,十四層,住宅大樓(11層含以上有電梯),住家用,鋼筋混凝土造,1100603,124.44,2,2,1,有,有,9690000,91330,坡道平面,33.67,1400000,實際成交未執行裝潢＄82萬元，自房地總價中扣除。含裝潢費820000元；預售屋、或土地及建物分件登記案件；,RPXRMLNLOHGGFBJ66DA,54.67,3.0,3.17,有,
竹北市,房地(土地+建物)+車位,新竹縣竹北市日興一街２２號四樓,14.68,住,,,1090401,土地1建物1車位1,四層,十四層,住宅大樓(11層含以上有電梯),住家用,鋼筋混凝土造,1100603,99.28999999999999,1,1,1,有,有,6950000,84578,坡道平面,33.67,1400000,實際成交未執行裝潢＄59萬元，自房地總價中扣除。含裝潢費590000元；預售屋、或土地及建物分件登記案件；,RPURMLNLOHGGFBJ98DA,39.47,1.27,3.2,有,
新埔鎮,房地(土地+建物),新竹縣新埔鎮福祿八街２７號,69.68,,鄉村區,乙種建築用地,1090409,土地1建物1車位0,全,四層,透天厝,住家用,鋼筋混凝土造,1100517,183.92,3,2,4,有,無,13900000,75576,,0.0,0,,RPSNMLRLQHGGFBJ98DA,168.14,0.0,15.78,無,
竹北市,房地(土地+建物)+車位,新竹縣竹北市新瀧五街９號十四樓之二,17.01,住,,,1090408,土地1建物1車位1,十四層,十五層,住宅大樓(11層含以上有電梯),住家用,鋼筋混凝土造,1100617,124.72999999999999,2,2,1,有,有,6730000,60779,坡道平面,35.39,1300000,預售屋、或土地及建物分件登記案件；,RPTPMLNJNHGGFBJ38DA,54.93,0.0,5.9,有,
新埔鎮,房地(土地+建物),新竹縣新埔鎮福祿八街２５號,71.36,,鄉村區,乙種建築用地,1090411,土地1建物1車位0,全,四層,透天厝,住家用,鋼筋混凝土造,1100517,182.79,3,2,4,有,無,13950000,76317,,0.0,0,預售屋、或土地及建物分件登記案件。管委會目前尚未成立，將來會成立。預售屋權利轉售，權利買賣契約成立日期110年5月2日。預售屋權利轉售，權利買賣契約成交價格1568萬元。,RPXOMLSJRHGGFBJ96DA,171.07,0.0,11.72,無,
竹東鎮,房地(土地+建物)+車位,龍鳳路３０之８號三樓,20.99,商,,,1090305,土地1建物1車位1,三層,十五層,住宅大樓(11層含以上有電梯),住家用,鋼筋混凝土造,1100317,148.76999999999998,2,2,2,有,有,7700000,57445,坡道平面,30.57,910000,預售屋、或土地及建物分件登記案件；,RPVNMLLMNHGGFCJ58DA,73.12,0.0,8.08,有,
竹北市,房地(土地+建物),水瀧一街５５號,104.16,,鄉村區,乙種建築用地,1090320,土地3建物1車位0,全,四層,透天厝,住家用,鋼筋混凝土造,1100302,200.31,4,2,4,有,無,16500000,82372,,0.0,0,管理組織:目前無將來會成立,RPVVPLNLLHGGFBJ86DA,172.83,0.0,27.48,無,
新豐鄉,房地(土地+建物),埔頂２７５之１９號,84.56,,特定農業區,甲種建築用地,1090311,土地2建物1車位0,全,四層,透天厝,住家用,鋼筋混凝土造,1100318,170.21,4,2,5,有,無,6169000,36243,,0.0,0,,RPSPMLLMNHGGFDJ58DA,166.39,0.0,3.82,無,
新豐鄉,房地(土地+建物),埔頂２７５之１１號,89.56,,特定農業區,甲種建築用地,1090320,土地2建物1車位0,全,四層,透天厝,住家用,鋼筋混凝土造,1100318,170.88,4,2,5,有,無,6000000,35112,,0.0,0,,RPUPMLLMNHGGFDJ78DA,167.05,0.0,3.83,無,
新豐鄉,房地(土地+建物),埔頂２７５之１０號,83.56,,特定農業區,甲種建築用地,1090312,土地2建物1車位0,全,四層,透天厝,住家用,鋼筋混凝土造,1100318,166.51,4,2,5,有,無,6172000,37067,,0.0,0,,RPVPMLLMNHGGFDJ88DA,162.77,0.0,3.74,無,
新豐鄉,房地(土地+建物),埔頂２７５之５號,83.56,,特定農業區,甲種建築用地,1090310,土地2建物1車位0,全,四層,透天厝,住家用,鋼筋混凝土造,1100318,166.51,4,2,5,有,無,6200000,37235,,0.0,0,,RPRQMLLMNHGGFDJ58DA,162.77,0.0,3.74,無,
新豐鄉,房地(土地+建物),埔頂２７５之１２號,97.56,,特定農業區,甲種建築用地,1090314,土地3建物1車位0,全,四層,透天厝,住家用,鋼筋混凝土造,1100318,174.68,4,2,5,有,無,6277200,35935,,0.0,0,,RPXNMLLMNHGGFDJ88DA,170.76,0.0,3.92,無,
新豐鄉,房地(土地+建物),埔頂２７５之３號,83.56,,特定農業區,甲種建築用地,1090307,土地2建物1車位0,全,四層,透天厝,住家用,鋼筋混凝土造,1100318,166.51,4,2,5,有,無,6139000,36869,,0.0,0,,RPTQMLLMNHGGFDJ78DA,162.77,0.0,3.74,無,
新豐鄉,房地(土地+建物),埔頂２７５之２號,83.56,,特定農業區,甲種建築用地,1090307,土地2建物1車位0,全,四層,透天厝,住家用,鋼筋混凝土造,1100318,166.51,4,2,5,有,無,6119000,36749,,0.0,0,,RPUQMLLMNHGGFDJ88DA,162.77,0.0,3.74,無,
新豐鄉,房地(土地+建物),埔頂２７５之１號,85.56,,特定農業區,甲種建築用地,1090307,土地2建物1車位0,全,四層,透天厝,住家用,鋼筋混凝土造,1100318,170.96,4,2,5,有,無,6119000,35792,,0.0,0,,RPVQMLLMNHGGFDJ98DA,167.13,0.0,3.83,無,
新豐鄉,房地(土地+建物)+車位,中崙２８７之３號三樓之３,33.45,,特定農業區,甲種建築用地,1090310,土地1建物1車位1,三層,五層,華廈(10層含以下有電梯),住家用,鋼筋混凝土造,1100203,86.5,2,2,2,有,有,4350000,50289,一樓平面,0.0,0,預售屋、或土地及建物分件登記案件；,RPPQMLTJOHGGFDJ98DA,60.32,0.0,6.83,有,
竹東鎮,房地(土地+建物)+車位,新竹縣竹東鎮東榮路５２號二樓,27.83,住,,,1090314,土地1建物1車位1,二層,十三層,住宅大樓(11層含以上有電梯),住家用,鋼筋混凝土造,1100128,160.95,3,2,2,有,有,7520000,53238,坡道平面,39.42,1050000,預售屋、或土地及建物分件登記案件；,RPWPMLTJLHGGFCJ56DA,75.35,0.0,10.15,有,
竹北市,房地(土地+建物)+車位,新竹縣竹北市高鐵五路１００號五樓之六,32.86,住,,,1090329,土地1建物1車位1,五層,十五層,住宅大樓(11層含以上有電梯),住家用,鋼筋混凝土造,1100601,162.76,3,2,2,有,有,11680000,78009,坡道平面,30.98,1400000,預售屋、或土地及建物分件登記案件；,RPWQMLPLOHGGFBJ66DA,79.53,0.0,8.99,有,
湖口鄉,房地(土地+建物),新竹縣湖口鄉中正二路１５巷１２號,86.45,都市：其他:住(一),,,1090328,土地2建物1車位0,全,四層,透天厝,住家用,鋼筋混凝土造,1100121,164.73999999999998,3,2,4,有,無,10300000,62527,,0.0,0,,RPWOMLLMNHGGFDJ88DA,157.47,0.0,6.95,無,
新豐鄉,房地(土地+建物),新竹縣新豐鄉員山１３１之７５號,82.47,,山坡地保育區,丙種建築用地,1090331,土地3建物1車位0,全,三層,透天厝,住家用,鋼筋混凝土造,1100129,159.04,3,2,3,有,無,8380000,52691,,0.0,0,預售屋、或土地及建物分件登記案件；,RPORMLQKMHGGFDJ58DA,143.74,0.0,15.3,無,
竹北市,房地(土地+建物)+車位,新竹縣竹北市高鐵五路１００號三樓之二,33.07,住,,,1090322,土地1建物1車位1,三層,十五層,住宅大樓(11層含以上有電梯),住家用,鋼筋混凝土造,1100601,163.05,3,2,2,有,有,11490000,78292,坡道平面,30.98,1150000,預售屋權利轉售權利買賣契約成立於109年7月25日成交價格新台幣1218萬元預售屋、或土地及建物分件登記案件；,RPRPMLOKPHGGFBJ58DA,79.74,0.0,8.99,有,
竹北市,房地(土地+建物)+車位,新竹縣竹北市高鐵五路１００號六樓之二,33.07,住,,,1090308,土地1建物1車位1,六層,十五層,住宅大樓(11層含以上有電梯),住家用,鋼筋混凝土造,1100601,163.05,3,2,2,有,有,11610000,79200,坡道平面,30.98,1150000,預售屋權利轉售權利買賣契約成立於109年11月30日成交價格新台幣1278萬元預售屋、或土地及建物分件登記案件；,RPSPMLOKPHGGFBJ68DA,79.74,0.0,8.99,有,
竹北市,房地(土地+建物)+車位,新竹縣竹北市高鐵五路１００號七樓之二,33.07,住,,,1090314,土地1建物1車位1,七層,十五層,住宅大樓(11層含以上有電梯),住家用,鋼筋混凝土造,1100601,163.05,3,2,2,有,有,11780000,79730,坡道平面,30.98,1250000,預售屋權利轉售權利買賣契約成立於109年8月22日成交價格新台幣1328萬元預售屋、或土地及建物分件登記案件；,RPTPMLOKPHGGFBJ78DA,79.74,0.0,8.99,有,
竹北市,房地(土地+建物)+車位,新竹縣竹北市高鐵五路１００號十四樓之二,33.07,住,,,1090303,土地1建物1車位1,十四層,十五層,住宅大樓(11層含以上有電梯),住家用,鋼筋混凝土造,1100601,163.05,3,2,2,有,有,12150000,82532,坡道平面,30.98,1250000,預售屋權利轉售權利買賣契約成立於109年9月27日成交價格新台幣1330萬元預售屋、或土地及建物分件登記案件；,RPVPMLOKPHGGFBJ98DA,79.74,0.0,8.99,有,
竹北市,房地(土地+建物)+車位,新竹縣竹北市高鐵五路１００號六樓之一,33.07,住,,,1090301,土地1建物1車位1,六層,十五層,住宅大樓(11層含以上有電梯),住家用,鋼筋混凝土造,1100601,162.92000000000002,3,2,2,有,有,10890000,73821,坡道平面,30.98,1150000,預售屋、或土地及建物分件登記案件；,RPOQMLPLOHGGFBJ48DA,79.67,0.0,8.99,有,
竹北市,房地(土地+建物)+車位,新竹縣竹北市高鐵五路１００號十一樓之三,33.07,住,,,1090314,土地1建物1車位1,十一層,十五層,住宅大樓(11層含以上有電梯),住家用,鋼筋混凝土造,1100601,163.01999999999998,3,2,2,有,有,12700000,85580,坡道平面,30.98,1400000,預售屋、或土地及建物分件登記案件；,RPPRMLOLOHGGFBJ58DA,79.72,0.0,8.99,有,0201
竹北市,房地(土地+建物)+車位,新竹縣竹北市高鐵五路１００號十二樓之二,33.07,住,,,1090307,土地1建物1車位1,十二層,十五層,住宅大樓(11層含以上有電梯),住家用,鋼筋混凝土造,1100601,163.05,3,2,2,有,有,12150000,82532,坡道平面,30.98,1250000,預售屋、或土地及建物分件登記案件；,RPSPMLPLOHGGFBJ78DA,79.74,0.0,8.99,有,
竹北市,房地(土地+建物)+車位,新竹縣竹北市高鐵五路１００號二樓之二,31.41,住,,,1090329,土地1建物1車位1,二層,十五層,住宅大樓(11層含以上有電梯),住家用,鋼筋混凝土造,1100601,156.74,3,2,2,有,有,11200000,79119,坡道平面,30.98,1250000,預售屋、或土地及建物分件登記案件；,RPROMLPLOHGGFBJ58DA,79.74,0.0,4.72,有,
竹北市,房地(土地+建物)+車位,新竹縣竹北市高鐵五路１００號十一樓之一,33.07,住,,,1090315,土地1建物1車位1,十一層,十五層,住宅大樓(11層含以上有電梯),住家用,鋼筋混凝土造,1100601,162.92000000000002,3,2,2,有,有,11940000,79885,坡道平面,30.98,1400000,預售屋權利轉售權利買賣契約成立於109年7月8日成交價格新台幣1245萬元,RPSQMLOKPHGGFBJ78DA,79.67,0.0,8.99,有,
竹北市,房地(土地+建物)+車位,新竹縣竹北市高鐵五路１００號十一樓之六,32.86,住,,,1090301,土地1建物1車位1,十一層,十五層,住宅大樓(11層含以上有電梯),住家用,鋼筋混凝土造,1100601,162.76,3,2,2,有,有,12110000,83169,坡道平面,30.98,1150000,,RPWRMLTJPHGGFBJ07DA,79.53,0.0,8.99,有,
竹北市,房地(土地+建物)+車位,新竹縣竹北市高鐵五路１００號十三樓之一,33.07,住,,,1090321,土地1建物1車位1,十三層,十五層,住宅大樓(11層含以上有電梯),住家用,鋼筋混凝土造,1100601,164.16,3,2,2,有,有,12100000,81153,坡道平面,32.31,1400000,預售屋、或土地及建物分件登記案件；,RPSQMLPLOHGGFBJ88DA,79.67,0.0,8.99,有,
竹北市,房地(土地+建物)+車位,新竹縣竹北市嘉德街１２８號十九樓,47.25,住,,,1090307,土地1建物1車位3,十九層,二十層,住宅大樓(11層含以上有電梯),住家用,鋼筋混凝土造,1100520,326.33000000000004,4,2,2,有,有,30450000,104860,坡道平面,76.95,4300000,土地買賣價款1307萬建物買賣價款1308萬車位買賣價款430萬預售屋、或土地及建物分件登記案件；,RPVOMLMKPHGGFBJ68DA,153.06,0.0,16.94,有,
湖口鄉,房地(土地+建物),新竹縣湖口鄉嘉興路一段８９巷１９號,87.44,,特定農業區,甲種建築用地,1090322,土地1建物1車位0,全,三層,透天厝,住家用,鋼筋混凝土造,1100507,120.15,4,1,3,有,有,7300000,60757,,0.0,0,預售屋、或土地及建物分件登記案件；,RPOPMLKKOHGGFDJ97DA,115.83,0.0,4.32,無,
竹北市,房地(土地+建物)+車位,新竹縣竹北市日興一街８號四樓,22.0,住,,,1090322,土地1建物1車位1,四層,十四層,住宅大樓(11層含以上有電梯),住家用,鋼筋混凝土造,1100603,150.53,3,2,2,有,有,12030000,92897,坡道平面,36.64,1450000,實際成交未執行裝潢＄103萬元，自房地總價中扣除。含裝潢費1030000元；預售屋、或土地及建物分件登記案件；,RPPQMLNLOHGGFBJ38DA,69.19,3.87,3.22,有,
竹北市,房地(土地+建物)+車位,新竹縣竹北市新瀧五街５號四樓之二,17.01,住,,,1090318,土地1建物1車位1,四層,十五層,住宅大樓(11層含以上有電梯),住家用,鋼筋混凝土造,1100617,124.72999999999999,2,2,1,有,有,6560000,58876,坡道平面,35.39,1300000,預售屋、或土地及建物分件登記案件；,RPQRMLOLMHGGFBJ48DA,54.93,0.0,5.9,有,
竹北市,房地(土地+建物)+車位,新竹縣竹北市新瀧五街５號九樓之二,17.01,住,,,1090311,土地1建物1車位1,九層,十五層,住宅大樓(11層含以上有電梯),住家用,鋼筋混凝土造,1100617,124.72999999999999,2,2,1,有,有,6980000,61339,坡道平面,35.39,1500000,預售屋、或土地及建物分件登記案件；,RPVRMLOLMHGGFBJ98DA,54.93,0.0,5.9,有,
竹北市,房地(土地+建物)+車位,新竹縣竹北市新瀧五街５號十四樓之二,17.01,住,,,1090304,土地1建物1車位1,十四層,十五層,住宅大樓(11層含以上有電梯),住家用,鋼筋混凝土造,1100617,124.72999999999999,2,2,1,有,有,7000000,62682,坡道平面,35.39,1400000,預售屋、或土地及建物分件登記案件；,RPQSMLOLMHGGFBJ58DA,54.93,0.0,5.9,有,
竹北市,房地(土地+建物)+車位,新竹縣竹北市新瀧五街７號三樓之二,16.95,住,,,1090325,土地1建物1車位1,三層,十五層,住宅大樓(11層含以上有電梯),住家用,鋼筋混凝土造,1100617,123.21000000000001,2,2,1,有,有,6420000,56979,坡道平面,34.23,1350000,預售屋、或土地及建物分件登記案件；,RPQPMLPLMHGGFBJ38DA,53.98,0.0,6.59,有,
竹北市,房地(土地+建物)+車位,新竹縣竹北市新瀧五街９號三樓之二,17.01,住,,,1090311,土地1建物1車位1,三層,十五層,住宅大樓(11層含以上有電梯),住家用,鋼筋混凝土造,1100617,123.57,2,2,1,有,有,6530000,57981,坡道平面,34.23,1350000,預售屋、或土地及建物分件登記案件；,RPWNMLNJNHGGFBJ48DA,54.93,0.0,5.9,有,
竹北市,房地(土地+建物)+車位,新竹縣竹北市新瀧五街９號八樓之二,17.01,住,,,1090304,土地1建物1車位1,八層,十五層,住宅大樓(11層含以上有電梯),住家用,鋼筋混凝土造,1100617,123.57,2,2,1,有,有,6460000,57197,坡道平面,34.23,1350000,預售屋、或土地及建物分件登記案件；,RPSOMLNJNHGGFBJ18DA,54.93,0.0,5.9,有,
新豐鄉,房地(土地+建物),新竹縣新豐鄉員山１３１之５５號,82.13,,山坡地保育區,丙種建築用地,1090317,土地3建物1車位0,全,三層,透天厝,住家用,鋼筋混凝土造,1100129,159.04,3,2,3,有,無,8650000,54389,,0.0,0,預售屋、或土地及建物分件登記案件；,RPQQMLQKMHGGFDJ68DA,143.74,0.0,15.3,無,
竹北市,房地(土地+建物)+車位,新竹縣竹北市高鐵五路１００號十四樓之三,33.07,住,,,1090307,土地1建物1車位1,十四層,十五層,住宅大樓(11層含以上有電梯),住家用,鋼筋混凝土造,1100601,163.01999999999998,3,2,2,有,有,12630000,86186,坡道平面,30.98,1250000,預售屋、或土地及建物分件登記案件；,RPSSMLPLOHGGFBJ09DA,79.72,0.0,8.99,有,
竹北市,房地(土地+建物)+車位,新竹縣竹北市新瀧五街７號十三樓之二,16.95,住,,,1090325,土地1建物1車位1,十三層,十五層,住宅大樓(11層含以上有電梯),住家用,鋼筋混凝土造,1100617,124.37,2,2,1,有,有,6880000,60463,坡道平面,35.39,1500000,預售屋、或土地及建物分件登記案件；,RPPQMLPLMHGGFBJ38DA,53.98,0.0,6.59,有,
竹北市,房地(土地+建物)+車位,新竹縣竹北市新瀧五街５號三樓之二,17.01,住,,,1090318,土地1建物1車位1,三層,十五層,住宅大樓(11層含以上有電梯),住家用,鋼筋混凝土造,1100617,124.72999999999999,2,2,1,有,有,6580000,57981,坡道平面,35.39,1400000,預售屋、或土地及建物分件登記案件；,RPPRMLOLMHGGFBJ38DA,54.93,0.0,5.9,有,
新豐鄉,房地(土地+建物),新竹縣新豐鄉員山１３１之８６號,82.47,,山坡地保育區,丙種建築用地,1090307,土地3建物1車位0,全,三層,透天厝,住家用,鋼筋混凝土造,1100129,159.04,3,2,3,有,無,8500000,53446,,0.0,0,預售屋、或土地及建物分件登記案件；,RPOSMLQKMHGGFDJ68DA,143.74,0.0,15.3,無,
竹東鎮,房地(土地+建物)+車位,新竹縣竹東鎮龍鳳路３０之２號二樓,23.55,商,,,1090304,土地1建物1車位1,二層,十五層,住宅大樓(11層含以上有電梯),住家用,鋼筋混凝土造,1100317,163.56,2,2,2,有,有,8000000,52560,坡道平面,30.57,1010000,預售屋、或土地及建物分件登記案件；,RPUQMLLJPHGGFCJ68DA,82.17,0.0,9.26,有,
竹東鎮,房地(土地+建物)+車位,新竹縣竹東鎮龍鳳路３０之７號三樓,23.73,商,,,1090327,土地1建物1車位2,三層,十五層,住宅大樓(11層含以上有電梯),住家用,鋼筋混凝土造,1100317,196.44,2,2,2,有,有,9880000,58463,坡道平面,61.14,1970000,預售屋、或土地及建物分件登記案件；,RPOOMLNJPHGGFCJ08DA,82.68,0.0,10.76,有,
竹北市,房地(土地+建物),新竹縣竹北市中山六街９７號,66.44,,鄉村區,乙種建築用地,1090315,土地1建物1車位0,全,四層,透天厝,住家用,鋼筋混凝土造,1100608,185.58,5,2,4,有,有,14360000,77379,,0.0,0,預售屋、或土地及建物分件登記案件；,RPTNMLLJQHGGFBJ28DA,166.8,0.0,18.78,無,
竹北市,房地(土地+建物),新竹縣竹北市水瀧二街２５１巷１３號,74.21,,鄉村區,乙種建築用地,1090314,土地2建物1車位0,全,四層,透天厝,住家用,鋼筋混凝土造,1100608,180.6,4,2,4,有,有,15080000,83499,,0.0,0,預售屋、或土地及建物分件登記案件；,RPVNMLLJQHGGFBJ48DA,161.14,0.0,19.46,無,
竹北市,房地(土地+建物),新竹縣竹北市中山六街１０５號,70.71,,鄉村區,乙種建築用地,1090310,土地3建物1車位0,全,四層,透天厝,住家用,鋼筋混凝土造,1100608,214.96,4,2,5,有,有,15600000,72572,,0.0,0,預售屋、或土地及建物分件登記案件；,RPUOMLLJQHGGFBJ48DA,196.16,0.0,18.8,無,
竹北市,房地(土地+建物),新竹縣竹北市水瀧二街２５１巷５弄７號,70.27,,鄉村區,乙種建築用地,1090328,土地3建物1車位0,全,四層,透天厝,住家用,鋼筋混凝土造,1100608,207.79,5,2,4,有,有,13700000,65932,,0.0,0,預售屋、或土地及建物分件登記案件；,RPRPMLLJQHGGFBJ28DA,195.91,0.0,11.88,無,
竹北市,房地(土地+建物),新竹縣竹北市水瀧二街２５１巷５弄５號,74.77,,鄉村區,乙種建築用地,1090308,土地3建物1車位0,全,四層,透天厝,住家用,鋼筋混凝土造,1100608,219.75,5,2,4,有,有,14160000,64437,,0.0,0,預售屋、或土地及建物分件登記案件；,RPSPMLLJQHGGFBJ38DA,205.05,0.0,14.7,無,
竹北市,房地(土地+建物)+車位,新竹縣竹北市新瀧五街９號四樓之一,25.44,住,,,1090304,土地1建物1車位1,四層,十五層,住宅大樓(11層含以上有電梯),住家用,鋼筋混凝土造,1100617,168.96,3,2,2,有,有,8910000,56974,坡道平面,35.39,1300000,110.01.10預售屋權利轉售，權利買賣契約成交價格新台幣1060萬元。預售屋、或土地及建物分件登記案件；,RPPPMLOKPHGGFBJ38DA,81.57,0.0,9.33,有,
竹北市,房地(土地+建物)+車位,新竹縣竹北市新瀧五街５號十五樓之一,25.96,住,,,1090304,土地1建物1車位1,十五層,十五層,住宅大樓(11層含以上有電梯),住家用,鋼筋混凝土造,1100617,171.73000000000002,3,2,2,有,有,9850000,61977,坡道平面,35.39,1400000,預售屋、或土地及建物分件登記案件；,RPXQMLOLMHGGFBJ09DA,84.58,0.0,8.22,有,
竹北市,房地(土地+建物)+車位,新竹縣竹北市新瀧五街９號十四樓之三,25.96,住,,,1090325,土地1建物1車位1,十四層,十五層,住宅大樓(11層含以上有電梯),住家用,鋼筋混凝土造,1100617,171.73000000000002,3,2,2,有,有,9700000,60877,坡道平面,35.39,1400000,預售屋、或土地及建物分件登記案件；,RPXQMLNJNHGGFBJ88DA,84.58,0.0,8.22,有,
新豐鄉,房地(土地+建物)+車位,新竹縣新豐鄉員山１３１之１３１號五樓,25.45,,山坡地保育區,丙種建築用地,1090318,土地3建物1車位1,五層,七層,華廈(10層含以下有電梯),住家用,鋼筋混凝土造,1100401,94.94999999999999,2,2,1,有,無,3900000,42150,坡道平面,28.52,1100000,預售屋、或土地及建物分件登記案件；,RPUOMLLJPHGGFDJ58DA,41.0,0.0,3.65,有,
芎林鄉,房地(土地+建物),新竹縣芎林鄉福昌街５６５巷１２弄１３號,84.15,,特定農業區,甲種建築用地,1090327,土地2建物1車位0,全,四層,透天厝,住家用,鋼筋混凝土造,1100503,188.82,5,2,4,有,無,12000000,63553,,0.0,0,,RPTNMLKLQHGGFCJ58EA,174.11,0.0,14.71,無,
竹東鎮,房地(土地+建物)+車位,新竹縣竹東鎮龍鳳路２８號二樓,24.76,商,,,1090305,土地1建物1車位2,二層,十五層,住宅大樓(11層含以上有電梯),住家用,鋼筋混凝土造,1100317,200.35000000000002,2,2,2,有,有,9500000,53301,坡道平面,61.14,2080000,預售屋、或土地及建物分件登記案件；,RPTOMLSLPHGGFCJ66DA,86.31,0.0,8.56,有,
新豐鄉,房地(土地+建物)+車位,新竹縣新豐鄉建興路二段６９０號二樓,29.99,住,,,1090311,土地1建物1車位1,二層,十二層,住宅大樓(11層含以上有電梯),住家用,鋼筋混凝土造,1100623,134.69,3,2,2,有,有,7480000,59944,坡道平面,26.59,1000000,,RPXNMLQJQHGGFDJ76DA,73.67,0.0,7.38,有,
竹北市,房地(土地+建物)+車位,新竹縣竹北市新瀧五街９號二樓之二,17.01,住,,,1090311,土地1建物1車位1,二層,十五層,住宅大樓(11層含以上有電梯),住家用,鋼筋混凝土造,1100617,124.72999999999999,2,2,1,有,有,6780000,59100,坡道平面,35.39,1500000,預售屋、或土地及建物分件登記案件；,RPVNMLNJNHGGFBJ38DA,54.93,0.0,5.9,有,
新豐鄉,房地(土地+建物)+車位,新竹縣新豐鄉建興路二段６９０之１號九樓,24.67,住,,,1090324,土地1建物1車位1,九層,十二層,住宅大樓(11層含以上有電梯),住家用,鋼筋混凝土造,1100623,110.50999999999999,2,2,2,有,有,5750000,52031,一樓平面,0.0,1150000,,RPXOMLTJQHGGFDJ17DA,56.24,0.0,6.41,有,
新豐鄉,房地(土地+建物)+車位,新竹縣新豐鄉建興路二段６９０之１號十樓,24.67,住,,,1090307,土地1建物1車位1,十層,十二層,住宅大樓(11層含以上有電梯),住家用,鋼筋混凝土造,1100623,110.50999999999999,2,2,2,有,有,5680000,55767,坡道平面,26.59,1000000,,RPOPMLTJQHGGFDJ98DA,56.24,0.0,6.41,有,
新豐鄉,房地(土地+建物)+車位,新竹縣新豐鄉建興路二段６８８之１號三樓,23.7,住,,,1090310,土地1建物1車位1,三層,十二層,住宅大樓(11層含以上有電梯),住家用,鋼筋混凝土造,1100623,106.02,2,2,1,有,有,5100000,51618,坡道平面,26.59,1000000,,RPSPMLTJQHGGFDJ76DA,53.14,0.0,6.41,有,
竹北市,房地(土地+建物)+車位,新竹縣竹北市日興一街２２號十三樓,14.95,住,,,1090322,土地1建物1車位1,十三層,十四層,住宅大樓(11層含以上有電梯),住家用,鋼筋混凝土造,1100603,102.25999999999999,1,1,1,有,有,6780000,78939,坡道平面,36.64,1600000,預售屋、或土地及建物分件登記案件；,RPUNMLNLOHGGFBJ58DA,39.47,1.27,3.2,有,
竹北市,房地(土地+建物)+車位,新竹縣竹北市日興一街１８號三樓,17.4,住,,,1090321,土地1建物1車位1,三層,十四層,住宅大樓(11層含以上有電梯),住家用,鋼筋混凝土造,1100603,119.0,2,1,1,有,有,8590000,86693,坡道平面,36.64,1450000,實際成交未執行裝潢＄74萬元，自房地總價中扣除。含裝潢費740000元；預售屋、或土地及建物分件登記案件；,RPTQMLNLOHGGFBJ78DA,47.69,4.78,2.74,有,
竹北市,房地(土地+建物)+車位,新竹縣竹北市日興一街１０號十樓,22.45,住,,,1090308,土地1建物1車位1,十層,十四層,住宅大樓(11層含以上有電梯),住家用,鋼筋混凝土造,1100603,153.55,3,2,2,有,有,12300000,92806,坡道平面,36.64,1450000,實際成交未執行裝潢＄105萬元，自房地總價中扣除。含裝潢費1050000元；預售屋、或土地及建物分件登記案件；,RPPOMLMLOHGGFBJ08DA,70.25,3.59,4.5,有,
竹東鎮,房地(土地+建物)+車位,東榮路５６之２號十一樓,28.61,住,,,1090208,土地1建物1車位1,十一層,十三層,住宅大樓(11層含以上有電梯),住家用,鋼筋混凝土造,1100128,163.89,3,2,2,有,有,8240000,57765,坡道平面,39.42,1050000,預售屋、或土地及建物分件登記案件；,RPROMLNLLHGGFCJ18DA,74.69,0.0,12.91,有,
湖口鄉,房地(土地+建物),吳厝路３６號二樓之１,51.84,,特定農業區,甲種建築用地,1090210,土地4建物1車位0,二層,五層,華廈(10層含以下有電梯),住家用,鋼筋混凝土造,1100104,75.04,2,2,1,有,無,3300000,43977,,0.0,0,農地上做分管停車用並含在總價款裡預售屋、或土地及建物分件登記案件；,RPPOMLOJOHGGFDJ28DA,54.83,0.0,5.59,有,
竹北市,房地(土地+建物)+車位,北新一街２１號九樓之五,14.01,商,,,1090207,土地1建物1車位1,九層,二十四層,住宅大樓(11層含以上有電梯),住家用,鋼筋混凝土造,1091225,156.94,3,2,2,有,有,8680000,57085,坡道平面,29.41,1400000,預售屋、或土地及建物分件登記案件；,RPTOMLTLMHGGFBJ98DA,80.96,0.0,5.66,有,
竹北市,房地(土地+建物)+車位,北新一街２１號十樓之三,11.47,商,,,1090207,土地1建物1車位1,十層,二十四層,住宅大樓(11層含以上有電梯),住家用,鋼筋混凝土造,1091225,130.03,2,1,1,有,有,7130000,56947,坡道平面,29.41,1400000,其他                     :50000元；預售屋、或土地及建物分件登記案件；,RPXNMLTLMHGGFBJ66DA,62.8,0.0,5.36,有,
竹北市,房地(土地+建物)+車位,北新一街１７號十八樓之六,11.47,商,,,1090225,土地1建物1車位1,十八層,二十四層,住宅大樓(11層含以上有電梯),住家用,鋼筋混凝土造,1091225,130.39,2,1,1,有,有,7660000,62076,坡道平面,28.74,1350000,預售屋、或土地及建物分件登記案件；,RPWOMLRJOHGGFBJ09DA,62.8,0.0,6.06,有,
新豐鄉,房地(土地+建物),埔頂２７５之２０號,85.56,,特定農業區,甲種建築用地,1090224,土地2建物1車位0,全,四層,透天厝,住家用,鋼筋混凝土造,1100318,174.62,4,2,5,有,無,6489000,37161,,0.0,0,,RPTPMLLMNHGGFDJ68DA,170.7,0.0,3.92,無,
新豐鄉,房地(土地+建物),埔頂２７５之６號,83.56,,特定農業區,甲種建築用地,1090217,土地2建物1車位0,全,四層,透天厝,住家用,鋼筋混凝土造,1100318,166.51,4,2,5,有,無,6200000,37235,,0.0,0,,RPQQMLLMNHGGFDJ48DA,162.77,0.0,3.74,無,
新豐鄉,房地(土地+建物),埔頂２７５之１５號,84.56,,特定農業區,甲種建築用地,1090218,土地2建物1車位0,全,四層,透天厝,住家用,鋼筋混凝土造,1100318,170.21,4,2,5,有,無,6300000,37013,,0.0,0,,RPXOMLLMNHGGFDJ98DA,166.39,0.0,3.82,無,
新豐鄉,房地(土地+建物)+車位,中崙２８７之３號二樓之１,36.3,,特定農業區,甲種建築用地,1090221,土地1建物1車位1,二層,五層,華廈(10層含以下有電梯),住家用,鋼筋混凝土造,1100203,120.59,3,2,2,有,有,5600000,46438,一樓平面,0.0,0,預售屋、或土地及建物分件登記案件；,RPQPMLTJOHGGFDJ98DA,76.09,0.0,9.09,有,
竹東鎮,房地(土地+建物)+車位,新竹縣竹東鎮龍鳳路２６之１號十三樓,16.61,商,,,1090204,土地1建物1車位1,十三層,十五層,住宅大樓(11層含以上有電梯),住家用,鋼筋混凝土造,1100317,122.35,2,2,1,有,有,6110000,55568,坡道平面,30.57,1010000,預售屋、或土地及建物分件登記案件；,RPRRMLLMNHGGFCJ58DA,57.82,0.0,4.25,有,
竹東鎮,房地(土地+建物)+車位,新竹縣竹東鎮龍鳳路２２之１號十三樓,17.04,商,,,1090204,土地1建物1車位1,十三層,十五層,住宅大樓(11層含以上有電梯),住家用,鋼筋混凝土造,1100317,124.38,2,2,1,有,有,6190000,55218,坡道平面,30.57,1010000,預售屋、或土地及建物分件登記案件；,RPSRMLLMNHGGFCJ68DA,59.45,0.0,3.84,有,
竹東鎮,房地(土地+建物)+車位,新竹縣竹東鎮龍鳳路２６號二樓,16.61,商,,,1090229,土地1建物1車位1,二層,十五層,住宅大樓(11層含以上有電梯),住家用,鋼筋混凝土造,1100317,122.35,2,2,1,有,有,6100000,55459,坡道平面,30.57,1010000,預售屋、或土地及建物分件登記案件；,RPTRMLQJOHGGFCJ09DA,57.82,0.0,4.25,有,
竹東鎮,房地(土地+建物)+車位,新竹縣竹東鎮龍鳳路１８之１號十五樓,16.61,商,,,1090209,土地1建物1車位1,十五層,十五層,住宅大樓(11層含以上有電梯),住家用,鋼筋混凝土造,1100317,122.35,2,2,1,有,有,6000000,54914,坡道平面,30.57,960000,110.5.3讓與價格新台幣600萬預售屋、或土地及建物分件登記案件；,RPVPMLQJOHGGFCJ09DA,57.82,0.0,4.25,有,0336
竹北市,房地(土地+建物)+車位,新竹縣竹北市高鐵五路１００號五樓之一,33.07,住,,,1090222,土地1建物1車位1,五層,十五層,住宅大樓(11層含以上有電梯),住家用,鋼筋混凝土造,1100601,162.92000000000002,3,2,2,有,有,10960000,73594,坡道平面,30.98,1250000,權利人於109年10月31日買讓權利權利讓渡金額1160萬元正預售屋、或土地及建物分件登記案件；,RPXPMLKMOHGGFBJ88DA,79.67,0.0,8.99,有,
竹北市,房地(土地+建物)+車位,新竹縣竹北市高鐵五路１００號五樓之二,33.07,住,,,1090215,土地1建物1車位1,五層,十五層,住宅大樓(11層含以上有電梯),住家用,鋼筋混凝土造,1100601,163.05,3,2,2,有,有,11670000,78898,坡道平面,30.98,1250000,預售屋、或土地及建物分件登記案件；,RPUOMLPLOHGGFBJ88DA,79.74,0.0,8.99,有,
竹北市,房地(土地+建物)+車位,新竹縣竹北市高鐵五路１００號八樓之一,33.07,住,,,1090229,土地1建物1車位1,八層,十五層,住宅大樓(11層含以上有電梯),住家用,鋼筋混凝土造,1100601,162.92000000000002,3,2,2,有,有,11560000,77763,坡道平面,30.98,1300000,預售屋、或土地及建物分件登記案件；,RPQQMLPLOHGGFBJ68DA,79.67,0.0,8.99,有,
竹北市,房地(土地+建物)+車位,新竹縣竹北市高鐵五路１００號四樓之一,33.07,住,,,1090215,土地1建物1車位1,四層,十五層,住宅大樓(11層含以上有電梯),住家用,鋼筋混凝土造,1100601,162.92000000000002,3,2,2,有,有,10750000,72002,坡道平面,30.98,1250000,預售屋、或土地及建物分件登記案件；,RPXPMLPLOHGGFBJ66DA,79.67,0.0,8.99,有,
竹北市,房地(土地+建物)+車位,新竹縣竹北市復興二路２５５號四樓之一,20.68,商,,,1090225,土地1建物1車位1,四層,二十四層,住宅大樓(11層含以上有電梯),住家用,鋼筋混凝土造,1091226,203.93,3,2,2,有,有,19300000,103122,坡道平面,30.35,1400000,預售屋、或土地及建物分件登記案件；,RPSRMLLKOHGGFBJ48DA,96.29,7.11,8.94,有,
新豐鄉,房地(土地+建物),新竹縣新豐鄉員山１３１之７７號,82.47,,山坡地保育區,丙種建築用地,1090201,土地3建物1車位0,全,三層,透天厝,住家用,鋼筋混凝土造,1100129,159.04,3,2,3,有,無,8230000,51748,,0.0,0,預售屋、或土地及建物分件登記案件；,RPRRMLQKMHGGFDJ88DA,143.74,0.0,15.3,無,
竹北市,房地(土地+建物)+車位,新竹縣竹北市高鐵五路１００號八樓之二,33.07,住,,,1090215,土地1建物1車位1,八層,十五層,住宅大樓(11層含以上有電梯),住家用,鋼筋混凝土造,1100601,163.05,3,2,2,有,有,11850000,80260,坡道平面,30.98,1250000,預售屋權利轉售權利買賣契約成立於109年10月13日成交價格新台幣1265萬元預售屋、或土地及建物分件登記案件；,RPUPMLOKPHGGFBJ88DA,79.74,0.0,8.99,有,
竹北市,房地(土地+建物)+車位,新竹縣竹北市高鐵五路１００號四樓之五,22.05,住,,,1090223,土地1建物1車位1,四層,十五層,住宅大樓(11層含以上有電梯),住家用,鋼筋混凝土造,1100601,119.3,2,2,1,有,有,8240000,80276,坡道平面,30.98,1150000,預售屋、或土地及建物分件登記案件；,RPSRMLPLOHGGFBJ98DA,55.29,0.0,4.04,有,
竹北市,房地(土地+建物)+車位,新竹縣竹北市高鐵五路１００號七樓之五,22.05,住,,,1090223,土地1建物1車位1,七層,十五層,住宅大樓(11層含以上有電梯),住家用,鋼筋混凝土造,1100601,119.3,2,2,1,有,有,8480000,82994,坡道平面,30.98,1150000,預售屋、或土地及建物分件登記案件；,RPURMLPLOHGGFBJ56DA,55.29,0.0,4.04,有,
竹北市,房地(土地+建物)+車位,新竹縣竹北市高鐵五路１００號六樓之六,32.86,住,,,1090222,土地1建物1車位1,六層,十五層,住宅大樓(11層含以上有電梯),住家用,鋼筋混凝土造,1100601,162.76,3,2,2,有,有,11550000,78161,坡道平面,30.98,1250000,預售屋、或土地及建物分件登記案件；,RPXQMLPLOHGGFBJ76DA,79.53,0.0,8.99,有,
竹北市,房地(土地+建物)+車位,新竹縣竹北市高鐵五路１００號十二樓之三,33.07,住,,,1090215,土地1建物1車位1,十二層,十五層,住宅大樓(11層含以上有電梯),住家用,鋼筋混凝土造,1100601,163.01999999999998,3,2,2,有,有,12780000,86186,坡道平面,30.98,1400000,預售屋、或土地及建物分件登記案件；,RPQRMLOLOHGGFBJ68DA,79.72,0.0,8.99,有,
竹東鎮,房地(土地+建物)+車位,新竹縣竹東鎮榮華街７號四樓,25.97,住,,,1090214,土地1建物1車位1,四層,五層,華廈(10層含以下有電梯),住家用,鋼筋混凝土造,1100517,84.55,2,2,1,有,無,5500000,65050,升降機械,5.16,0,,RPUNMLRLOHGGFCJ09DA,52.26,0.0,4.31,有,
新豐鄉,房地(土地+建物),新竹縣新豐鄉坑子口４５８之１號,272.0,,特定農業區,農牧用地,1090202,土地3建物1車位0,全,四層,透天厝,住家用,鋼筋混凝土造,1100319,194.44,4,2,3,有,有,9500000,48858,,0.0,0,,RPPNMLNLPHGGFDJ38DA,170.81,0.0,23.63,無,
竹東鎮,房地(土地+建物)+車位,新竹縣竹東鎮龍鳳路２０之１號三樓,17.04,商,,,1090218,土地1建物1車位1,三層,十五層,住宅大樓(11層含以上有電梯),住家用,鋼筋混凝土造,1100317,124.38,2,2,1,有,有,6110000,54365,坡道平面,30.57,1010000,預售屋、或土地及建物分件登記案件；,RPXNMLTKOHGGFCJ86DA,59.45,0.0,3.84,有,
竹東鎮,房地(土地+建物)+車位,新竹縣竹東鎮龍鳳路１８號十五樓,16.61,商,,,1090212,土地1建物1車位1,十五層,十五層,住宅大樓(11層含以上有電梯),住家用,鋼筋混凝土造,1100317,122.35,2,2,1,有,有,6100000,54914,坡道平面,30.57,1060000,預售屋、或土地及建物分件登記案件；,RPUNMLMKOHGGFCJ48DA,57.82,0.0,4.25,有,
竹北市,房地(土地+建物)+車位,新竹縣竹北市高鐵五路１００號四樓之六,32.86,住,,,1090216,土地1建物1車位1,四層,十五層,住宅大樓(11層含以上有電梯),住家用,鋼筋混凝土造,1100601,162.76,3,2,2,有,有,11220000,75656,坡道平面,30.98,1250000,,RPWNMLNLPHGGFBJ88DA,79.53,0.0,8.99,有,
竹北市,房地(土地+建物)+車位,新竹縣竹北市高鐵五路１００號十二樓之六,32.86,住,,,1090222,土地1建物1車位1,十二層,十五層,住宅大樓(11層含以上有電梯),住家用,鋼筋混凝土造,1100601,162.76,3,2,2,有,有,12290000,83776,坡道平面,30.98,1250000,預售屋權利轉售權利買賣契約成立於109年11月25日成交價格新台幣1368萬元,RPQQMLOKPHGGFBJ58DA,79.53,0.0,8.99,有,
竹東鎮,房地(土地+建物)+車位,新竹縣竹東鎮龍鳳路３０之２號三樓,23.55,商,,,1090204,土地1建物1車位1,三層,十五層,住宅大樓(11層含以上有電梯),住家用,鋼筋混凝土造,1100317,163.56,2,2,2,有,有,8080000,52786,坡道平面,30.57,1060000,預售屋、或土地及建物分件登記案件；,RPQOMLTKOHGGFCJ88DA,82.17,0.0,9.26,有,
竹東鎮,房地(土地+建物)+車位,新竹縣竹東鎮龍鳳路３０之２號十五樓,23.55,商,,,1090207,土地1建物1車位1,十五層,十五層,住宅大樓(11層含以上有電梯),住家用,鋼筋混凝土造,1100317,163.56,2,2,2,有,有,8500000,55418,坡道平面,30.57,1130000,預售屋、或土地及建物分件登記案件；,RPSOMLTKOHGGFCJ09DA,82.17,0.0,9.26,有,
竹東鎮,房地(土地+建物)+車位,新竹縣竹東鎮龍鳳路２６之１號十五樓,16.61,商,,,1090203,土地1建物1車位2,十五層,十五層,住宅大樓(11層含以上有電梯),住家用,鋼筋混凝土造,1100317,152.91,2,2,1,有,有,7200000,56445,坡道平面,61.14,2020000,預售屋、或土地及建物分件登記案件；,RPTOMLRLOHGGFCJ09DA,57.82,0.0,4.25,有,
竹東鎮,房地(土地+建物)+車位,新竹縣竹東鎮龍鳳路３０之２號十四樓,23.55,商,,,1090201,土地1建物1車位1,十四層,十五層,住宅大樓(11層含以上有電梯),住家用,鋼筋混凝土造,1100317,163.56,2,2,2,有,有,8310000,54816,坡道平面,30.57,1020000,預售屋、或土地及建物分件登記案件；,RPQPMLRLOHGGFCJ88DA,82.17,0.0,9.26,有,
竹北市,房地(土地+建物)+車位,新竹縣竹北市新瀧五街７號九樓之二,16.95,住,,,1090219,土地1建物1車位1,九層,十五層,住宅大樓(11層含以上有電梯),住家用,鋼筋混凝土造,1100617,124.37,2,2,1,有,有,6480000,58215,坡道平面,35.39,1300000,預售屋、或土地及建物分件登記案件；,RPVPMLPLMHGGFBJ88DA,53.98,0.0,6.59,有,
竹北市,房地(土地+建物)+車位,新竹縣竹北市新瀧五街５號十樓之二,17.01,住,,,1090226,土地1建物1車位1,十層,十五層,住宅大樓(11層含以上有電梯),住家用,鋼筋混凝土造,1100617,124.72999999999999,2,2,1,有,有,6730000,60779,坡道平面,35.39,1300000,預售屋、或土地及建物分件登記案件；,RPVNMLKKNHGGFBJ18DA,54.93,0.0,5.9,有,
竹北市,房地(土地+建物)+車位,新竹縣竹北市新瀧五街９號四樓之二,17.01,住,,,1090206,土地1建物1車位1,四層,十五層,住宅大樓(11層含以上有電梯),住家用,鋼筋混凝土造,1100617,124.72999999999999,2,2,1,有,有,6530000,57421,坡道平面,35.39,1400000,預售屋、或土地及建物分件登記案件；,RPOOMLNJNHGGFBJ77DA,54.93,0.0,5.9,有,
竹北市,房地(土地+建物)+車位,新竹縣竹北市新瀧五街９號十三樓之一,25.44,住,,,1090226,土地1建物1車位1,十三層,十五層,住宅大樓(11層含以上有電梯),住家用,鋼筋混凝土造,1100617,168.96,3,2,2,有,有,9380000,60493,坡道平面,35.39,1300000,預售屋、或土地及建物分件登記案件；,RPRNMLLJNHGGFBJ77DA,81.57,0.0,9.33,有,
竹北市,房地(土地+建物)+車位,新竹縣竹北市新瀧五街７號九樓之三,24.6,住,,,1090206,土地1建物1車位1,九層,十五層,住宅大樓(11層含以上有電梯),住家用,鋼筋混凝土造,1100617,164.54,3,2,2,有,有,9000000,59621,坡道平面,35.39,1300000,預售屋、或土地及建物分件登記案件；,RPXPMLTLMHGGFBJ86DA,78.61,0.0,9.33,有,
竹北市,房地(土地+建物)+車位,新竹縣竹北市新瀧五街７號七樓之三,24.6,住,,,1090213,土地1建物1車位1,七層,十五層,住宅大樓(11層含以上有電梯),住家用,鋼筋混凝土造,1100617,164.54,3,2,2,有,有,9100000,58846,坡道平面,35.39,1500000,預售屋、或土地及建物分件登記案件；,RPXRMLSLMHGGFBJ96DA,78.61,0.0,9.33,有,
新豐鄉,房地(土地+建物),新竹縣新豐鄉員山１３１之６０號,82.13,,山坡地保育區,丙種建築用地,1090227,土地3建物1車位0,全,三層,透天厝,住家用,鋼筋混凝土造,1100129,159.04,3,2,3,有,無,8400000,52817,,0.0,0,預售屋、或土地及建物分件登記案件；,RPVPMLQKMHGGFDJ09DA,143.74,0.0,15.3,無,
竹北市,房地(土地+建物)+車位,新竹縣竹北市新瀧五街７號十樓之一,25.29,住,,,1090219,土地1建物1車位1,十層,十五層,住宅大樓(11層含以上有電梯),住家用,鋼筋混凝土造,1100617,168.2,3,2,2,有,有,9360000,60688,坡道平面,35.39,1300000,預售屋、或土地及建物分件登記案件；,RPROMLPLMHGGFBJ38DA,81.1,0.0,9.33,有,
竹北市,房地(土地+建物)+車位,新竹縣竹北市新瀧五街５號十一樓之三,25.56,住,,,1090206,土地1建物1車位1,十一層,十五層,住宅大樓(11層含以上有電梯),住家用,鋼筋混凝土造,1100617,169.57999999999998,3,2,2,有,有,9440000,59915,坡道平面,35.39,1400000,預售屋、或土地及建物分件登記案件；,RPRTMLOLMHGGFBJ78DA,81.93,0.0,9.4,有,
竹北市,房地(土地+建物)+車位,新竹縣竹北市新瀧五街５號八樓之一,25.96,住,,,1090213,土地1建物1車位1,八層,十五層,住宅大樓(11層含以上有電梯),住家用,鋼筋混凝土造,1100617,171.73000000000002,3,2,2,有,有,9580000,59997,坡道平面,35.39,1400000,109.06.28預售屋權利轉售，權利買賣契約成交價格新台幣1060萬元。預售屋、或土地及建物分件登記案件；,RPPOMLOKPHGGFBJ28DA,84.58,0.0,8.22,有,
新豐鄉,房地(土地+建物),新竹縣新豐鄉員山１３１之１０７號,91.68,,山坡地保育區,丙種建築用地,1090204,土地3建物1車位0,全,三層,透天厝,住家用,鋼筋混凝土造,1100129,161.25,3,2,3,有,無,8500000,52713,,0.0,0,預售屋、或土地及建物分件登記案件；,RPSNMLOLNHGGFDJ58DA,146.0,0.0,15.25,無,
竹東鎮,房地(土地+建物)+車位,新竹縣竹東鎮龍鳳路２６之１號十二樓,16.61,商,,,1090215,土地1建物1車位1,十二層,十五層,住宅大樓(11層含以上有電梯),住家用,鋼筋混凝土造,1100317,122.35,2,2,1,有,有,6300000,57093,坡道平面,30.57,1060000,預售屋、或土地及建物分件登記案件；,RPUNMLLJPHGGFCJ38DA,57.82,0.0,4.25,有,
竹東鎮,房地(土地+建物)+車位,新竹縣竹東鎮龍鳳路２０號二樓,16.91,商,,,1090222,土地1建物1車位1,二層,十五層,住宅大樓(11層含以上有電梯),住家用,鋼筋混凝土造,1100317,123.88,2,2,1,有,有,6500000,58836,坡道平面,30.57,1010000,預售屋、或土地及建物分件登記案件；,RPRNMLLKPHGGFCJ18DA,58.94,0.0,4.08,有,
竹北市,房地(土地+建物)+車位,新竹縣竹北市新瀧五街５號七樓之二,17.01,住,,,1090213,土地1建物1車位1,七層,十五層,住宅大樓(11層含以上有電梯),住家用,鋼筋混凝土造,1100617,124.72999999999999,2,2,1,有,有,6680000,59100,坡道平面,35.39,1400000,110.03.03預售屋權利轉售，權利買賣契約成交價格新台幣905萬元。預售屋、或土地及建物分件登記案件；,RPROMLOKPHGGFBJ48DA,54.93,0.0,5.9,有,
竹北市,房地(土地+建物)+車位,新竹縣竹北市新瀧五街７號四樓之二,16.95,住,,,1090226,土地1建物1車位1,四層,十五層,住宅大樓(11層含以上有電梯),住家用,鋼筋混凝土造,1100617,123.21000000000001,2,2,1,有,有,6300000,56754,坡道平面,34.23,1250000,預售屋、或土地及建物分件登記案件；,RPOOMLKKNHGGFBJ57DA,53.98,0.0,6.59,有,
竹北市,房地(土地+建物)+車位,新竹縣竹北市新瀧五街７號十樓之三,24.6,住,,,1090219,土地1建物1車位1,十層,十五層,住宅大樓(11層含以上有電梯),住家用,鋼筋混凝土造,1100617,164.54,3,2,2,有,有,9100000,59621,坡道平面,35.39,1400000,預售屋、或土地及建物分件登記案件；,RPQQMLTLMHGGFBJ88DA,78.61,0.0,9.33,有,
竹北市,房地(土地+建物)+車位,新竹縣竹北市高鐵五路１００號七樓之三,33.07,住,,,1090229,土地1建物1車位1,七層,十五層,住宅大樓(11層含以上有電梯),住家用,鋼筋混凝土造,1100601,163.01999999999998,3,2,2,有,有,12230000,83157,坡道平面,30.98,1250000,預售屋權利轉售權利買賣契約成交價格新台幣1350萬元合約未標注日期,RPVNMLNLPHGGFBJ78DA,79.72,0.0,8.99,有,
新豐鄉,房地(土地+建物)+車位,新竹縣新豐鄉建興路二段６８８號三樓,29.99,住,,,1090214,土地1建物1車位1,三層,十二層,住宅大樓(11層含以上有電梯),住家用,鋼筋混凝土造,1100623,134.69,3,2,2,有,有,6630000,50694,一樓平面,26.59,1150000,,RPQNMLTJQHGGFDJ98DA,73.67,0.0,7.38,有,
新豐鄉,房地(土地+建物)+車位,新竹縣新豐鄉員山１３１之１２２號五樓,33.7,,山坡地保育區,丙種建築用地,1090222,土地3建物1車位1,五層,七層,華廈(10層含以下有電梯),住家用,鋼筋混凝土造,1100401,139.47,3,2,2,有,無,5980000,43984,坡道平面,28.52,1100000,預售屋、或土地及建物分件登記案件；,RPSPMLPLOHGGFDJ98DA,67.95,0.0,6.66,有,
竹北市,房地(土地+建物)+車位,新竹縣竹北市日興一街２６號十二樓,18.68,住,,,1090209,土地1建物1車位1,十二層,十四層,住宅大樓(11層含以上有電梯),住家用,鋼筋混凝土造,1100603,127.72,2,2,1,有,有,9820000,91897,坡道平面,36.64,1450000,實際成交未執行裝潢＄82萬元，自房地總價中扣除。含裝潢費820000元；預售屋、或土地及建物分件登記案件；,RPWTMLNLOHGGFBJ76DA,54.88,3.0,3.17,有,
新豐鄉,房地(土地+建物)+車位,新竹縣新豐鄉建興路二段６９０之１號八樓,24.67,住,,,1090215,土地1建物1車位1,八層,十二層,住宅大樓(11層含以上有電梯),住家用,鋼筋混凝土造,1100623,110.50999999999999,2,2,2,有,有,5450000,53027,坡道平面,26.59,1000000,,RPVOMLTJQHGGFDJ96DA,56.24,0.0,6.41,有,
新豐鄉,房地(土地+建物)+車位,新竹縣新豐鄉建興路二段６８８之１號五樓,29.63,住,,,1090211,土地1建物1車位2,五層,十二層,住宅大樓(11層含以上有電梯),住家用,鋼筋混凝土造,1100623,132.61,2,2,1,有,有,6310000,51744,一樓平面,53.18,2200000,,RPWPMLTJQHGGFDJ17DA,53.14,0.0,6.41,有,
竹東鎮,房地(土地+建物)+車位,新竹縣竹東鎮龍鳳路２２之１號十四樓,17.04,商,,,1090208,土地1建物1車位1,十四層,十五層,住宅大樓(11層含以上有電梯),住家用,鋼筋混凝土造,1100317,124.38,2,2,1,有,有,6120000,55005,坡道平面,30.57,960000,109.12.5讓與價格新台幣612萬預售屋、或土地及建物分件登記案件；,RPUNMLSJQHGGFCJ56DA,59.45,0.0,3.84,有,
竹東鎮,房地(土地+建物)+車位,新竹縣竹東鎮龍鳳路１８之１號二樓,16.61,商,,,1090216,土地1建物1車位1,二層,十五層,住宅大樓(11層含以上有電梯),住家用,鋼筋混凝土造,1100317,122.35,2,2,1,有,有,7400000,69078,坡道平面,30.57,1060000,109.11.27讓與價格新台幣740萬預售屋、或土地及建物分件登記案件；,RPWNMLSJQHGGFCJ76DA,57.82,0.0,4.25,有,
竹北市,房地(土地+建物)+車位,新竹縣竹北市日興一街１０號十一樓,22.45,住,,,1090223,土地1建物1車位1,十一層,十四層,住宅大樓(11層含以上有電梯),住家用,鋼筋混凝土造,1100603,153.55,3,2,2,有,有,12550000,93662,坡道平面,36.64,1600000,實際成交未執行裝潢＄105萬元，自房地總價中扣除。含裝潢費1050000元；預售屋、或土地及建物分件登記案件；,RPQOMLMLOHGGFBJ18DA,70.25,3.59,4.5,有,
新埔鎮,土地,汶水坑段804地號,325.0,,山坡地保育區,林業用地,1090203,土地1建物0車位0,,,其他,,,,0.0,0,0,0,有,無,465500,1432,,0.0,0,政府機關標讓售；,RPOQMLNJRHGGFBJ48EA,0.0,0.0,0.0,無,
湖口鄉,房地(土地+建物),新竹縣湖口鄉維東二街１２號,81.31,,鄉村區,乙種建築用地,1090212,土地1建物1車位0,全,三層,透天厝,住家用,鋼筋混凝土造,1100505,176.59,3,2,3,有,無,8820000,49946,,0.0,0,,RPQRMLTJQHGGFDJ76DA,165.23,0.0,11.36,無,
竹東鎮,房地(土地+建物)+車位,龍鳳路２０號十三樓,16.91,商,,,1090121,土地1建物1車位1,十三層,十五層,住宅大樓(11層含以上有電梯),住家用,鋼筋混凝土造,1100317,123.88,2,2,1,有,有,6000000,54549,坡道平面,30.57,910000,預售屋、或土地及建物分件登記案件；,RPUVMLQLNHGGFCJ07DA,58.94,0.0,4.08,有,
竹東鎮,房地(土地+建物)+車位,龍鳳路２２之１號十五樓,17.04,商,,,1090130,土地1建物1車位1,十五層,十五層,住宅大樓(11層含以上有電梯),住家用,鋼筋混凝土造,1100317,124.38,2,2,1,有,有,6060000,54365,坡道平面,30.57,960000,預售屋、或土地及建物分件登記案件；,RPQWMLQLNHGGFCJ76DA,59.45,0.0,3.84,有,0635
竹東鎮,房地(土地+建物)+車位,龍鳳路２６之１號二樓,16.61,商,,,1090112,土地1建物1車位2,二層,十五層,住宅大樓(11層含以上有電梯),住家用,鋼筋混凝土造,1100317,152.91,2,2,1,有,有,8310000,68541,坡道平面,61.14,2020000,預售屋、或土地及建物分件登記案件；,RPXOMLSLNHGGFCJ86DA,57.82,0.0,4.25,有,
竹東鎮,房地(土地+建物)+車位,龍鳳路２８之１號一樓,25.07,商,,,1090108,土地1建物1車位1,一層,十五層,住宅大樓(11層含以上有電梯),辦公用,鋼筋混凝土造,1100317,186.91,2,2,1,有,有,9980000,56735,坡道平面,30.57,1110000,預售屋、或土地及建物分件登記案件；,RPVONLQLNHGGFCJ56DA,87.18,0.0,24.35,有,
竹北市,房地(土地+建物)+車位,北新一街１７號二十一樓之三,9.56,商,,,1090120,土地1建物1車位1,二十一層,二十四層,住宅大樓(11層含以上有電梯),住家用,鋼筋混凝土造,1091225,123.97999999999999,2,1,1,有,有,7280000,63620,坡道平面,30.77,1350000,預售屋、或土地及建物分件登記案件；,RPVOMLOKNHGGFBJ68DA,57.48,0.0,5.64,有,
竹東鎮,房地(土地+建物)+車位,新竹縣竹東鎮龍鳳路３０之２號十一樓,23.55,商,,,1090131,土地1建物1車位1,十一層,十五層,住宅大樓(11層含以上有電梯),住家用,鋼筋混凝土造,1100317,163.56,2,2,2,有,有,8320000,54891,坡道平面,30.57,1020000,109.11.2讓與價格新台幣  886 萬預售屋、或土地及建物分件登記案件；,RPQNMLQJOHGGFCJ38DA,82.17,0.0,9.26,有,
竹東鎮,房地(土地+建物)+車位,新竹縣竹東鎮龍鳳路２２之１號五樓,17.04,商,,,1090105,土地1建物1車位1,五層,十五層,住宅大樓(11層含以上有電梯),住家用,鋼筋混凝土造,1100317,124.38,2,2,1,有,有,6210000,56177,坡道平面,30.57,940000,預售屋、或土地及建物分件登記案件；,RPRQMLQJOHGGFCJ78DA,59.45,0.0,3.84,有,
竹北市,房地(土地+建物)+車位,新竹縣竹北市中山六街７２號,85.74,,鄉村區,乙種建築用地,1090113,土地3建物1車位2,全,四層,透天厝,住家用,鋼筋混凝土造,1100524,213.83,4,2,4,有,無,15900000,74358,一樓平面,0.0,0,預售屋、或土地及建物分件登記案件；,RPPNMLKMOHGGFBJ87DA,198.66,0.0,15.17,無,
竹東鎮,房地(土地+建物)+車位,新竹縣竹東鎮龍鳳路２０號十四樓,16.91,商,,,1090116,土地1建物1車位1,十四層,十五層,住宅大樓(11層含以上有電梯),住家用,鋼筋混凝土造,1100317,123.88,2,2,1,有,有,6180000,55943,坡道平面,30.57,960000,預售屋、或土地及建物分件登記案件；,RPWNMLMKOHGGFCJ68DA,58.94,0.0,4.08,有,
竹北市,房地(土地+建物)+車位,新竹縣竹北市嘉德街１２０號四樓,50.41,住,,,1090118,土地1建物1車位2,四層,二十層,住宅大樓(11層含以上有電梯),住家用,鋼筋混凝土造,1100520,317.44,4,2,3,有,有,26500000,89802,坡道平面,51.3,2600000,土地買賣價款1195萬建物買賣價款1195萬車位買賣價款260萬預售屋、或土地及建物分件登記案件；,RPQNMLMKPHGGFBJ08DA,164.45,0.0,16.94,有,
竹北市,房地(土地+建物)+車位,新竹縣竹北市嘉德街１２０號十七樓,50.41,住,,,1090121,土地1建物1車位2,十七層,二十層,住宅大樓(11層含以上有電梯),住家用,鋼筋混凝土造,1100520,317.44,4,2,3,有,有,30000000,101450,坡道平面,51.3,3000000,土地買賣價款1350萬建物買賣價款1350萬車位買賣價款300萬預售屋、或土地及建物分件登記案件；,RPTRMLMKPHGGFBJ78DA,164.45,0.0,16.94,有,
竹北市,房地(土地+建物)+車位,新竹縣竹北市嘉德街１２０號十九樓,50.41,住,,,1090121,土地1建物1車位2,十九層,二十層,住宅大樓(11層含以上有電梯),住家用,鋼筋混凝土造,1100520,317.44,4,2,3,有,有,30800000,104456,坡道平面,51.3,3000000,土地買賣價款1390萬建物買賣價款1390萬車位買賣價款300萬預售屋、或土地及建物分件登記案件；,RPVRMLMKPHGGFBJ98DA,164.45,0.0,16.94,有,
竹北市,房地(土地+建物)+車位,新竹縣竹北市新瀧五街７號五樓之二,16.95,住,,,1090115,土地1建物1車位1,五層,十五層,住宅大樓(11層含以上有電梯),住家用,鋼筋混凝土造,1100617,124.37,2,2,1,有,有,6400000,56192,坡道平面,35.39,1400000,109.11.23預售屋權利轉售，權利買賣契約成交價格新台幣735萬元。預售屋、或土地及建物分件登記案件；,RPVOMLOKPHGGFBJ88DA,53.98,0.0,6.59,有,
竹北市,房地(土地+建物)+車位,新竹縣竹北市新瀧五街５號八樓之二,17.01,住,,,1090115,土地1建物1車位1,八層,十五層,住宅大樓(11層含以上有電梯),住家用,鋼筋混凝土造,1100617,124.72999999999999,2,2,1,有,有,6780000,60219,坡道平面,35.39,1400000,109.07.12預售屋權利轉售，權利買賣契約成交價格新台幣730萬元。預售屋、或土地及建物分件登記案件；,RPSOMLOKPHGGFBJ58DA,54.93,0.0,5.9,有,
竹北市,房地(土地+建物)+車位,新竹縣竹北市新瀧五街５號三樓之三,25.56,住,,,1090122,土地1建物1車位1,三層,十五層,住宅大樓(11層含以上有電梯),住家用,鋼筋混凝土造,1100617,169.57999999999998,3,2,2,有,有,9290000,58052,坡道平面,35.39,1500000,預售屋、或土地及建物分件登記案件；,RPTSMLOLMHGGFBJ88DA,81.93,0.0,9.4,有,
竹北市,房地(土地+建物)+車位,新竹縣竹北市新瀧五街７號五樓之一,25.29,住,,,1090102,土地1建物1車位1,五層,十五層,住宅大樓(11層含以上有電梯),住家用,鋼筋混凝土造,1100617,168.2,3,2,2,有,有,8800000,56472,坡道平面,35.39,1300000,預售屋、或土地及建物分件登記案件；,RPVNMLPLMHGGFBJ68DA,81.1,0.0,9.33,有,
竹北市,房地(土地+建物)+車位,新竹縣竹北市新瀧五街７號十一樓之二,16.95,住,,,1090106,土地1建物1車位1,十一層,十五層,住宅大樓(11層含以上有電梯),住家用,鋼筋混凝土造,1100617,124.37,2,2,1,有,有,6450000,57878,坡道平面,35.39,1300000,預售屋、或土地及建物分件登記案件；,RPXPMLPLMHGGFBJ09DA,53.98,0.0,6.59,有,
竹北市,房地(土地+建物)+車位,新竹縣竹北市新瀧五街９號六樓之二,17.01,住,,,1090102,土地1建物1車位1,六層,十五層,住宅大樓(11層含以上有電梯),住家用,鋼筋混凝土造,1100617,124.72999999999999,2,2,1,有,有,6600000,58205,坡道平面,35.39,1400000,預售屋、或土地及建物分件登記案件；,RPQOMLNJNHGGFBJ97DA,54.93,0.0,5.9,有,
竹北市,房地(土地+建物)+車位,新竹縣竹北市新瀧五街９號五樓之三,25.96,住,,,1090106,土地1建物1車位1,五層,十五層,住宅大樓(11層含以上有電梯),住家用,鋼筋混凝土造,1100617,170.57,3,2,2,有,有,9650000,60144,坡道平面,34.23,1450000,預售屋、或土地及建物分件登記案件；,RPPQMLNJNHGGFBJ08DA,84.58,0.0,8.22,有,
竹北市,房地(土地+建物)+車位,新竹縣竹北市新瀧五街５號六樓之二,17.01,住,,,1090102,土地1建物1車位1,六層,十五層,住宅大樓(11層含以上有電梯),住家用,鋼筋混凝土造,1100617,124.72999999999999,2,2,1,有,有,6400000,57085,坡道平面,35.39,1300000,109.11.09預售屋權利轉售，權利買賣契約成交價格新台幣740萬元。預售屋、或土地及建物分件登記案件；,RPQOMLOKPHGGFBJ38DA,54.93,0.0,5.9,有,
竹北市,房地(土地+建物)+車位,新竹縣竹北市新瀧五街５號十一樓之一,25.96,住,,,1090102,土地1建物1車位1,十一層,十五層,住宅大樓(11層含以上有電梯),住家用,鋼筋混凝土造,1100617,171.73000000000002,3,2,2,有,有,9750000,61244,坡道平面,35.39,1400000,預售屋、或土地及建物分件登記案件；,RPTQMLOLMHGGFBJ68DA,84.58,0.0,8.22,有,
竹北市,房地(土地+建物)+車位,新竹縣竹北市新瀧五街５號十三樓之二,17.01,住,,,1090115,土地1建物1車位1,十三層,十五層,住宅大樓(11層含以上有電梯),住家用,鋼筋混凝土造,1100617,124.72999999999999,2,2,1,有,有,6750000,61003,坡道平面,35.39,1300000,預售屋、或土地及建物分件登記案件；,RPWNMLKKNHGGFBJ28DA,54.93,0.0,5.9,有,
竹北市,房地(土地+建物)+車位,新竹縣竹北市新瀧五街９號十二樓之一,25.44,住,,,1090102,土地1建物1車位1,十二層,十五層,住宅大樓(11層含以上有電梯),住家用,鋼筋混凝土造,1100617,168.96,3,2,2,有,有,9380000,59744,坡道平面,35.39,1400000,預售屋、或土地及建物分件登記案件；,RPQNMLLJNHGGFBJ67DA,81.57,0.0,9.33,有,
竹北市,房地(土地+建物)+車位,新竹縣竹北市新瀧五街９號六樓之一,25.44,住,,,1090102,土地1建物1車位1,六層,十五層,住宅大樓(11層含以上有電梯),住家用,鋼筋混凝土造,1100617,168.96,3,2,2,有,有,9160000,57348,坡道平面,35.39,1500000,預售屋、或土地及建物分件登記案件；,RPQRMLTLMHGGFBJ98DA,81.57,0.0,9.33,有,
竹東鎮,房地(土地+建物)+車位,新竹縣竹東鎮東榮路５６之５號十三樓,20.82,住,,,1090113,土地1建物1車位1,十三層,十三層,住宅大樓(11層含以上有電梯),住家用,鋼筋混凝土造,1100128,128.58,2,2,1,有,有,6100000,56528,坡道平面,38.36,1000000,預售屋、或土地及建物分件登記案件；,RPVNMLKMPHGGFCJ68DA,58.57,0.0,4.89,有,
新豐鄉,房地(土地+建物)+車位,新竹縣新豐鄉員山１３１之１３０號三樓,25.45,,山坡地保育區,丙種建築用地,1090105,土地3建物1車位1,三層,七層,華廈(10層含以下有電梯),住家用,鋼筋混凝土造,1100401,95.32,2,2,1,有,無,4000000,43409,坡道平面,26.21,1000000,預售屋、或土地及建物分件登記案件；,RPWNMLLJPHGGFDJ68DA,42.82,0.0,3.65,有,
竹北市,房地(土地+建物)+車位,新竹縣竹北市日興一街２０號十四樓,18.63,住,,,1090128,土地1建物1車位1,十四層,十四層,住宅大樓(11層含以上有電梯),住家用,鋼筋混凝土造,1100603,127.41,2,2,1,有,有,9820000,92211,坡道平面,36.64,1450000,實際成交未執行裝潢＄82萬元，自房地總價中扣除。含裝潢費820000元；預售屋、或土地及建物分件登記案件；,RPTTMLNLOHGGFBJ09DA,54.67,3.0,3.17,有,
竹北市,房地(土地+建物)+車位,新竹縣竹北市日興一街８號十三樓,22.0,住,,,1090112,土地1建物1車位1,十三層,十四層,住宅大樓(11層含以上有電梯),住家用,鋼筋混凝土造,1100603,150.53,3,2,2,有,有,12180000,94214,坡道平面,36.64,1450000,實際成交未執行裝潢＄103萬元，自房地總價中扣除。含裝潢費1030000元；預售屋、或土地及建物分件登記案件；,RPSUMLNLOHGGFBJ09DA,69.19,3.87,3.22,有,
湖口鄉,房地(土地+建物),新竹縣湖口鄉維東二街３２號,81.32,,鄉村區,乙種建築用地,1090117,土地1建物1車位0,全,三層,透天厝,住家用,鋼筋混凝土造,1100505,176.59,3,2,3,有,無,8850000,50116,,0.0,0,,RPVPMLTJQHGGFDJ07DA,165.23,0.0,11.36,無,
竹東鎮,房地(土地+建物)+車位,龍鳳路１８號十二樓,16.61,商,,,1081207,土地1建物1車位1,十二層,十五層,住宅大樓(11層含以上有電梯),住家用,鋼筋混凝土造,1100317,122.35,2,2,1,有,有,6310000,57202,坡道平面,30.57,1060000,預售屋、或土地及建物分件登記案件；,RPWWMLQLNHGGFCJ37DA,57.82,0.0,4.25,有,
新埔鎮,房地(土地+建物),福祿三街１６９號,85.34,,鄉村區,乙種建築用地,1081231,土地2建物1車位0,全,四層,透天厝,住家用,鋼筋混凝土造,1100323,206.26,4,2,4,有,有,14300000,69330,,0.0,0,預售屋、或土地及建物分件登記案件；,RPUNMLKLMHGGFBJ08DA,201.8,0.0,4.46,無,
湖口鄉,房地(土地+建物),維東三路９號,101.83,,鄉村區,乙種建築用地,1081207,土地1建物1車位0,全,四層,透天厝,住家用,鋼筋混凝土造,1100114,162.64,4,2,4,有,無,10300000,63330,,0.0,0,,RPSNMLSJOHGGFDJ88DA,162.64,0.0,0.0,無,
新豐鄉,房地(土地+建物),員山１３１之６８號,82.13,,山坡地保育區,丙種建築用地,1081216,土地4建物1車位0,全,三層,透天厝,住家用,鋼筋混凝土造,1100129,159.04,3,2,3,有,無,8300000,52188,,0.0,0,預售屋、或土地及建物分件登記案件；,RPRNMLLJOHGGFDJ08DA,143.74,0.0,15.3,無,0411
竹北市,房地(土地+建物)+車位,北新一街１９號十三樓之二,10.83,商,,,1081210,土地1建物1車位1,十三層,二十四層,住宅大樓(11層含以上有電梯),住家用,鋼筋混凝土造,1091225,123.81,2,1,1,有,有,7070000,61123,坡道平面,29.41,1300000,預售屋、或土地及建物分件登記案件；,RPVPMLSLMHGGFBJ56DA,57.48,0.0,6.49,有,
竹北市,房地(土地+建物)+車位,復興二路２５５號十三樓之一,20.57,商,,,1081216,土地1建物1車位1,十三層,二十四層,住宅大樓(11層含以上有電梯),住家用,鋼筋混凝土造,1091226,203.93,3,2,2,有,有,20280000,108480,坡道平面,30.35,1450000,預售屋、或土地及建物分件登記案件；,RPVOMLOLMHGGFBJ68DA,96.29,7.11,8.94,有,
竹東鎮,房地(土地+建物)+車位,新竹縣竹東鎮龍鳳路２６號十一樓,16.61,商,,,1081205,土地1建物1車位1,十一層,十五層,住宅大樓(11層含以上有電梯),住家用,鋼筋混凝土造,1100317,122.35,2,2,1,有,有,6000000,55241,坡道平面,30.57,930000,預售屋、或土地及建物分件登記案件；,RPORMLQJOHGGFCJ58DA,57.82,0.0,4.25,有,0256
竹東鎮,房地(土地+建物)+車位,新竹縣竹東鎮龍鳳路２０號十樓,16.91,商,,,1081211,土地1建物1車位1,十層,十五層,住宅大樓(11層含以上有電梯),住家用,鋼筋混凝土造,1100317,123.88,2,2,1,有,有,6000000,54014,坡道平面,30.57,960000,預售屋、或土地及建物分件登記案件；,RPOSMLQJOHGGFCJ68DA,58.94,0.0,4.08,有,
竹東鎮,房地(土地+建物)+車位,新竹縣竹東鎮龍鳳路１８號八樓,16.61,商,,,1081217,土地1建物1車位1,八層,十五層,住宅大樓(11層含以上有電梯),住家用,鋼筋混凝土造,1100317,122.35,2,2,1,有,有,6000000,54696,坡道平面,30.57,980000,預售屋、或土地及建物分件登記案件；,RPQSMLQJOHGGFCJ88DA,57.82,0.0,4.25,有,
新豐鄉,房地(土地+建物),新竹縣新豐鄉員山１３１之５１號,82.13,,山坡地保育區,丙種建築用地,1081206,土地3建物1車位0,全,三層,透天厝,住家用,鋼筋混凝土造,1100129,159.04,3,2,3,有,無,8880000,55835,,0.0,0,預售屋、或土地及建物分件登記案件；,RPSQMLQKMHGGFDJ88DA,143.74,0.0,15.3,無,
新豐鄉,房地(土地+建物),新竹縣新豐鄉員山１３１之６９號,102.4,,山坡地保育區,丙種建築用地,1081216,土地4建物1車位0,全,三層,透天厝,住家用,鋼筋混凝土造,1100129,161.56,3,2,3,有,無,8870000,54902,,0.0,0,含裝潢費1100000元；親友、員工、共有人或其他特殊關係間之交易；,RPSVMLQKMHGGFDJ76DA,146.0,0.0,15.56,無,
新豐鄉,房地(土地+建物),新竹縣新豐鄉員山１３１之１１號,92.57,,山坡地保育區,丙種建築用地,1081218,土地4建物1車位0,全,三層,透天厝,住商用,鋼筋混凝土造,1100129,155.67,3,2,3,有,無,9000000,57815,,0.0,0,預售屋、或土地及建物分件登記案件；,RPQOMLLLOHGGFDJ28DA,140.37,0.0,15.3,無,
竹東鎮,房地(土地+建物)+車位,新竹縣竹東鎮龍鳳路３０之２號七樓,23.55,商,,,1081225,土地1建物1車位1,七層,十五層,住宅大樓(11層含以上有電梯),住家用,鋼筋混凝土造,1100317,163.56,2,2,2,有,有,8210000,54666,坡道平面,30.57,940000,預售屋、或土地及建物分件登記案件；,RPRNMLPJOHGGFCJ38DA,82.17,0.0,9.26,有,
竹東鎮,房地(土地+建物)+車位,新竹縣竹東鎮龍鳳路３０之２號十樓,23.55,商,,,1081215,土地1建物1車位1,十層,十五層,住宅大樓(11層含以上有電梯),住家用,鋼筋混凝土造,1100317,163.56,2,2,2,有,有,8000000,52560,坡道平面,30.57,1010000,預售屋、或土地及建物分件登記案件；,RPPNMLQJOHGGFCJ28DA,82.17,0.0,9.26,有,
竹北市,房地(土地+建物)+車位,新竹縣竹北市復興二路２５５號九樓之二,8.45,商,,,1081207,土地1建物1車位1,九層,二十四層,住宅大樓(11層含以上有電梯),住家用,鋼筋混凝土造,1091226,104.06,1,1,1,有,有,8780000,101479,坡道平面,30.35,1300000,預售屋、或土地及建物分件登記案件；,RPSTMLLKOHGGFBJ68DA,39.34,5.17,3.22,有,
竹北市,房地(土地+建物)+車位,新竹縣竹北市復興二路２６１號四樓之一,8.63,商,,,1081225,土地1建物1車位1,四層,二十四層,住宅大樓(11層含以上有電梯),住家用,鋼筋混凝土造,1091226,106.1,1,1,1,有,有,8660000,95710,坡道平面,30.35,1410000,預售屋、或土地及建物分件登記案件；,RPWPMLPKOHGGFBJ09DA,40.17,5.21,3.66,有,
竹北市,房地(土地+建物)+車位,新竹縣竹北市復興二路２５９號四樓之三,8.45,商,,,1081218,土地1建物1車位1,四層,二十四層,住宅大樓(11層含以上有電梯),住家用,鋼筋混凝土造,1091226,104.12,1,1,1,有,有,8800000,99905,坡道平面,30.35,1430000,預售屋、或土地及建物分件登記案件；,RPQRNLLKOHGGFBJ38DA,39.34,5.17,3.28,有,
新豐鄉,房地(土地+建物),新竹縣新豐鄉員山１３１之８９號,82.47,,山坡地保育區,丙種建築用地,1081226,土地3建物1車位0,全,三層,透天厝,住家用,鋼筋混凝土造,1100129,159.04,3,2,3,有,無,8400000,52817,,0.0,0,預售屋、或土地及建物分件登記案件；,RPQSMLQKMHGGFDJ88DA,143.74,0.0,15.3,無,
新豐鄉,房地(土地+建物),新竹縣新豐鄉員山１３１之１０３號,82.46,,山坡地保育區,丙種建築用地,1081229,土地4建物1車位0,全,三層,透天厝,住家用,鋼筋混凝土造,1100129,159.04,3,2,3,有,無,8300000,52188,,0.0,0,預售屋、或土地及建物分件登記案件；,RPTSMLQKMHGGFDJ56DA,143.74,0.0,15.3,無,
竹北市,房地(土地+建物)+車位,新竹縣竹北市北新一街１９號十七樓之三,10.83,商,,,1081203,土地1建物1車位1,十七層,二十四層,住宅大樓(11層含以上有電梯),住家用,鋼筋混凝土造,1091225,128.54000000000002,2,1,1,有,有,7470000,62242,坡道平面,29.41,1300000,預售屋、或土地及建物分件登記案件；,RPRSMLPKNHGGFBJ78DA,61.98,0.0,5.36,有,
竹北市,房地(土地+建物)+車位,新竹縣竹北市環北路一段３５０巷７１之１號,33.29,,特定農業區,甲種建築用地,1081220,土地1建物1車位1,一層,七層,華廈(10層含以下有電梯),住家用,鋼筋混凝土造,1100325,105.22,2,2,1,有,有,6050000,67241,一樓平面,28.63,900000,,RPTOMLLLOHGGFBJ38DA,55.96,0.0,0.0,有,
竹東鎮,房地(土地+建物)+車位,新竹縣竹東鎮龍鳳路１６號二樓,24.76,商,,,1081207,土地1建物1車位2,二層,十五層,住宅大樓(11層含以上有電梯),住家用,鋼筋混凝土造,1100317,200.31,2,2,2,有,有,9800000,56981,坡道平面,61.14,1870000,預售屋、或土地及建物分件登記案件；,RPVNMLQKOHGGFCJ98DA,86.31,0.0,8.56,有,
竹東鎮,房地(土地+建物)+車位,新竹縣竹東鎮龍鳳路２２號十一樓,16.91,商,,,1081201,土地1建物1車位1,十一層,十五層,住宅大樓(11層含以上有電梯),住家用,鋼筋混凝土造,1100317,123.88,2,2,1,有,有,6000000,53906,坡道平面,30.57,970000,預售屋、或土地及建物分件登記案件；,RPUNMLTKOHGGFCJ56DA,58.94,0.0,4.08,有,1174
竹北市,房地(土地+建物)+車位,新竹縣竹北市中山六街６８號,83.05,,鄉村區,乙種建築用地,1081223,土地3建物1車位2,全,四層,透天厝,住家用,鋼筋混凝土造,1100524,211.16,4,2,4,有,無,15800000,74825,一樓平面,0.0,0,預售屋、或土地及建物分件登記案件；,RPRNMLKMOHGGFBJ08DA,195.87,0.0,15.29,無,
竹東鎮,房地(土地+建物)+車位,新竹縣竹東鎮龍鳳路１８之１號八樓,16.61,商,,,1081212,土地1建物1車位1,八層,十五層,住宅大樓(11層含以上有電梯),住家用,鋼筋混凝土造,1100317,122.35,2,2,1,有,有,6180000,55350,坡道平面,30.57,1100000,預售屋、或土地及建物分件登記案件；,RPWOMLRLOHGGFCJ76DA,57.82,0.0,4.25,有,
竹北市,房地(土地+建物)+車位,新竹縣竹北市新瀧五街９號十樓之一,25.44,住,,,1081218,土地1建物1車位1,十層,十五層,住宅大樓(11層含以上有電梯),住家用,鋼筋混凝土造,1100617,168.96,3,2,2,有,有,9100000,58396,坡道平面,35.39,1300000,預售屋、或土地及建物分件登記案件；,RPOPMLTKPHGGFBJ78DA,81.57,0.0,9.33,有,
竹北市,房地(土地+建物)+車位,新竹縣竹北市新瀧五街５號九樓之三,25.56,住,,,1081206,土地1建物1車位1,九層,十五層,住宅大樓(11層含以上有電梯),住家用,鋼筋混凝土造,1100617,169.57999999999998,3,2,2,有,有,9300000,58872,坡道平面,35.39,1400000,預售屋、或土地及建物分件登記案件；,RPPTMLOLMHGGFBJ58DA,81.93,0.0,9.4,有,
竹北市,房地(土地+建物)+車位,新竹縣竹北市新瀧五街７號六樓之二,16.95,住,,,1081206,土地1建物1車位1,六層,十五層,住宅大樓(11層含以上有電梯),住家用,鋼筋混凝土造,1100617,124.37,2,2,1,有,有,6360000,56867,坡道平面,35.39,1300000,預售屋、或土地及建物分件登記案件；,RPSPMLPLMHGGFBJ58DA,53.98,0.0,6.59,有,
竹北市,房地(土地+建物)+車位,新竹縣竹北市新瀧五街７號七樓之二,16.95,住,,,1081226,土地1建物1車位1,七層,十五層,住宅大樓(11層含以上有電梯),住家用,鋼筋混凝土造,1100617,124.37,2,2,1,有,有,6680000,58215,坡道平面,35.39,1500000,預售屋、或土地及建物分件登記案件；,RPTPMLPLMHGGFBJ68DA,53.98,0.0,6.59,有,
竹北市,房地(土地+建物)+車位,新竹縣竹北市新瀧五街７號十四樓之二,16.95,住,,,1081211,土地1建物1車位1,十四層,十五層,住宅大樓(11層含以上有電梯),住家用,鋼筋混凝土造,1100617,124.37,2,2,1,有,有,6800000,60688,坡道平面,35.39,1400000,預售屋、或土地及建物分件登記案件；,RPQQMLPLMHGGFBJ48DA,53.98,0.0,6.59,有,
竹北市,房地(土地+建物)+車位,新竹縣竹北市新瀧五街９號七樓之一,25.44,住,,,1081206,土地1建物1車位1,七層,十五層,住宅大樓(11層含以上有電梯),住家用,鋼筋混凝土造,1100617,168.96,3,2,2,有,有,9150000,58022,坡道平面,35.39,1400000,預售屋、或土地及建物分件登記案件；,RPQOMLKMMHGGFBJ87DA,81.57,0.0,9.33,有,
竹北市,房地(土地+建物)+車位,新竹縣竹北市新瀧五街７號四樓之三,24.6,住,,,1081218,土地1建物1車位1,四層,十五層,住宅大樓(11層含以上有電梯),住家用,鋼筋混凝土造,1100617,164.54,3,2,2,有,有,8600000,56523,坡道平面,35.39,1300000,預售屋、或土地及建物分件登記案件；,RPURMLSLMHGGFBJ66DA,78.61,0.0,9.33,有,
竹北市,房地(土地+建物)+車位,新竹縣竹北市新瀧五街７號五樓之三,24.6,住,,,1081206,土地1建物1車位1,五層,十五層,住宅大樓(11層含以上有電梯),住家用,鋼筋混凝土造,1100617,164.54,3,2,2,有,有,8800000,58072,坡道平面,35.39,1300000,預售屋、或土地及建物分件登記案件；,RPWRMLSLMHGGFBJ86DA,78.61,0.0,9.33,有,
竹北市,房地(土地+建物)+車位,新竹縣竹北市新瀧五街９號八樓之一,25.44,住,,,1081211,土地1建物1車位1,八層,十五層,住宅大樓(11層含以上有電梯),住家用,鋼筋混凝土造,1100617,168.96,3,2,2,有,有,8810000,55477,坡道平面,35.39,1400000,預售屋、或土地及建物分件登記案件；,RPROMLKMMHGGFBJ97DA,81.57,0.0,9.33,有,
竹北市,房地(土地+建物)+車位,新竹縣竹北市新瀧五街９號十三樓之三,25.96,住,,,1081211,土地1建物1車位1,十三層,十五層,住宅大樓(11層含以上有電梯),住家用,鋼筋混凝土造,1100617,171.73000000000002,3,2,2,有,有,9700000,61611,坡道平面,35.39,1300000,預售屋、或土地及建物分件登記案件；,RPWQMLNJNHGGFBJ78DA,84.58,0.0,8.22,有,
竹北市,房地(土地+建物)+車位,新竹縣竹北市新瀧五街７號四樓之一,25.29,住,,,1081211,土地1建物1車位1,四層,十五層,住宅大樓(11層含以上有電梯),住家用,鋼筋混凝土造,1100617,168.2,3,2,2,有,有,9000000,57225,坡道平面,35.39,1400000,109.11.22預售屋權利轉售，權利買賣契約成交價格新台幣988萬元。預售屋、或土地及建物分件登記案件；,RPTOMLOKPHGGFBJ68DA,81.1,0.0,9.33,有,
竹東鎮,房地(土地+建物)+車位,新竹縣竹東鎮龍鳳路２０號八樓,16.91,商,,,1081205,土地1建物1車位1,八層,十五層,住宅大樓(11層含以上有電梯),住家用,鋼筋混凝土造,1100317,123.88,2,2,1,有,有,6110000,54121,坡道平面,30.57,1060000,預售屋、或土地及建物分件登記案件；,RPUOMLKMOHGGFCJ58DA,58.94,0.0,4.08,有,
竹東鎮,房地(土地+建物)+車位,新竹縣竹東鎮龍鳳路２０號十二樓,16.91,商,,,1081228,土地1建物1車位1,十二層,十五層,住宅大樓(11層含以上有電梯),住家用,鋼筋混凝土造,1100317,123.88,2,2,1,有,有,6130000,55192,坡道平面,30.57,980000,預售屋、或土地及建物分件登記案件；,RPVOMLKMOHGGFCJ68DA,58.94,0.0,4.08,有,
竹東鎮,房地(土地+建物)+車位,新竹縣竹東鎮龍鳳路２２之１號八樓,17.04,商,,,1081214,土地1建物1車位1,八層,十五層,住宅大樓(11層含以上有電梯),住家用,鋼筋混凝土造,1100317,124.38,2,2,1,有,有,6100000,54578,坡道平面,30.57,980000,預售屋、或土地及建物分件登記案件；,RPUNMLLKPHGGFCJ48DA,59.45,0.0,3.84,有,
竹東鎮,房地(土地+建物)+車位,新竹縣竹東鎮龍鳳路３０之２號八樓,23.55,商,,,1081207,土地1建物1車位1,八層,十五層,住宅大樓(11層含以上有電梯),住家用,鋼筋混凝土造,1100317,163.56,2,2,2,有,有,8300000,54666,坡道平面,30.57,1030000,109.11.28讓與價格新台幣830萬預售屋、或土地及建物分件登記案件；,RPXNMLLKPHGGFCJ78DA,82.17,0.0,9.26,有,
竹東鎮,房地(土地+建物)+車位,新竹縣竹東鎮龍鳳路２２之１號二樓,17.04,商,,,1081210,土地1建物1車位2,二層,十五層,住宅大樓(11層含以上有電梯),住家用,鋼筋混凝土造,1100317,154.95,2,2,1,有,有,8100000,66411,坡道平面,61.14,1870000,預售屋、或土地及建物分件登記案件；,RPPNMLTLPHGGFCJ88DA,59.45,0.0,3.84,有,
新豐鄉,房地(土地+建物)+車位,新竹縣新豐鄉建興路二段６８８號八樓,29.99,住,,,1081230,土地1建物1車位1,八層,十二層,住宅大樓(11層含以上有電梯),住家用,鋼筋混凝土造,1100623,134.69,3,2,2,有,有,6800000,50486,一樓平面,0.0,1150000,,RPVNMLTJQHGGFDJ86DA,73.67,0.0,7.38,有,
新豐鄉,房地(土地+建物)+車位,新竹縣新豐鄉員山１３１之１２３號五樓,24.9,,山坡地保育區,丙種建築用地,1081222,土地3建物1車位1,五層,七層,華廈(10層含以下有電梯),住家用,鋼筋混凝土造,1100401,92.95,2,2,1,有,無,3890000,43302,坡道平面,26.21,1000000,預售屋、或土地及建物分件登記案件；,RPPQMLPLOHGGFDJ78DA,41.14,0.0,3.75,有,
竹北市,房地(土地+建物)+車位,新竹縣竹北市日興一街２６號十三樓,18.68,住,,,1081207,土地1建物1車位1,十三層,十四層,住宅大樓(11層含以上有電梯),住家用,鋼筋混凝土造,1100603,127.72,2,2,1,有,有,9720000,90799,坡道平面,36.64,1450000,實際成交未執行裝潢＄82萬元，自房地總價中扣除。含裝潢費820000元；預售屋、或土地及建物分件登記案件；,RPQSMLNLOHGGFBJ68DA,54.88,3.0,3.17,有,
新豐鄉,房地(土地+建物)+車位,新竹縣新豐鄉建興路二段６８８之１號四樓,23.7,住,,,1081213,土地1建物1車位1,四層,十二層,住宅大樓(11層含以上有電梯),住家用,鋼筋混凝土造,1100623,106.02,2,2,1,有,有,4980000,50107,坡道平面,26.59,1000000,,RPUPMLTJQHGGFDJ96DA,53.14,0.0,6.41,有,
竹北市,房地(土地+建物)+車位,新竹縣竹北市新瀧五街９號三樓之一,25.44,住,,,1081218,土地1建物1車位1,三層,十五層,住宅大樓(11層含以上有電梯),住家用,鋼筋混凝土造,1100617,168.96,3,2,2,有,有,9000000,57648,坡道平面,35.39,1300000,預售屋、或土地及建物分件登記案件；,RPXQMLTLMHGGFBJ96DA,81.57,0.0,9.33,有,
湖口鄉,房地(土地+建物),新竹縣湖口鄉東楊路１１８號,90.93,,鄉村區,乙種建築用地,1081223,土地1建物1車位0,全,三層,透天厝,住家用,鋼筋混凝土造,1100428,176.59,3,2,3,有,無,8960000,50739,,0.0,0,,RPVRMLTJQHGGFDJ27DA,165.68,0.0,10.91,無,
竹東鎮,房地(土地+建物)+車位,龍鳳路３０之９號八樓,20.99,商,,,1081125,土地1建物1車位1,八層,十五層,住宅大樓(11層含以上有電梯),住家用,鋼筋混凝土造,1100317,148.76999999999998,2,2,2,有,有,7900000,58968,坡道平面,30.57,930000,109.12.05轉讓金額790萬元整預售屋、或土地及建物分件登記案件；,RPSONLQLNHGGFCJ88DA,73.12,0.0,8.08,有,
竹東鎮,房地(土地+建物)+車位,龍鳳路２０之１號八樓,17.04,商,,,1081114,土地1建物1車位1,八層,十五層,住宅大樓(11層含以上有電梯),住家用,鋼筋混凝土造,1100317,124.38,2,2,1,有,有,6100000,54152,坡道平面,30.57,1020000,預售屋、或土地及建物分件登記案件；,RPUPNLQLNHGGFCJ56DA,59.45,0.0,3.84,有,0144
竹東鎮,房地(土地+建物)+車位,龍鳳路３０之７號八樓,23.73,商,,,1081126,土地1建物1車位1,八層,十五層,住宅大樓(11層含以上有電梯),住家用,鋼筋混凝土造,1100317,165.87,2,2,2,有,有,8700000,57576,坡道平面,30.57,910000,109.11.28轉讓金額870萬元整預售屋、或土地及建物分件登記案件；,RPSQNLQLNHGGFCJ09DA,82.68,0.0,10.76,有,
竹東鎮,房地(土地+建物)+車位,東榮路５６之３號十樓,20.82,住,,,1081117,土地1建物1車位1,十層,十三層,住宅大樓(11層含以上有電梯),住家用,鋼筋混凝土造,1100128,131.81,2,2,1,有,有,6450000,58714,坡道平面,40.69,1100000,預售屋、或土地及建物分件登記案件；,RPSOMLNJNHGGFCJ28DA,59.65,0.0,4.45,有,
新豐鄉,房地(土地+建物)+車位,中崙２８７之３號二樓之３,31.73,,特定農業區,甲種建築用地,1081103,土地1建物1車位1,二層,五層,華廈(10層含以下有電梯),住家用,鋼筋混凝土造,1100203,86.5,2,2,2,有,有,3900000,45087,一樓平面,0.0,0,預售屋、或土地及建物分件登記案件；,RPOQMLTJOHGGFDJ88DA,60.32,0.0,6.83,有,
竹東鎮,房地(土地+建物)+車位,新竹縣竹東鎮龍鳳路２２號十四樓,16.91,商,,,1081123,土地1建物1車位1,十四層,十五層,住宅大樓(11層含以上有電梯),住家用,鋼筋混凝土造,1100317,123.88,2,2,1,有,有,6000000,54335,坡道平面,30.57,930000,預售屋、或土地及建物分件登記案件；,RPURMLQJOHGGFCJ56DA,58.94,0.0,4.08,有,
竹東鎮,房地(土地+建物)+車位,新竹縣竹東鎮龍鳳路３０之２號五樓,23.55,商,,,1081124,土地1建物1車位1,五層,十五層,住宅大樓(11層含以上有電梯),住家用,鋼筋混凝土造,1100317,163.56,2,2,2,有,有,8100000,53688,坡道平面,30.57,960000,110.1.12讓與價格新台幣 810萬預售屋、或土地及建物分件登記案件；,RPQNMLPJOHGGFCJ28DA,82.17,0.0,9.26,有,0990
竹東鎮,房地(土地+建物)+車位,新竹縣竹東鎮龍鳳路２０之１號十樓,17.04,商,,,1081129,土地1建物1車位1,十層,十五層,住宅大樓(11層含以上有電梯),住家用,鋼筋混凝土造,1100317,124.38,2,2,1,有,有,6000000,54259,坡道平面,30.57,910000,預售屋、或土地及建物分件登記案件；,RPOQMLQJOHGGFCJ48DA,59.45,0.0,3.84,有,
竹北市,房地(土地+建物)+車位,新竹縣竹北市復興二路２５５號五樓之一,20.57,商,,,1081108,土地1建物1車位1,五層,二十四層,住宅大樓(11層含以上有電梯),住家用,鋼筋混凝土造,1091226,203.93,3,2,2,有,有,19200000,102489,坡道平面,30.35,1410000,讓渡總價含車位價格1920萬元，讓渡日期：110年1月29日預售屋、或土地及建物分件登記案件；,RPQQMLLKOHGGFBJ18DA,96.29,7.11,8.94,有,
竹北市,房地(土地+建物)+車位,新竹縣竹北市復興二路２５９號十三樓之二,20.68,商,,,1081108,土地1建物1車位2,十三層,二十四層,住宅大樓(11層含以上有電梯),住家用,鋼筋混凝土造,1091226,235.5,3,2,2,有,有,21830000,108066,坡道平面,60.7,2940000,交易日期：109年10月16日預售屋、或土地及建物分件登記案件；,SPQQMLLKOHGGFBJ28DA,96.56,12.56,4.08,有,
竹北市,房地(土地+建物),新竹縣竹北市新瀧一街２９號十二樓,12.05,商,,,1081110,土地1建物1車位0,十二層,十四層,住宅大樓(11層含以上有電梯),住家用,鋼筋混凝土造,1100324,75.16,2,2,2,有,有,4530000,60271,,0.0,0,預售屋、或土地及建物分件登記案件；,RPUUMLTJPHGGFBJ17DA,44.76,2.2,3.39,有,
竹北市,房地(土地+建物)+車位,新竹縣竹北市中山六街７０號,83.79,,鄉村區,乙種建築用地,1081111,土地3建物1車位2,全,四層,透天厝,住家用,鋼筋混凝土造,1100524,213.71,4,2,4,有,無,15700000,73464,一樓平面,0.0,0,預售屋、或土地及建物分件登記案件；,RPQNMLKMOHGGFBJ97DA,195.87,0.0,17.84,無,
竹東鎮,房地(土地+建物)+車位,新竹縣竹東鎮龍鳳路１８號十樓,16.61,商,,,1081125,土地1建物1車位1,十層,十五層,住宅大樓(11層含以上有電梯),住家用,鋼筋混凝土造,1100317,122.35,2,2,1,有,有,6000000,54805,坡道平面,30.57,970000,預售屋、或土地及建物分件登記案件；,RPQNMLTKOHGGFCJ78DA,57.82,0.0,4.25,有,
竹東鎮,房地(土地+建物)+車位,新竹縣竹東鎮龍鳳路２２號八樓,16.91,商,,,1081110,土地1建物1車位1,八層,十五層,住宅大樓(11層含以上有電梯),住家用,鋼筋混凝土造,1100317,123.88,2,2,1,有,有,6020000,54228,坡道平面,30.57,960000,109.11.27讓與價格新台幣602萬預售屋、或土地及建物分件登記案件；,RPTNMLTKOHGGFCJ09DA,58.94,0.0,4.08,有,
竹北市,房地(土地+建物)+車位,新竹縣竹北市嘉德街１２０號七樓,50.41,住,,,1081130,土地1建物1車位2,七層,二十層,住宅大樓(11層含以上有電梯),住家用,鋼筋混凝土造,1100520,317.44,4,2,3,有,有,27410000,92470,坡道平面,51.3,2800000,土地買賣價款1230萬建物買賣價款1231萬車位買賣價款280萬預售屋、或土地及建物分件登記案件；,RPUQMLMKPHGGFBJ78DA,164.45,0.0,16.94,有,
竹東鎮,房地(土地+建物)+車位,新竹縣竹東鎮龍鳳路３０之２號四樓,23.55,商,,,1081108,土地1建物1車位1,四層,十五層,住宅大樓(11層含以上有電梯),住家用,鋼筋混凝土造,1100317,163.56,2,2,2,有,有,7810000,51884,坡道平面,30.57,910000,109.2.5加購停車位新台幣91萬已含入交易總價預售屋、或土地及建物分件登記案件；,RPROMLTKOHGGFCJ98DA,82.17,0.0,9.26,有,
竹東鎮,房地(土地+建物)+車位,新竹縣竹東鎮龍鳳路２８號八樓,24.76,商,,,1081105,土地1建物1車位1,八層,十五層,住宅大樓(11層含以上有電梯),住家用,鋼筋混凝土造,1100317,169.78,2,2,2,有,有,9100000,57970,坡道平面,30.57,1030000,預售屋、或土地及建物分件登記案件；,RPQOMLRLOHGGFCJ78DA,86.31,0.0,8.56,有,
竹東鎮,房地(土地+建物)+車位,新竹縣竹東鎮龍鳳路２６之１號八樓,16.61,商,,,1081129,土地1建物1車位1,八層,十五層,住宅大樓(11層含以上有電梯),住家用,鋼筋混凝土造,1100317,122.35,2,2,1,有,有,6400000,60253,坡道平面,30.57,870000,含裝潢費500000元；預售屋、或土地及建物分件登記案件；,RPROMLRLOHGGFCJ88DA,57.82,0.0,4.25,有,
竹東鎮,房地(土地+建物)+車位,新竹縣竹東鎮龍鳳路３０之２號六樓,23.55,商,,,1081127,土地1建物1車位2,六層,十五層,住宅大樓(11層含以上有電梯),住家用,鋼筋混凝土造,1100317,194.13,2,2,2,有,有,8900000,52861,坡道平面,61.14,1870000,預售屋、或土地及建物分件登記案件；,RPPPMLRLOHGGFCJ78DA,82.17,0.0,9.26,有,
竹北市,房地(土地+建物)+車位,新竹縣竹北市日興一街８號五樓,22.0,住,,,1081116,土地1建物1車位1,五層,十四層,住宅大樓(11層含以上有電梯),住家用,鋼筋混凝土造,1100603,150.53,3,2,2,有,有,12030000,92897,坡道平面,36.64,1450000,實際成交未執行裝潢＄103萬元，自房地總價中扣除。含裝潢費1030000元；預售屋、或土地及建物分件登記案件；,RPROMLMLOHGGFBJ28DA,69.19,3.87,3.22,有,
竹北市,房地(土地+建物)+車位,新竹縣竹北市日興一街１０號八樓,22.45,住,,,1081121,土地1建物1車位1,八層,十四層,住宅大樓(11層含以上有電梯),住家用,鋼筋混凝土造,1100603,153.55,3,2,2,有,有,12100000,89813,坡道平面,36.64,1600000,實際成交未執行裝潢＄105萬元，自房地總價中扣除。含裝潢費1050000元；預售屋、或土地及建物分件登記案件；,RPOOMLMLOHGGFBJ97DA,70.25,3.59,4.5,有,
竹北市,房地(土地+建物)+車位,新竹縣竹北市新瀧五街７號九樓之一,25.29,住,,,1081106,土地1建物1車位1,九層,十五層,住宅大樓(11層含以上有電梯),住家用,鋼筋混凝土造,1100617,168.2,3,2,2,有,有,9350000,59107,坡道平面,35.39,1500000,預售屋、或土地及建物分件登記案件；,RPQOMLPLMHGGFBJ28DA,81.1,0.0,9.33,有,
竹北市,房地(土地+建物)+車位,新竹縣竹北市新瀧五街７號三樓之三,24.6,住,,,1081116,土地1建物1車位1,三層,十五層,住宅大樓(11層含以上有電梯),住家用,鋼筋混凝土造,1100617,164.54,3,2,2,有,有,8700000,57298,坡道平面,35.39,1300000,預售屋、或土地及建物分件登記案件；,RPVRMLSLMHGGFBJ76DA,78.61,0.0,9.33,有,
竹北市,房地(土地+建物)+車位,新竹縣竹北市新瀧五街７號十樓之二,16.95,住,,,1081106,土地1建物1車位1,十層,十五層,住宅大樓(11層含以上有電梯),住家用,鋼筋混凝土造,1100617,124.37,2,2,1,有,有,6700000,60688,坡道平面,35.39,1300000,預售屋、或土地及建物分件登記案件；,RPWPMLPLMHGGFBJ98DA,53.98,0.0,6.59,有,
竹北市,房地(土地+建物)+車位,新竹縣竹北市新瀧五街５號十五樓之二,17.01,住,,,1081106,土地1建物1車位1,十五層,十五層,住宅大樓(11層含以上有電梯),住家用,鋼筋混凝土造,1100617,124.72999999999999,2,2,1,有,有,6730000,59660,坡道平面,35.39,1400000,預售屋、或土地及建物分件登記案件；,RPRSMLOLMHGGFBJ68DA,54.93,0.0,5.9,有,
竹北市,房地(土地+建物)+車位,新竹縣竹北市新瀧五街５號五樓之一,25.96,住,,,1081106,土地1建物1車位1,五層,十五層,住宅大樓(11層含以上有電梯),住家用,鋼筋混凝土造,1100617,171.73000000000002,3,2,2,有,有,9420000,59557,坡道平面,35.39,1300000,預售屋、或土地及建物分件登記案件；,RPVPMLOLMHGGFBJ78DA,84.58,0.0,8.22,有,
新豐鄉,房地(土地+建物),新竹縣新豐鄉員山１３１之９０號,105.84,,山坡地保育區,丙種建築用地,1081108,土地3建物1車位0,全,三層,透天厝,住家用,鋼筋混凝土造,1100129,161.56,3,2,3,有,無,8700000,53850,,0.0,0,預售屋、或土地及建物分件登記案件；,RPRSMLQKMHGGFDJ98DA,146.0,0.0,15.56,無,
竹東鎮,房地(土地+建物)+車位,新竹縣竹東鎮龍鳳路２２號三樓,16.91,商,,,1081105,土地1建物1車位1,三層,十五層,住宅大樓(11層含以上有電梯),住家用,鋼筋混凝土造,1100317,123.88,2,2,1,有,有,5770000,53263,坡道平面,30.57,800000,預售屋、或土地及建物分件登記案件；,RPWOMLKMOHGGFCJ78DA,58.94,0.0,4.08,有,
竹東鎮,房地(土地+建物),新竹縣竹東鎮龍鳳路３０之２號十三樓,23.55,商,,,1081113,土地1建物1車位0,十三層,十五層,住宅大樓(11層含以上有電梯),住家用,鋼筋混凝土造,1100317,132.99,2,2,2,有,有,7450000,56019,,0.0,0,預售屋、或土地及建物分件登記案件；,RPOOMLLKPHGGFCJ97DA,82.17,0.0,9.26,有,
竹北市,房地(土地+建物)+車位,新竹縣竹北市新瀧五街９號十三樓之二,17.01,住,,,1081106,土地1建物1車位1,十三層,十五層,住宅大樓(11層含以上有電梯),住家用,鋼筋混凝土造,1100617,124.72999999999999,2,2,1,有,有,6800000,61563,坡道平面,35.39,1300000,預售屋、或土地及建物分件登記案件；,RPRPMLNJNHGGFBJ18DA,54.93,0.0,5.9,有,
竹北市,房地(土地+建物)+車位,新竹縣竹北市新瀧五街９號十樓之二,17.01,住,,,1081106,土地1建物1車位1,十層,十五層,住宅大樓(11層含以上有電梯),住家用,鋼筋混凝土造,1100617,124.72999999999999,2,2,1,有,有,6700000,60443,坡道平面,35.39,1300000,預售屋、或土地及建物分件登記案件；,RPWOMLNJNHGGFBJ58DA,54.93,0.0,5.9,有,
竹北市,房地(土地+建物)+車位,新竹縣竹北市新瀧五街９號十一樓之一,25.44,住,,,1081106,土地1建物1車位1,十一層,十五層,住宅大樓(11層含以上有電梯),住家用,鋼筋混凝土造,1100617,168.96,3,2,2,有,有,9300000,59894,坡道平面,35.39,1300000,預售屋、或土地及建物分件登記案件；,RPPNMLLJNHGGFBJ57DA,81.57,0.0,9.33,有,
新豐鄉,房地(土地+建物)+車位,新竹縣新豐鄉建興路二段６９０號五樓,29.99,住,,,1081119,土地1建物1車位1,五層,十二層,住宅大樓(11層含以上有電梯),住家用,鋼筋混凝土造,1100623,134.69,3,2,2,有,有,6550000,51341,坡道平面,26.59,1000000,,RPQOMLQJQHGGFDJ78DA,73.67,0.0,7.38,有,
竹北市,房地(土地+建物)+車位,新竹縣竹北市日興一街２０號十樓,18.63,住,,,1081104,土地1建物1車位1,十層,十四層,住宅大樓(11層含以上有電梯),住家用,鋼筋混凝土造,1100603,127.41,2,2,1,有,有,9700000,90889,坡道平面,36.64,1450000,實際成交未執行裝潢＄82萬元，自房地總價中扣除。含裝潢費820000元；預售屋、或土地及建物分件登記案件；,RPWNMLNLOHGGFBJ78DA,54.67,3.0,3.17,有,
竹北市,房地(土地+建物)+車位,新竹縣竹北市日興一街１０號九樓,22.45,住,,,1081104,土地1建物1車位1,九層,十四層,住宅大樓(11層含以上有電梯),住家用,鋼筋混凝土造,1100603,153.55,3,2,2,有,有,11830000,88786,坡道平面,36.64,1450000,實際成交未執行裝潢＄105萬元，自房地總價中扣除。含裝潢費1050000元；預售屋、或土地及建物分件登記案件；,RPOQMLNLOHGGFBJ28DA,70.25,3.59,4.5,有,
竹北市,房地(土地+建物)+車位,新竹縣竹北市日興一街８號七樓,22.0,住,,,1081102,土地1建物1車位1,七層,十四層,住宅大樓(11層含以上有電梯),住家用,鋼筋混凝土造,1100603,150.53,3,2,2,有,有,11630000,89384,坡道平面,36.64,1450000,實際成交未執行裝潢＄103萬元，自房地總價中扣除。含裝潢費1030000元；預售屋、或土地及建物分件登記案件；,RPXUMLMLOHGGFBJ86DA,69.19,3.87,3.22,有,
竹東鎮,房地(土地+建物)+車位,龍鳳路１８號十四樓,16.61,商,,,1081021,土地1建物1車位1,十四層,十五層,住宅大樓(11層含以上有電梯),住家用,鋼筋混凝土造,1100317,122.35,2,2,1,有,有,6130000,55786,坡道平面,30.57,1010000,預售屋、或土地及建物分件登記案件；,RPSVMLQLNHGGFCJ86DA,57.82,0.0,4.25,有,
竹東鎮,房地(土地+建物)+車位,龍鳳路２０之１號十三樓,17.04,商,,,1081003,土地1建物1車位1,十三層,十五層,住宅大樓(11層含以上有電梯),住家用,鋼筋混凝土造,1100317,124.38,2,2,1,有,有,6000000,53193,坡道平面,30.57,1010000,預售屋、或土地及建物分件登記案件；,RPRNNLQLNHGGFCJ68DA,59.45,0.0,3.84,有,1168
竹東鎮,房地(土地+建物)+車位,龍鳳路３０之１號八樓,23.67,商,,,1081030,土地1建物1車位1,八層,十五層,住宅大樓(11層含以上有電梯),住家用,鋼筋混凝土造,1100317,165.45999999999998,2,2,2,有,有,8670000,56787,坡道平面,30.57,1010000,預售屋、或土地及建物分件登記案件；,RPTOMLSLNHGGFCJ09DA,82.49,0.0,10.64,有,
竹北市,房地(土地+建物)+車位,環北路一段３５０巷７１號七樓之五,28.48,,特定農業區,甲種建築用地,1081027,土地1建物1車位1,七層,七層,華廈(10層含以下有電梯),住家用,鋼筋混凝土造,1100325,96.68,2,2,1,有,有,5000000,54898,升降機械,15.62,550000,本案為預售屋轉讓 轉讓日期:110.4.17 轉讓價格:600萬元,RPVSMLLKOHGGFBJ88DA,56.1,0.0,4.27,有,
芎林鄉,房地(土地+建物),新竹縣芎林鄉文富街１０號,85.01,住,,,1081019,土地3建物1車位0,全,三層,透天厝,住家用,鋼筋混凝土造,1091207,175.55,4,3,5,有,無,15500000,88294,,0.0,0,陽台外推；,RPUOMLLJPHGGFCJ48DA,162.22,0.0,13.33,有,
芎林鄉,房地(土地+建物),新竹縣芎林鄉文富街８號,86.31,住,,,1081019,土地2建物1車位0,全,三層,透天厝,住家用,鋼筋混凝土造,1091207,175.55,4,3,5,有,無,15500000,88294,,0.0,0,陽台外推；,RPTOMLLJPHGGFCJ38DA,162.22,0.0,13.33,有,
竹東鎮,房地(土地+建物)+車位,新竹縣竹東鎮龍鳳路２２之１號十樓,17.04,商,,,1081006,土地1建物1車位1,十層,十五層,住宅大樓(11層含以上有電梯),住家用,鋼筋混凝土造,1100317,124.38,2,2,1,有,有,6150000,55005,坡道平面,30.57,990000,預售屋、或土地及建物分件登記案件；,RPVOMLLMNHGGFCJ68DA,59.45,0.0,3.84,有,
竹東鎮,房地(土地+建物)+車位,新竹縣竹東鎮龍鳳路３０之６號二樓,27.8,商,,,1081017,土地1建物1車位1,二層,十五層,住宅大樓(11層含以上有電梯),住家用,鋼筋混凝土造,1100317,186.53,2,2,2,有,有,10050000,57643,坡道平面,30.57,1060000,預售屋、或土地及建物分件登記案件；,RPXPMLLMNHGGFCJ98DA,96.85,0.0,10.09,有,
竹東鎮,房地(土地+建物)+車位,新竹縣竹東鎮龍鳳路２０之１號十五樓,17.04,商,,,1081003,土地1建物1車位1,十五層,十五層,住宅大樓(11層含以上有電梯),住家用,鋼筋混凝土造,1100317,124.38,2,2,1,有,有,6000000,53726,坡道平面,30.57,960000,110.01.11轉讓金額600萬預售屋、或土地及建物分件登記案件；,RPWRMLLMNHGGFCJ09DA,59.45,0.0,3.84,有,
竹東鎮,房地(土地+建物)+車位,新竹縣竹東鎮龍鳳路２６號十四樓,16.61,商,,,1081002,土地1建物1車位1,十四層,十五層,住宅大樓(11層含以上有電梯),住家用,鋼筋混凝土造,1100317,122.35,2,2,1,有,有,6000000,54914,坡道平面,30.57,960000,預售屋、或土地及建物分件登記案件；,RPXQMLQJOHGGFCJ76DA,57.82,0.0,4.25,有,0015
竹東鎮,房地(土地+建物)+車位,新竹縣竹東鎮龍鳳路２６號十三樓,16.61,商,,,1081002,土地1建物1車位1,十三層,十五層,住宅大樓(11層含以上有電梯),住家用,鋼筋混凝土造,1100317,122.35,2,2,1,有,有,6000000,54369,坡道平面,30.57,1010000,預售屋、或土地及建物分件登記案件；,RPPRMLQJOHGGFCJ68DA,57.82,0.0,4.25,有,0014
竹東鎮,房地(土地+建物)+車位,新竹縣竹東鎮龍鳳路２２號十三樓,16.91,商,,,1081003,土地1建物1車位1,十三層,十五層,住宅大樓(11層含以上有電梯),住家用,鋼筋混凝土造,1100317,123.88,2,2,1,有,有,6000000,54014,坡道平面,30.57,960000,預售屋、或土地及建物分件登記案件；,RPVRMLQJOHGGFCJ66DA,58.94,0.0,4.08,有,0400
竹東鎮,房地(土地+建物)+車位,新竹縣竹東鎮龍鳳路１８號十三樓,16.61,商,,,1081003,土地1建物1車位1,十三層,十五層,住宅大樓(11層含以上有電梯),住家用,鋼筋混凝土造,1100317,122.35,2,2,1,有,有,6000000,54369,坡道平面,30.57,1010000,預售屋、或土地及建物分件登記案件；,RPPSMLQJOHGGFCJ78DA,57.82,0.0,4.25,有,0190
芎林鄉,房地(土地+建物),新竹縣芎林鄉文富街１６號,85.01,住,,,1081013,土地3建物1車位0,全,三層,透天厝,住家用,鋼筋混凝土造,1091207,175.55,4,3,5,有,無,15660000,89205,,0.0,0,陽台外推；,RPQOMLRJPHGGFCJ68DA,162.22,0.0,13.33,有,
新豐鄉,房地(土地+建物),新竹縣新豐鄉員山１３１之４７號,85.05,,山坡地保育區,丙種建築用地,1081025,土地3建物1車位0,全,三層,透天厝,住家用,鋼筋混凝土造,1100129,159.04,3,2,3,有,無,8500000,53446,,0.0,0,預售屋、或土地及建物分件登記案件；,RPUOMLQKMHGGFDJ88DA,143.74,0.0,15.3,無,
竹東鎮,房地(土地+建物)+車位,新竹縣竹東鎮龍鳳路３０之１號十五樓,23.67,商,,,1081005,土地1建物1車位1,十五層,十五層,住宅大樓(11層含以上有電梯),住家用,鋼筋混凝土造,1100317,165.45999999999998,2,2,2,有,有,8680000,56861,坡道平面,30.57,1010000,預售屋、或土地及建物分件登記案件；,RPPNMLPJOHGGFCJ18DA,82.49,0.0,10.64,有,
竹東鎮,房地(土地+建物)+車位,新竹縣竹東鎮龍鳳路３０之３號十樓,20.99,商,,,1081004,土地1建物1車位1,十層,十五層,住宅大樓(11層含以上有電梯),住家用,鋼筋混凝土造,1100317,148.94,2,2,2,有,有,7700000,56602,坡道平面,30.57,1000000,110.1.11讓與價格新台幣  810萬預售屋、或土地及建物分件登記案件；,RPUNMLQJOHGGFCJ78DA,73.18,0.0,8.16,有,
竹東鎮,房地(土地+建物)+車位,新竹縣竹東鎮龍鳳路２０之１號十四樓,17.04,商,,,1081003,土地1建物1車位1,十四層,十五層,住宅大樓(11層含以上有電梯),住家用,鋼筋混凝土造,1100317,124.38,2,2,1,有,有,6000000,53726,坡道平面,30.57,960000,110.5.3讓與價格新台幣600萬預售屋、或土地及建物分件登記案件；,RPXPMLQJOHGGFCJ66DA,59.45,0.0,3.84,有,0076
竹東鎮,房地(土地+建物)+車位,新竹縣竹東鎮龍鳳路２２之１號十一樓,17.04,商,,,1081004,土地1建物1車位1,十一層,十五層,住宅大樓(11層含以上有電梯),住家用,鋼筋混凝土造,1100317,124.38,2,2,1,有,有,6140000,55218,坡道平面,30.57,960000,預售屋、或土地及建物分件登記案件；,RPQQMLQJOHGGFCJ68DA,59.45,0.0,3.84,有,
竹北市,房地(土地+建物)+車位,新竹縣竹北市復興二路２５５號八樓之二,8.45,商,,,1081018,土地1建物1車位1,八層,二十四層,住宅大樓(11層含以上有電梯),住家用,鋼筋混凝土造,1091226,104.06,1,1,1,有,有,8800000,99308,坡道平面,30.35,1480000,讓渡總價含車位價格930萬元，交易日期：109年9月30日預售屋、或土地及建物分件登記案件；,RPRTMLLKOHGGFBJ58DA,39.34,5.17,3.22,有,
竹北市,房地(土地+建物)+車位,新竹縣竹北市復興二路２６１號十五樓之二,21.0,商,,,1081028,土地1建物1車位2,十五層,二十四層,住宅大樓(11層含以上有電梯),住家用,鋼筋混凝土造,1091226,238.5,3,2,2,有,有,21240000,103487,坡道平面,60.7,2840000,預售屋、或土地及建物分件登記案件；,RPPPMLPKOHGGFBJ38DA,98.21,12.56,4.34,有,
竹東鎮,房地(土地+建物)+車位,新竹縣竹東鎮龍鳳路２６之１號五樓,16.61,商,,,1081031,土地1建物1車位1,五層,十五層,住宅大樓(11層含以上有電梯),住家用,鋼筋混凝土造,1100317,122.35,2,2,1,有,有,6070000,54914,坡道平面,30.57,1030000,預售屋、或土地及建物分件登記案件；,RPOOMLMKOHGGFCJ97DA,57.82,0.0,4.25,有,
竹東鎮,房地(土地+建物)+車位,新竹縣竹東鎮龍鳳路３０之６號八樓,27.8,商,,,1081001,土地1建物1車位1,八層,十五層,住宅大樓(11層含以上有電梯),住家用,鋼筋混凝土造,1100317,186.53,2,2,2,有,有,9950000,57643,坡道平面,30.57,960000,預售屋、或土地及建物分件登記案件；,RPQOMLMKOHGGFCJ18DA,96.85,0.0,10.09,有,
竹東鎮,房地(土地+建物)+車位,新竹縣竹東鎮龍鳳路１６號三樓,24.76,商,,,1081009,土地1建物1車位1,三層,十五層,住宅大樓(11層含以上有電梯),住家用,鋼筋混凝土造,1100317,169.75,2,2,2,有,有,8630000,55108,坡道平面,30.57,960000,預售屋、或土地及建物分件登記案件；,RPXNMLRLOHGGFCJ76DA,86.31,0.0,8.56,有,
竹北市,房地(土地+建物)+車位,新竹縣竹北市日興一街１０號六樓,27.79,住,,,1081006,土地1建物1車位2,六層,十四層,住宅大樓(11層含以上有電梯),住家用,鋼筋混凝土造,1100603,190.19,3,2,2,有,有,12000000,80404,坡道平面,73.28,2600000,預售屋、或土地及建物分件登記案件；,RPWPMLNLOHGGFBJ98DA,70.25,3.59,4.5,有,
竹北市,房地(土地+建物)+車位,新竹縣竹北市日興一街２０號八樓,18.63,住,,,1081022,土地1建物1車位1,八層,十四層,住宅大樓(11層含以上有電梯),住家用,鋼筋混凝土造,1100603,127.41,2,2,1,有,有,9620000,90008,坡道平面,36.64,1450000,實際成交未執行裝潢＄82萬元，自房地總價中扣除。含裝潢費820000元；預售屋、或土地及建物分件登記案件；,RPTOMLPLOHGGFBJ78DA,54.67,3.0,3.17,有,
竹北市,房地(土地+建物)+車位,新竹縣竹北市社崙二街２６號十三樓,34.61,住,,,1081004,土地1建物1車位2,十三層,十五層,住宅大樓(11層含以上有電梯),住家用,鋼筋混凝土造,1100610,256.21000000000004,4,2,2,有,無,14600000,68762,坡道平面,80.24,2500000,預售屋、或土地及建物分件登記案件；,RPXVMLKMPHGGFBJ96DA,103.84,0.0,11.22,有,
新豐鄉,房地(土地+建物),新竹縣新豐鄉員山１３１之６２號,82.13,,山坡地保育區,丙種建築用地,1081005,土地3建物1車位0,全,三層,透天厝,住家用,鋼筋混凝土造,1100129,159.04,3,2,3,有,無,8450000,53131,,0.0,0,預售屋、或土地及建物分件登記案件；,RPTPMLQKMHGGFDJ88DA,143.74,0.0,15.3,無,
竹東鎮,房地(土地+建物)+車位,新竹縣竹東鎮龍鳳路２２之１號三樓,17.04,商,,,1081002,土地1建物1車位1,三層,十五層,住宅大樓(11層含以上有電梯),住家用,鋼筋混凝土造,1100317,124.38,2,2,1,有,有,6050000,53939,坡道平面,30.57,990000,108.12.4加購停車位新台幣 99萬已含入交易總價預售屋、或土地及建物分件登記案件；,RPQOMLPJPHGGFCJ48DA,59.45,0.0,3.84,有,
竹東鎮,房地(土地+建物)+車位,新竹縣竹東鎮龍鳳路２８之１號十樓,24.76,商,,,1081019,土地1建物1車位1,十層,十五層,住宅大樓(11層含以上有電梯),住家用,鋼筋混凝土造,1100317,169.8,3,2,2,有,有,9360000,59614,坡道平面,30.57,1060000,預售屋、或土地及建物分件登記案件；,RPQNMLLJPHGGFCJ97DA,86.33,0.0,8.56,有,
新豐鄉,房地(土地+建物),新竹縣新豐鄉員山１３１之１２號,92.57,,山坡地保育區,丙種建築用地,1081006,土地4建物1車位0,全,三層,透天厝,住商用,鋼筋混凝土造,1100129,155.67,3,2,3,有,無,9000000,57815,,0.0,0,預售屋、或土地及建物分件登記案件；,RPXNMLLKPHGGFDJ88DA,140.37,0.0,15.3,無,
竹東鎮,房地(土地+建物)+車位,新竹縣竹東鎮龍鳳路１８之１號十三樓,16.61,商,,,1081003,土地1建物1車位1,十三層,十五層,住宅大樓(11層含以上有電梯),住家用,鋼筋混凝土造,1100317,122.35,2,2,1,有,有,6140000,56439,坡道平面,30.57,960000,109.5.8讓與價格新台幣 614萬預售屋、或土地及建物分件登記案件；,RPVNMLLKPHGGFCJ58DA,57.82,0.0,4.25,有,
竹東鎮,房地(土地+建物)+車位,新竹縣竹東鎮龍鳳路２６之１號十四樓,16.61,商,,,1081010,土地1建物1車位1,十四層,十五層,住宅大樓(11層含以上有電梯),住家用,鋼筋混凝土造,1100317,122.35,2,2,1,有,有,6170000,56221,坡道平面,30.57,1010000,預售屋、或土地及建物分件登記案件；,RPXOMLSLPHGGFCJ07DA,57.82,0.0,4.25,有,
新豐鄉,房地(土地+建物)+車位,新竹縣新豐鄉建興路二段６９０號十二樓,29.99,住,,,1081010,土地1建物1車位1,十二層,十二層,住宅大樓(11層含以上有電梯),住家用,鋼筋混凝土造,1100623,134.69,3,2,2,有,有,7080000,56707,坡道平面,26.59,950000,,RPXOMLQJQHGGFDJ86DA,73.67,0.0,7.38,有,
新豐鄉,房地(土地+建物)+車位,新竹縣新豐鄉員山１３１之１２３號六樓,24.9,,山坡地保育區,丙種建築用地,1081007,土地3建物1車位1,六層,七層,華廈(10層含以下有電梯),住家用,鋼筋混凝土造,1100401,92.95,2,2,1,有,無,3880000,43153,坡道平面,26.21,1000000,預售屋、或土地及建物分件登記案件；,RPQQMLPLOHGGFDJ88DA,41.14,0.0,3.75,有,
竹北市,房地(土地+建物)+車位,新竹縣竹北市日興一街２６號十一樓,18.68,住,,,1081022,土地1建物1車位1,十一層,十四層,住宅大樓(11層含以上有電梯),住家用,鋼筋混凝土造,1100603,127.72,2,2,1,有,有,9700000,88933,坡道平面,36.64,1600000,實際成交未執行裝潢＄82萬元，自房地總價中扣除。含裝潢費820000元；預售屋、或土地及建物分件登記案件；,RPVTMLNLOHGGFBJ66DA,54.88,3.0,3.17,有,
新豐鄉,房地(土地+建物)+車位,新竹縣新豐鄉建興路二段６８８之１號六樓,23.7,住,,,1081025,土地1建物1車位1,六層,十二層,住宅大樓(11層含以上有電梯),住家用,鋼筋混凝土造,1100623,106.02,2,2,1,有,有,5020000,51240,坡道平面,26.59,950000,,RPXPMLTJQHGGFDJ27DA,53.14,0.0,6.41,有,
新豐鄉,房地(土地+建物)+車位,新竹縣新豐鄉建興路二段６８８之１號八樓,23.7,住,,,1081025,土地1建物1車位1,八層,十二層,住宅大樓(11層含以上有電梯),住家用,鋼筋混凝土造,1100623,106.02,2,2,1,有,有,5100000,52247,坡道平面,26.59,950000,,RPOQMLTJQHGGFDJ09DA,53.14,0.0,6.41,有,
竹北市,房地(土地+建物)+車位,新竹縣竹北市日興一街８號十二樓,27.34,住,,,1081027,土地1建物1車位2,十二層,十四層,住宅大樓(11層含以上有電梯),住家用,鋼筋混凝土造,1100603,187.17000000000002,3,2,2,有,有,12910000,87892,坡道平面,73.28,2900000,實際成交未執行裝潢＄103萬元，自房地總價中扣除。含裝潢費1030000元；預售屋、或土地及建物分件登記案件；,RPUOMLMLOHGGFBJ58DA,69.19,3.87,3.22,有,
竹東鎮,房地(土地+建物)+車位,龍鳳路１６號十五樓,24.76,商,,,1080905,土地1建物1車位1,十五層,十五層,住宅大樓(11層含以上有電梯),住家用,鋼筋混凝土造,1100317,169.75,2,2,2,有,有,8810000,56402,坡道平面,30.57,960000,預售屋、或土地及建物分件登記案件；,RPVWMLQLNHGGFCJ27DA,86.31,0.0,8.56,有,
竹東鎮,房地(土地+建物)+車位,龍鳳路２２號十五樓,16.91,商,,,1080916,土地1建物1車位1,十五層,十五層,住宅大樓(11層含以上有電梯),住家用,鋼筋混凝土造,1100317,123.88,2,2,1,有,有,6170000,55300,坡道平面,30.57,1010000,預售屋、或土地及建物分件登記案件；,RPXWMLQLNHGGFCJ47DA,58.94,0.0,4.08,有,
竹東鎮,房地(土地+建物),龍鳳路２６號七樓,16.61,商,,,1080906,土地1建物1車位0,七層,十五層,住宅大樓(11層含以上有電梯),住家用,鋼筋混凝土造,1100317,91.78,2,2,1,有,有,4980000,54260,,0.0,0,預售屋、或土地及建物分件登記案件；,RPONNLQLNHGGFCJ38DA,57.82,0.0,4.25,有,
竹東鎮,房地(土地+建物)+車位,龍鳳路２８號五樓,24.76,商,,,1080905,土地1建物1車位1,五層,十五層,住宅大樓(11層含以上有電梯),住家用,鋼筋混凝土造,1100317,169.78,2,2,2,有,有,8700000,54881,坡道平面,30.57,1060000,預售屋、或土地及建物分件登記案件；,RPPNNLQLNHGGFCJ48DA,86.31,0.0,8.56,有,
竹東鎮,房地(土地+建物)+車位,龍鳳路２６之１號十一樓,16.61,商,,,1080901,土地1建物1車位1,十一層,十五層,住宅大樓(11層含以上有電梯),住家用,鋼筋混凝土造,1100317,122.35,2,2,1,有,有,6000000,54696,坡道平面,30.57,980000,預售屋、或土地及建物分件登記案件；,RPSPNLQLNHGGFCJ98DA,57.82,0.0,4.25,有,
竹北市,房地(土地+建物)+車位,北新一街２１號二十樓之六,10.83,商,,,1080909,土地1建物1車位1,二十層,二十四層,住宅大樓(11層含以上有電梯),住家用,鋼筋混凝土造,1091225,123.81,2,1,1,有,有,7130000,60699,坡道平面,29.41,1400000,預售屋、或土地及建物分件登記案件；,RPVOMLOJNHGGFBJ58DA,57.48,0.0,6.49,有,
竹北市,房地(土地+建物)+車位,北新一街１７號十樓之一,14.01,商,,,1080924,土地1建物1車位1,十層,二十四層,住宅大樓(11層含以上有電梯),住家用,鋼筋混凝土造,1091225,152.74,3,2,2,有,有,9000000,62500,坡道平面,28.74,1250000,預售屋、或土地及建物分件登記案件；,RPOPMLSLMHGGFBJ48DA,78.29,0.0,5.82,有,
竹北市,房地(土地+建物)+車位,北新一街１７號三樓之三,9.56,商,,,1080901,土地1建物1車位1,三層,二十四層,住宅大樓(11層含以上有電梯),住家用,鋼筋混凝土造,1091225,122.63,2,1,1,有,有,7000000,60073,坡道平面,29.41,1400000,預售屋、或土地及建物分件登記案件；,RPTOMLOKNHGGFBJ48DA,57.48,0.0,5.64,有,
竹北市,房地(土地+建物)+車位,北新一街１７號七樓之三,9.56,商,,,1080901,土地1建物1車位1,七層,二十四層,住宅大樓(11層含以上有電梯),住家用,鋼筋混凝土造,1091225,122.63,2,1,1,有,有,7050000,60609,坡道平面,29.41,1400000,預售屋、或土地及建物分件登記案件；,RPUOMLOKNHGGFBJ58DA,57.48,0.0,5.64,有,
新豐鄉,房地(土地+建物)+車位,中崙２８７之３號五樓之２,37.8,,特定農業區,甲種建築用地,1080915,土地1建物1車位1,五層,五層,華廈(10層含以下有電梯),住家用,鋼筋混凝土造,1100203,126.53,3,2,2,有,有,5580000,44100,一樓平面,0.0,0,預售屋、或土地及建物分件登記案件；,RPXPMLTJOHGGFDJ07DA,79.69,0.0,9.09,有,
新豐鄉,房地(土地+建物),中崙２８７之３號二樓之５,14.62,,特定農業區,甲種建築用地,1080925,土地1建物1車位0,二層,五層,華廈(10層含以下有電梯),住家用,鋼筋混凝土造,1100203,44.44,1,1,1,有,有,1980000,44554,,0.0,0,預售屋、或土地及建物分件登記案件；,RPSQMLTJOHGGFDJ66DA,24.4,0.0,10.04,有,
新豐鄉,房地(土地+建物)+車位,中崙２８７之３號三樓之５,14.62,,特定農業區,甲種建築用地,1080928,土地1建物1車位1,三層,五層,華廈(10層含以下有電梯),住家用,鋼筋混凝土造,1100203,57.58,1,1,1,有,有,3050000,52970,一樓平面,0.0,0,預售屋、或土地及建物分件登記案件；,RPTQMLTJOHGGFDJ76DA,24.4,0.0,10.04,有,
新豐鄉,房地(土地+建物)+車位,中崙２８７之３號四樓之５,14.62,,特定農業區,甲種建築用地,1080928,土地1建物1車位1,四層,五層,華廈(10層含以下有電梯),住家用,鋼筋混凝土造,1100203,57.58,1,1,1,有,有,3050000,52970,一樓平面,0.0,0,預售屋、或土地及建物分件登記案件；,RPUQMLTJOHGGFDJ86DA,24.4,0.0,10.04,有,
新豐鄉,房地(土地+建物)+車位,中崙２８７之３號五樓之５,14.62,,特定農業區,甲種建築用地,1080921,土地1建物1車位1,五層,五層,華廈(10層含以下有電梯),住家用,鋼筋混凝土造,1100203,57.58,1,1,1,有,有,2830000,49149,一樓平面,0.0,0,預售屋、或土地及建物分件登記案件；,RPVQMLTJOHGGFDJ96DA,24.4,0.0,10.04,有,
竹北市,房地(土地+建物)+車位,新竹縣竹北市環北路一段３５０巷７１號三樓之二,26.62,,特定農業區,甲種建築用地,1080911,土地1建物1車位1,三層,七層,華廈(10層含以下有電梯),住家用,鋼筋混凝土造,1100325,91.82,2,2,1,有,有,4650000,50362,升降機械,10.41,550000,,RPSOMLSKOHGGFBJ88DA,56.35,0.0,4.27,有,
竹東鎮,房地(土地+建物)+車位,新竹縣竹東鎮龍鳳路２０號十一樓,16.91,商,,,1080906,土地1建物1車位1,十一層,十五層,住宅大樓(11層含以上有電梯),住家用,鋼筋混凝土造,1100317,123.88,2,2,1,有,有,6060000,53585,坡道平面,30.57,1060000,預售屋、或土地及建物分件登記案件；,RPWQMLLMNHGGFCJ98DA,58.94,0.0,4.08,有,
竹東鎮,房地(土地+建物),新竹縣竹東鎮龍鳳路２６號八樓,16.61,商,,,1080924,土地1建物1車位0,八層,十五層,住宅大樓(11層含以上有電梯),住家用,鋼筋混凝土造,1100317,91.78,2,2,1,有,有,5600000,61015,,0.0,0,含裝潢費500000元；預售屋、或土地及建物分件登記案件；,RPRRMLQJOHGGFCJ88DA,57.82,0.0,4.25,有,
竹北市,房地(土地+建物)+車位,新竹縣竹北市復興二路２６１號六樓之一,8.63,商,,,1080928,土地1建物1車位1,六層,二十四層,住宅大樓(11層含以上有電梯),住家用,鋼筋混凝土造,1091226,106.1,1,1,1,有,有,8800000,96238,坡道平面,30.35,1510000,預售屋、或土地及建物分件登記案件；,RPSOMLKKOHGGFBJ08DA,40.17,5.21,3.66,有,
新豐鄉,房地(土地+建物),新竹縣新豐鄉員山１３１之９１號,148.77,,山坡地保育區,丙種建築用地,1080930,土地3建物1車位0,全,三層,透天厝,住家用,鋼筋混凝土造,1100129,152.66,3,2,3,有,無,9300000,60920,,0.0,0,預售屋、或土地及建物分件登記案件；,RPVTMLQKMHGGFDJ86DA,137.33,0.0,15.33,無,
竹北市,房地(土地+建物)+車位,新竹縣竹北市嘉德街１２０號六樓,50.41,住,,,1080922,土地1建物1車位3,六層,二十層,住宅大樓(11層含以上有電梯),住家用,鋼筋混凝土造,1100520,343.08,4,2,3,有,有,28050000,91497,坡道平面,76.95,3700000,土地買賣價款1217萬建物買賣價款1218萬車位買賣價款370萬預售屋、或土地及建物分件登記案件；,RPOPMLKKPHGGFBJ87DA,164.45,0.0,16.94,有,
竹北市,房地(土地+建物)+車位,新竹縣竹北市嘉德街１２２號十九樓,43.22,住,,,1080901,土地1建物1車位2,十九層,二十層,住宅大樓(11層含以上有電梯),住家用,鋼筋混凝土造,1100520,279.43,4,2,2,有,有,27020000,106168,坡道平面,51.3,2800000,土地買賣價款1211萬建物買賣價款1211萬車位買賣價款280萬預售屋、或土地及建物分件登記案件；,RPWOMLMKPHGGFBJ78DA,139.99,0.0,15.52,有,
湖口鄉,房地(土地+建物),新竹縣湖口鄉達生路５３６號,88.44,住,,,1080916,土地2建物1車位0,全,四層,透天厝,住商用,鋼筋混凝土造,1100121,231.6,4,3,4,有,無,14500000,62608,,0.0,0,,RPRNMLNJQHGGFDJ48DA,208.42,0.0,23.18,無,
竹北市,房地(土地+建物)+車位,新竹縣竹北市社崙二街２６號十四樓,34.24,住,,,1080923,土地1建物1車位2,十四層,十五層,住宅大樓(11層含以上有電梯),住家用,鋼筋混凝土造,1100610,253.31,4,2,2,有,無,14600000,69898,坡道平面,77.34,2300000,預售屋、或土地及建物分件登記案件；,RPOWMLKMPHGGFBJ78DA,103.84,0.0,11.22,有,
竹東鎮,房地(土地+建物)+車位,新竹縣竹東鎮龍鳳路３０之８號八樓,20.99,商,,,1080917,土地1建物1車位1,八層,十五層,住宅大樓(11層含以上有電梯),住家用,鋼筋混凝土造,1100317,148.76999999999998,2,2,2,有,有,7610000,55838,坡道平面,30.57,1010000,預售屋、或土地及建物分件登記案件；,RPRNMLOJPHGGFCJ38DA,73.12,0.0,8.08,有,
竹東鎮,房地(土地+建物)+車位,新竹縣竹東鎮龍鳳路３０之１號十樓,23.67,商,,,1080919,土地1建物1車位1,十層,十五層,住宅大樓(11層含以上有電梯),住家用,鋼筋混凝土造,1100317,165.45999999999998,2,2,2,有,有,8720000,56787,坡道平面,30.57,1060000,109.10.28讓與價格新台幣930萬預售屋、或土地及建物分件登記案件；,RPWNMLLKPHGGFCJ68DA,82.49,0.0,10.64,有,
竹東鎮,房地(土地+建物)+車位,新竹縣竹東鎮龍鳳路３０之９號二樓,20.99,商,,,1080916,土地1建物1車位1,二層,十五層,住宅大樓(11層含以上有電梯),住家用,鋼筋混凝土造,1100317,148.76999999999998,2,2,2,有,有,7760000,56684,坡道平面,30.57,1060000,110.3.17讓與價格新台幣776萬預售屋、或土地及建物分件登記案件；,RPQOMLLKPHGGFCJ18DA,73.12,0.0,8.08,有,
竹北市,房地(土地+建物)+車位,新竹縣竹北市社崙二街１８號三樓,37.79,住,,,1080930,土地1建物1車位2,三層,十四層,住宅大樓(11層含以上有電梯),住家用,鋼筋混凝土造,1100610,273.76,4,2,2,有,無,14800000,64778,坡道平面,83.88,2500000,預售屋、或土地及建物分件登記案件；,RPSNMLTLPHGGFBJ09DA,114.37,0.0,12.7,有,
竹北市,房地(土地+建物)+車位,新竹縣竹北市勝利十街８５號三樓之六,24.25,住,,,1080907,土地1建物1車位1,三層,十二層,住宅大樓(11層含以上有電梯),住家用,鋼筋混凝土造,1100601,148.16,3,2,2,有,有,9320000,69904,坡道平面,32.0,1200000,預售屋,RPXUMLOJQHGGFBJ07DA,73.7,0.0,6.71,有,
竹北市,房地(土地+建物)+車位,新竹縣竹北市嘉德街１２２號二十樓,43.22,住,,,1080915,土地1建物1車位2,二十層,二十層,住宅大樓(11層含以上有電梯),住家用,鋼筋混凝土造,1100520,279.45,4,2,2,有,有,27570000,108569,坡道平面,51.3,2800000,土地買賣價款1238萬建物買賣價款1239萬車位買賣價款280萬預售屋、或土地及建物分件登記案件；,RPQWMLOJQHGGFBJ56DA,139.99,0.0,15.52,有,
竹東鎮,房地(土地+建物)+車位,新竹縣竹東鎮龍鳳路２２號二樓,16.91,商,,,1080907,土地1建物1車位1,二層,十五層,住宅大樓(11層含以上有電梯),住家用,鋼筋混凝土造,1100317,123.88,2,2,1,有,有,6470000,58515,坡道平面,30.57,1010000,預售屋、或土地及建物分件登記案件；,RPSOMLQJQHGGFCJ88DA,58.94,0.0,4.08,有,
竹北市,房地(土地+建物)+車位,新竹縣竹北市社崙二街２６號十二樓,34.61,住,,,1080910,土地1建物1車位2,十二層,十五層,住宅大樓(11層含以上有電梯),住家用,鋼筋混凝土造,1100610,256.21000000000004,4,2,2,有,無,14380000,68648,坡道平面,80.24,2300000,預售屋、或土地及建物分件登記案件；,RPWVMLKMPHGGFBJ86DA,103.84,0.0,11.22,有,
竹東鎮,房地(土地+建物)+車位,龍鳳路２０號三樓,16.91,商,,,1080810,土地1建物1車位1,三層,十五層,住宅大樓(11層含以上有電梯),住家用,鋼筋混凝土造,1100317,123.88,2,2,1,有,有,6000000,53049,坡道平面,30.57,1050000,預售屋、或土地及建物分件登記案件；,RPTVMLQLNHGGFCJ96DA,58.94,0.0,4.08,有,
竹東鎮,房地(土地+建物)+車位,龍鳳路２８之１號十三樓,24.76,商,,,1080831,土地1建物1車位1,十三層,十五層,住宅大樓(11層含以上有電梯),住家用,鋼筋混凝土造,1100317,169.8,3,2,2,有,有,9000000,57315,坡道平面,30.57,1020000,預售屋、或土地及建物分件登記案件；,RPQNNLQLNHGGFCJ58DA,86.32,0.0,8.56,有,
竹東鎮,房地(土地+建物)+車位,龍鳳路２２號十二樓,16.91,商,,,1080824,土地1建物1車位1,十二層,十五層,住宅大樓(11層含以上有電梯),住家用,鋼筋混凝土造,1100317,123.88,2,2,1,有,有,6100000,54657,坡道平面,30.57,1000000,預售屋、或土地及建物分件登記案件；,RPOPNLQLNHGGFCJ58DA,58.94,0.0,4.08,有,
新豐鄉,房地(土地+建物),員山１３１之７１號,82.47,,山坡地保育區,丙種建築用地,1080818,土地4建物1車位0,全,三層,透天厝,住家用,鋼筋混凝土造,1100129,159.04,3,2,3,有,無,8200000,51559,,0.0,0,預售屋、或土地及建物分件登記案件；,RPVQMLQKMHGGFDJ56DA,143.74,0.0,15.3,無,
新埔鎮,房地(土地+建物),田新十二街４０號,81.32,住,,,1080816,土地3建物1車位0,全,三層,透天厝,住家用,鋼筋混凝土造,1091210,164.59,4,2,3,有,有,9820000,59663,,0.0,0,預售屋、或土地及建物分件登記案件；,RPVNMLSKOHGGFBJ09DA,143.31,0.0,21.28,無,
竹東鎮,房地(土地+建物)+車位,新竹縣竹東鎮龍鳳路２２號十樓,16.91,商,,,1080825,土地1建物1車位1,十層,十五層,住宅大樓(11層含以上有電梯),住家用,鋼筋混凝土造,1100317,123.88,2,2,1,有,有,6100000,54657,坡道平面,30.57,1000000,預售屋、或土地及建物分件登記案件；,RPQOMLLMNHGGFCJ18DA,58.94,0.0,4.08,有,
竹東鎮,房地(土地+建物),新竹縣竹東鎮龍鳳路２６號三樓,16.61,商,,,1080806,土地1建物1車位0,三層,十五層,住宅大樓(11層含以上有電梯),住家用,鋼筋混凝土造,1100317,91.78,2,2,1,有,有,5430000,59163,,0.0,0,含裝潢費500000元；預售屋、或土地及建物分件登記案件；,RPSRMLQJOHGGFCJ98DA,57.82,0.0,4.25,有,
新豐鄉,房地(土地+建物),新竹縣新豐鄉員山１３１之１１０號,82.93,,山坡地保育區,丙種建築用地,1080801,土地4建物1車位0,全,三層,透天厝,住家用,鋼筋混凝土造,1100129,159.04,3,2,3,有,無,7800000,49044,,0.0,0,預售屋、或土地及建物分件登記案件；,RPQUMLQKMHGGFDJ09DA,143.74,0.0,15.3,無,
竹北市,房地(土地+建物)+車位,新竹縣竹北市北新一街２３號七樓之五,14.65,商,,,1080801,土地1建物1車位1,七層,二十四層,住宅大樓(11層含以上有電梯),住家用,鋼筋混凝土造,1091225,163.47,3,2,2,有,有,9500000,61167,坡道平面,29.41,1300000,預售屋、或土地及建物分件登記案件；,RPUSMLPKNHGGFBJ09DA,79.44,0.0,11.34,有,
竹北市,房地(土地+建物)+車位,新竹縣竹北市北新一街１７號二十三樓之五,14.65,商,,,1080822,土地1建物1車位1,二十三層,二十四層,住宅大樓(11層含以上有電梯),住家用,鋼筋混凝土造,1091225,163.47,3,2,2,有,有,9950000,63777,坡道平面,29.41,1400000,預售屋、或土地及建物分件登記案件；,RPWOMLSLMHGGFBJ56DA,79.44,0.0,11.34,有,
竹北市,房地(土地+建物)+車位,新竹縣竹北市新瀧三街１２號,10.19,商,,,1080826,土地1建物1車位1,一層,二十四層,住宅大樓(11層含以上有電梯),商業用,鋼筋混凝土造,1091225,115.77000000000001,0,0,0,無,有,9500000,94951,坡道平面,29.41,1300000,預售屋權利轉售，權利買賣契約成交價格新台幣1100萬元。其他20000；預售屋、或土地及建物分件登記案件；,RPTNMLTLMHGGFBJ88DA,58.63,0.0,0.0,有,
新埔鎮,房地(土地+建物),新竹縣新埔鎮田新十二街３６巷６號,60.45,住,,,1080814,土地3建物1車位0,全,四層,透天厝,住家用,鋼筋混凝土造,1091210,168.4,4,2,4,有,有,8880000,52732,,0.0,0,預售屋、或土地及建物分件登記案件；,RPOQMLSJPHGGFBJ68DA,144.29,0.0,24.11,無,
竹東鎮,房地(土地+建物)+車位,新竹縣竹東鎮龍鳳路３０之５號十樓,20.99,商,,,1080806,土地1建物1車位1,十層,十五層,住宅大樓(11層含以上有電梯),住家用,鋼筋混凝土造,1100317,148.85,2,2,2,有,有,7620000,56307,坡道平面,30.57,960000,預售屋、或土地及建物分件登記案件；,RPVOMLTKOHGGFCJ76DA,73.12,0.0,8.16,有,
竹北市,房地(土地+建物)+車位,新竹縣竹北市日興一街８號八樓,27.84,住,,,1080803,土地1建物1車位2,八層,十四層,住宅大樓(11層含以上有電梯),住家用,鋼筋混凝土造,1100603,190.24,3,2,2,有,有,12100000,80780,坡道平面,76.35,2900000,預售屋、或土地及建物分件登記案件；,RPPVMLMLOHGGFBJ78DA,69.19,3.87,3.22,有,
竹北市,房地(土地+建物)+車位,新竹縣竹北市日興一街２０號九樓,18.63,住,,,1080831,土地1建物1車位1,九層,十四層,住宅大樓(11層含以上有電梯),住家用,鋼筋混凝土造,1100603,127.41,2,2,1,有,有,9320000,86703,坡道平面,36.64,1450000,實際成交未執行裝潢＄82萬元，自房地總價中扣除。含裝潢費820000元；預售屋、或土地及建物分件登記案件；,RPVRMLNLOHGGFBJ09DA,54.67,3.0,3.17,有,
竹北市,房地(土地+建物)+車位,新竹縣竹北市社崙二街２２號十四樓,32.37,住,,,1080821,土地1建物1車位2,十四層,十五層,住宅大樓(11層含以上有電梯),住家用,鋼筋混凝土造,1100610,242.57999999999998,3,2,2,有,無,13720000,69114,坡道平面,80.24,2500000,預售屋、或土地及建物分件登記案件；,RPRUMLKMPHGGFBJ88DA,95.05,0.0,10.8,有,
竹北市,房地(土地+建物)+車位,新竹縣竹北市社崙二街２０號四樓,37.42,住,,,1080807,土地1建物1車位2,四層,十四層,住宅大樓(11層含以上有電梯),住家用,鋼筋混凝土造,1100610,270.08000000000004,4,2,2,有,無,13800000,60577,坡道平面,80.24,2300000,預售屋、或土地及建物分件登記案件；,RPTOMLKMPHGGFBJ48DA,114.37,0.0,12.66,有,
新豐鄉,房地(土地+建物),新竹縣新豐鄉員山１３１之１１５號,82.71,,山坡地保育區,丙種建築用地,1080804,土地3建物1車位0,全,三層,透天厝,住家用,鋼筋混凝土造,1100129,159.04,3,2,3,有,無,7800000,49044,,0.0,0,預售屋、或土地及建物分件登記案件；,RPUUMLQKMHGGFDJ86DA,143.74,0.0,15.3,無,
新豐鄉,房地(土地+建物),新竹縣新豐鄉員山１３１之８８號,82.47,,山坡地保育區,丙種建築用地,1080810,土地3建物1車位0,全,三層,透天厝,住家用,鋼筋混凝土造,1100129,159.04,3,2,3,有,無,8280000,52062,,0.0,0,預售屋、或土地及建物分件登記案件；,RPPSMLQKMHGGFDJ78DA,143.74,0.0,15.3,無,
竹東鎮,房地(土地+建物),新竹縣竹東鎮龍鳳路１８號三樓,16.61,商,,,1080806,土地1建物1車位0,三層,十五層,住宅大樓(11層含以上有電梯),住家用,鋼筋混凝土造,1100317,91.78,2,2,1,有,有,5430000,59163,,0.0,0,含裝潢費500000元；預售屋、或土地及建物分件登記案件；,RPROMLKMOHGGFCJ28DA,57.82,0.0,4.25,有,
竹東鎮,房地(土地+建物)+車位,新竹縣竹東鎮龍鳳路３０之３號十三樓,20.99,商,,,1080801,土地1建物1車位1,十三層,十五層,住宅大樓(11層含以上有電梯),住家用,鋼筋混凝土造,1100317,148.94,2,2,2,有,有,7710000,57025,坡道平面,30.57,960000,109.12.05讓與價格新台幣771萬預售屋、或土地及建物分件登記案件；,RPPNMLQJPHGGFCJ38DA,73.18,0.0,8.16,有,
竹東鎮,房地(土地+建物)+車位,新竹縣竹東鎮龍鳳路２２號九樓,16.91,商,,,1080804,土地1建物1車位1,九層,十五層,住宅大樓(11層含以上有電梯),住家用,鋼筋混凝土造,1100317,123.88,2,2,1,有,有,5930000,54121,坡道平面,30.57,880000,108.12.22加購停車位新台幣88萬已含入交易總價預售屋、或土地及建物分件登記案件；,RPSNMLLKPHGGFCJ28DA,58.94,0.0,4.08,有,
竹北市,房地(土地+建物)+車位,新竹縣竹北市社崙二街２０號十一樓,37.42,住,,,1080806,土地1建物1車位2,十一層,十四層,住宅大樓(11層含以上有電梯),住家用,鋼筋混凝土造,1100610,270.08000000000004,4,2,2,有,無,15700000,68479,坡道平面,80.24,2700000,預售屋、或土地及建物分件登記案件；,RPQPMLKMPHGGFBJ28DA,114.37,0.0,12.66,有,
新豐鄉,房地(土地+建物)+車位,新竹縣新豐鄉員山１３１之１２６號四樓,33.43,,山坡地保育區,丙種建築用地,1080802,土地3建物1車位1,四層,七層,華廈(10層含以下有電梯),住家用,鋼筋混凝土造,1100401,137.54,3,2,2,有,無,5880000,46079,坡道平面,26.21,750000,預售屋、或土地及建物分件登記案件；,RPPSMLPLOHGGFDJ98DA,69.53,0.0,5.3,有,
竹東鎮,房地(土地+建物)+車位,新竹縣竹東鎮龍鳳路２８號十樓,24.76,商,,,1080805,土地1建物1車位1,十層,十五層,住宅大樓(11層含以上有電梯),住家用,鋼筋混凝土造,1100317,169.78,2,2,2,有,有,8830000,56174,坡道平面,30.57,1010000,預售屋、或土地及建物分件登記案件；,RPUOMLSLPHGGFCJ76DA,86.31,0.0,8.56,有,
新豐鄉,房地(土地+建物)+車位,新竹縣新豐鄉建興路二段６８８號四樓,29.75,住,,,1080831,土地1建物1車位1,四層,十二層,住宅大樓(11層含以上有電梯),住家用,鋼筋混凝土造,1100623,133.53,3,2,2,有,有,6330000,50231,坡道平面,25.43,900000,,RPRNMLTJQHGGFDJ09DA,73.67,0.0,7.38,有,
新豐鄉,房地(土地+建物)+車位,新竹縣新豐鄉建興路二段６８８號五樓,29.99,住,,,1080807,土地1建物1車位1,五層,十二層,住宅大樓(11層含以上有電梯),住家用,鋼筋混凝土造,1100623,134.69,3,2,2,有,有,6450000,51804,坡道平面,26.59,850000,,RPSNMLTJQHGGFDJ56DA,73.67,0.0,7.38,有,
新豐鄉,房地(土地+建物)+車位,新竹縣新豐鄉建興路二段６８８號七樓,29.99,住,,,1080801,土地1建物1車位1,七層,十二層,住宅大樓(11層含以上有電梯),住家用,鋼筋混凝土造,1100623,134.69,3,2,2,有,有,6500000,51341,坡道平面,26.59,950000,,RPUNMLTJQHGGFDJ76DA,73.67,0.0,7.38,有,
新豐鄉,房地(土地+建物)+車位,新竹縣新豐鄉建興路二段６９０之１號三樓,24.67,住,,,1080831,土地1建物1車位1,三層,十二層,住宅大樓(11層含以上有電梯),住家用,鋼筋混凝土造,1100623,110.50999999999999,2,2,2,有,有,5300000,50643,一樓平面,26.59,1050000,,RPQOMLTJQHGGFDJ09DA,56.24,0.0,6.41,有,
新豐鄉,房地(土地+建物)+車位,新竹縣新豐鄉建興路二段６９０號四樓,29.99,住,,,1080811,土地1建物1車位1,四層,十二層,住宅大樓(11層含以上有電梯),住家用,鋼筋混凝土造,1100623,134.69,3,2,2,有,有,6210000,49584,坡道平面,26.59,850000,,RPPOMLQJQHGGFDJ68DA,73.67,0.0,7.38,有,
新豐鄉,房地(土地+建物)+車位,新竹縣新豐鄉建興路二段６９０號九樓,29.99,住,,,1080824,土地1建物1車位1,九層,十二層,住宅大樓(11層含以上有電梯),住家用,鋼筋混凝土造,1100623,134.69,3,2,2,有,有,6690000,53099,坡道平面,26.59,950000,,RPUOMLQJQHGGFDJ56DA,73.67,0.0,7.38,有,
新豐鄉,房地(土地+建物)+車位,新竹縣新豐鄉建興路二段６９０號十樓,31.44,住,,,1080804,土地1建物1車位1,十層,十二層,住宅大樓(11層含以上有電梯),住家用,鋼筋混凝土造,1100623,138.16,3,2,2,有,有,6880000,54394,一樓平面,30.06,1000000,,RPVOMLQJQHGGFDJ66DA,73.67,0.0,7.38,有,
竹東鎮,房地(土地+建物),新竹縣竹東鎮龍鳳路２６號十樓,16.61,商,,,1080830,土地1建物1車位0,十層,十五層,住宅大樓(11層含以上有電梯),住家用,鋼筋混凝土造,1100317,91.78,2,2,1,有,有,5050000,55023,,0.0,0,預售屋、或土地及建物分件登記案件；,RPTOMLQJQHGGFCJ98DA,57.82,0.0,4.25,有,
竹北市,房地(土地+建物)+車位,新竹縣竹北市日興一街２６號八樓,18.68,住,,,1080823,土地1建物1車位1,八層,十四層,住宅大樓(11層含以上有電梯),住家用,鋼筋混凝土造,1100603,127.72,2,2,1,有,有,9320000,86408,坡道平面,36.64,1450000,實際成交未執行裝潢＄82萬元，自房地總價中扣除。含裝潢費820000元；預售屋、或土地及建物分件登記案件；,RPUNMLOLOHGGFBJ68DA,54.88,3.0,3.17,有,
竹北市,房地(土地+建物)+車位,新竹縣竹北市日興一街２６號五樓,18.68,住,,,1080816,土地1建物1車位1,五層,十四層,住宅大樓(11層含以上有電梯),住家用,鋼筋混凝土造,1100603,127.72,2,2,1,有,有,9320000,84761,坡道平面,36.64,1600000,實際成交未執行裝潢＄82萬元，自房地總價中扣除。含裝潢費820000元；預售屋、或土地及建物分件登記案件；,RPSTMLMLOHGGFBJ88DA,54.88,3.0,3.17,有,
新豐鄉,房地(土地+建物),員山１３１之１０９號,82.99,,山坡地保育區,丙種建築用地,1080728,土地4建物1車位0,全,三層,透天厝,住家用,鋼筋混凝土造,1100129,159.04,3,2,3,有,無,7880000,49547,,0.0,0,預售屋、或土地及建物分件登記案件；,RPPUMLQKMHGGFDJ98DA,143.74,0.0,15.3,無,
竹東鎮,房地(土地+建物)+車位,新竹縣竹東鎮東榮路５６之５號五樓,20.82,住,,,1080711,土地1建物1車位1,五層,十三層,住宅大樓(11層含以上有電梯),住家用,鋼筋混凝土造,1100128,128.58,2,2,1,有,有,6120000,56196,坡道平面,38.36,1050000,,RPVQMLTJLHGGFCJ56DA,58.57,0.0,4.89,有,
新埔鎮,房地(土地+建物),新竹縣新埔鎮田新十二街３６巷３號,94.46,住,,,1080727,土地3建物1車位0,全,四層,透天厝,住家用,鋼筋混凝土造,1091210,169.88,4,2,3,有,有,10500000,61808,,0.0,0,預售屋、或土地及建物分件登記案件；,RPPOMLSLOHGGFBJ68DA,164.8,0.0,5.08,無,
竹東鎮,房地(土地+建物),新竹縣竹東鎮龍鳳路２０號九樓,16.91,商,,,1080717,土地1建物1車位0,九層,十五層,住宅大樓(11層含以上有電梯),住家用,鋼筋混凝土造,1100317,93.31,2,2,1,有,有,5050000,54121,,0.0,0,預售屋、或土地及建物分件登記案件；,RPVTMLLMNHGGFCJ56DA,58.94,0.0,4.08,有,
竹東鎮,房地(土地+建物)+車位,新竹縣竹東鎮龍鳳路３０之５號八樓,20.99,商,,,1080722,土地1建物1車位2,八層,十五層,住宅大樓(11層含以上有電梯),住家用,鋼筋混凝土造,1100317,179.42000000000002,2,2,2,有,有,8720000,56307,坡道平面,61.14,2060000,預售屋、或土地及建物分件登記案件；,RPWPMLLMNHGGFCJ88DA,73.12,0.0,8.16,有,
竹北市,房地(土地+建物)+車位,新竹縣竹北市嘉豐北路２０號二十一樓,20.65,住,,,1080704,土地1建物1車位1,二十一層,二十三層,住宅大樓(11層含以上有電梯),住家用,鋼筋混凝土造,1081014,108.41999999999999,2,2,1,有,有,11720000,120274,坡道機械,17.96,840000,含裝潢費；含傢俱設備費；預售屋、或土地及建物分件登記案件；,RPVOMLLJOHGGFBJ38DA,52.59,0.0,4.42,有,
新豐鄉,房地(土地+建物),新竹縣新豐鄉員山１３１之７０號,101.85,,山坡地保育區,丙種建築用地,1080728,土地4建物1車位0,全,三層,透天厝,住家用,鋼筋混凝土造,1100129,161.85,3,2,3,有,無,8300000,51282,,0.0,0,預售屋、或土地及建物分件登記案件；,RPUQMLQKMHGGFDJ09DA,146.29,0.0,15.56,無,
竹東鎮,房地(土地+建物)+車位,新竹縣竹東鎮龍鳳路１８之１號十樓,16.61,商,,,1080724,土地1建物1車位1,十層,十五層,住宅大樓(11層含以上有電梯),住家用,鋼筋混凝土造,1100317,122.35,2,2,1,有,有,6120000,55677,坡道平面,30.57,1010000,108.12.1 加購停車位新台幣 101萬已含入交易總價預售屋、或土地及建物分件登記案件；,RPWPMLQJOHGGFCJ56DA,57.82,0.0,4.25,有,
竹北市,房地(土地+建物)+車位,新竹縣竹北市復興二路２５５號六樓之二,8.45,商,,,1080727,土地1建物1車位1,六層,二十四層,住宅大樓(11層含以上有電梯),住家用,鋼筋混凝土造,1091226,104.06,1,1,1,有,有,8680000,97409,坡道平面,30.35,1500000,預售屋、或土地及建物分件登記案件；,RPQTMLLKOHGGFBJ48DA,39.34,5.17,3.22,有,
新豐鄉,房地(土地+建物),新竹縣新豐鄉員山１３１之９６號,82.46,,山坡地保育區,丙種建築用地,1080722,土地3建物1車位0,全,三層,透天厝,住家用,鋼筋混凝土造,1100129,159.04,3,2,3,有,無,8160000,51308,,0.0,0,預售屋、或土地及建物分件登記案件；,RPQTMLQKMHGGFDJ98DA,143.74,0.0,15.3,無,
新豐鄉,房地(土地+建物),新竹縣新豐鄉員山１３１之１０２號,82.47,,山坡地保育區,丙種建築用地,1080727,土地3建物1車位0,全,三層,透天厝,住家用,鋼筋混凝土造,1100129,159.04,3,2,3,有,無,7900000,49673,,0.0,0,預售屋、或土地及建物分件登記案件；,RPUSMLQKMHGGFDJ66DA,143.74,0.0,15.3,無,
新豐鄉,房地(土地+建物),新竹縣新豐鄉員山１３１之７６號,82.46,,山坡地保育區,丙種建築用地,1080731,土地3建物1車位0,全,三層,透天厝,住家用,鋼筋混凝土造,1100129,159.04,3,2,3,有,無,8120000,51056,,0.0,0,預售屋、或土地及建物分件登記案件；,RPQRMLQKMHGGFDJ78DA,143.74,0.0,15.3,無,
竹北市,房地(土地+建物)+車位,新竹縣竹北市北新一街１７號六樓之三,9.56,商,,,1080718,土地1建物1車位1,六層,二十四層,住宅大樓(11層含以上有電梯),住家用,鋼筋混凝土造,1091225,121.94999999999999,2,1,1,有,有,6940000,60509,坡道平面,28.74,1300000,預售屋、或土地及建物分件登記案件；,RPSOMLQLMHGGFBJ58DA,57.48,0.0,5.64,有,
新埔鎮,房地(土地+建物),新竹縣新埔鎮田新十二街２０號,80.37,住,,,1080706,土地2建物1車位0,全,三層,透天厝,住家用,鋼筋混凝土造,1091209,164.47,4,2,3,有,有,10050000,61105,,0.0,0,預售屋、或土地及建物分件登記案件；,RPPQMLSJPHGGFBJ78DA,142.75,0.0,21.72,無,
竹北市,房地(土地+建物)+車位,新竹縣竹北市嘉德街１２２號十七樓,43.22,住,,,1080712,土地1建物1車位2,十七層,二十層,住宅大樓(11層含以上有電梯),住家用,鋼筋混凝土造,1100520,279.43,4,2,2,有,有,26080000,102924,坡道平面,51.3,2600000,土地買賣價款1174萬建物買賣價款1174萬車位買賣價款260萬預售屋、或土地及建物分件登記案件；,RPPOMLMKPHGGFBJ08DA,139.99,0.0,15.52,有,
竹北市,房地(土地+建物)+車位,新竹縣竹北市日興一街２６號十樓,18.68,住,,,1080724,土地1建物1車位1,十層,十四層,住宅大樓(11層含以上有電梯),住家用,鋼筋混凝土造,1100603,127.72,2,2,1,有,有,9320000,86408,坡道平面,36.64,1450000,實際成交未執行裝潢＄82萬元，自房地總價中扣除。含裝潢費820000元；預售屋、或土地及建物分件登記案件；,RPPSMLNLOHGGFBJ58DA,54.88,3.0,3.17,有,
竹北市,房地(土地+建物)+車位,新竹縣竹北市社崙二街２６號十一樓,34.61,住,,,1080723,土地1建物1車位2,十一層,十五層,住宅大樓(11層含以上有電梯),住家用,鋼筋混凝土造,1100610,256.21000000000004,4,2,2,有,無,13960000,66261,坡道平面,80.24,2300000,預售屋、或土地及建物分件登記案件；,RPVVMLKMPHGGFBJ76DA,103.84,0.0,11.22,有,
新豐鄉,房地(土地+建物),新竹縣新豐鄉員山１３１之４９號,135.57,,山坡地保育區,丙種建築用地,1080723,土地3建物1車位0,全,三層,透天厝,住家用,鋼筋混凝土造,1100129,171.78,3,2,3,有,無,9380000,54605,,0.0,0,預售屋、或土地及建物分件登記案件；,RPWOMLQKMHGGFDJ09DA,156.48,0.0,15.3,無,
新豐鄉,房地(土地+建物),新竹縣新豐鄉員山１３１之４６號,85.05,,山坡地保育區,丙種建築用地,1080728,土地3建物1車位0,全,三層,透天厝,住家用,鋼筋混凝土造,1100129,159.04,3,2,3,有,無,8350000,52503,,0.0,0,預售屋、或土地及建物分件登記案件；,RPTOMLQKMHGGFDJ78DA,143.74,0.0,15.3,無,
新豐鄉,房地(土地+建物),新竹縣新豐鄉員山１３１之１１１號,82.88,,山坡地保育區,丙種建築用地,1080721,土地3建物1車位0,全,三層,透天厝,住家用,鋼筋混凝土造,1100129,159.04,3,2,3,有,無,7800000,49044,,0.0,0,預售屋、或土地及建物分件登記案件；,RPRUMLQKMHGGFDJ56DA,143.74,0.0,15.3,無,
新豐鄉,房地(土地+建物),新竹縣新豐鄉員山１３１之１１６號,82.65,,山坡地保育區,丙種建築用地,1080721,土地3建物1車位0,全,三層,透天厝,住家用,鋼筋混凝土造,1100129,159.04,3,2,3,有,無,7800000,49044,,0.0,0,預售屋、或土地及建物分件登記案件；,RPVUMLQKMHGGFDJ96DA,143.74,0.0,15.3,無,
新豐鄉,房地(土地+建物),新竹縣新豐鄉員山１３１之１１７號,82.6,,山坡地保育區,丙種建築用地,1080721,土地3建物1車位0,全,三層,透天厝,住家用,鋼筋混凝土造,1100129,159.04,3,2,3,有,無,7800000,49044,,0.0,0,預售屋、或土地及建物分件登記案件；,RPRVMLQKMHGGFDJ66DA,143.74,0.0,15.3,無,
新豐鄉,房地(土地+建物),新竹縣新豐鄉員山１３１之９８號,82.46,,山坡地保育區,丙種建築用地,1080727,土地3建物1車位0,全,三層,透天厝,住家用,鋼筋混凝土造,1100129,159.04,3,2,3,有,無,8450000,53131,,0.0,0,預售屋、或土地及建物分件登記案件；,RPOTMLQKMHGGFDJ78DA,143.74,0.0,15.3,無,
新豐鄉,房地(土地+建物),新竹縣新豐鄉員山１３１之１０１號,82.47,,山坡地保育區,丙種建築用地,1080721,土地3建物1車位0,全,三層,透天厝,住家用,鋼筋混凝土造,1100129,159.04,3,2,3,有,無,7800000,49044,,0.0,0,預售屋、或土地及建物分件登記案件；,RPVSMLQKMHGGFDJ76DA,143.74,0.0,15.3,無,
竹北市,房地(土地+建物)+車位,新竹縣竹北市勝利十街８５號二樓之三,24.74,住,,,1080721,土地1建物1車位1,二層,十二層,住宅大樓(11層含以上有電梯),住家用,鋼筋混凝土造,1100601,150.07999999999998,3,2,2,有,有,9250000,67327,坡道平面,32.0,1300000,預售屋,RPTRMLOJQHGGFBJ98DA,76.04,0.0,5.7,有,
竹北市,房地(土地+建物)+車位,新竹縣竹北市勝利十街８５號四樓之三,24.74,住,,,1080720,土地1建物1車位1,四層,十二層,住宅大樓(11層含以上有電梯),住家用,鋼筋混凝土造,1100601,150.07999999999998,3,2,2,有,有,9150000,67327,坡道平面,32.0,1200000,預售屋,RPVRMLOJQHGGFBJ56DA,76.04,0.0,5.7,有,
竹北市,房地(土地+建物)+車位,新竹縣竹北市社崙二街１８號十一樓,37.42,住,,,1080712,土地1建物1車位2,十一層,十四層,住宅大樓(11層含以上有電梯),住家用,鋼筋混凝土造,1100610,270.12,4,2,2,有,無,15820000,69096,坡道平面,80.24,2700000,預售屋、或土地及建物分件登記案件；,RPXQMLNJQHGGFBJ56DA,114.37,0.0,12.7,有,
竹北市,房地(土地+建物)+車位,新竹縣竹北市社崙二街１８號十二樓,37.42,住,,,1080723,土地1建物1車位2,十二層,十四層,住宅大樓(11層含以上有電梯),住家用,鋼筋混凝土造,1100610,270.12,4,2,2,有,無,15160000,67727,坡道平面,80.24,2300000,預售屋、或土地及建物分件登記案件；,RPOOMLKMPHGGFBJ97DA,114.37,0.0,12.7,有,
新豐鄉,房地(土地+建物)+車位,新竹縣新豐鄉員山１３１之１３０號五樓,25.45,,山坡地保育區,丙種建築用地,1080727,土地3建物1車位1,五層,七層,華廈(10層含以下有電梯),住家用,鋼筋混凝土造,1100401,95.32,2,2,1,有,無,4080000,44567,坡道平面,26.21,1000000,預售屋、或土地及建物分件登記案件；,RPOOMLLJPHGGFDJ97DA,42.82,0.0,3.65,有,
新豐鄉,房地(土地+建物)+車位,新竹縣新豐鄉建興路二段６８８號九樓,29.99,住,,,1080726,土地1建物1車位1,九層,十二層,住宅大樓(11層含以上有電梯),住家用,鋼筋混凝土造,1100623,134.69,3,2,2,有,有,6620000,52451,一樓平面,26.59,950000,,RPWNMLTJQHGGFDJ96DA,73.67,0.0,7.38,有,
新豐鄉,房地(土地+建物)+車位,新竹縣新豐鄉建興路二段６９０號七樓,29.99,住,,,1080731,土地1建物1車位1,七層,十二層,住宅大樓(11層含以上有電梯),住家用,鋼筋混凝土造,1100623,134.69,3,2,2,有,有,6460000,50971,一樓平面,26.59,950000,,RPSOMLQJQHGGFDJ98DA,73.67,0.0,7.38,有,
新豐鄉,房地(土地+建物)+車位,新竹縣新豐鄉員山１３１之１２２號四樓,33.7,,山坡地保育區,丙種建築用地,1080723,土地3建物1車位1,四層,七層,華廈(10層含以下有電梯),住家用,鋼筋混凝土造,1100401,139.47,3,2,2,有,無,5880000,45786,坡道平面,28.52,800000,預售屋、或土地及建物分件登記案件；,RPRPMLPLOHGGFDJ88DA,67.95,0.0,6.66,有,
新豐鄉,房地(土地+建物)+車位,新竹縣新豐鄉建興路二段６９０號三樓,29.99,住,,,1080731,土地1建物1車位1,三層,十二層,住宅大樓(11層含以上有電梯),住家用,鋼筋混凝土造,1100623,134.69,2,2,2,有,有,6330000,49769,一樓平面,26.59,950000,,RPOOMLQJQHGGFDJ58DA,73.67,0.0,7.38,有,
竹東鎮,房地(土地+建物)+車位,新竹縣竹東鎮龍鳳路２６之１號十樓,16.61,商,,,1080731,土地1建物1車位1,十層,十五層,住宅大樓(11層含以上有電梯),住家用,鋼筋混凝土造,1100317,122.35,2,2,1,有,有,5900000,53715,坡道平面,30.57,970000,預售屋、或土地及建物分件登記案件；,RPTOMLLKQHGGFCJ58DA,57.82,0.0,4.25,有,
竹東鎮,房地(土地+建物)+車位,新竹縣竹東鎮東寧路一段３３２號,16.85,商,,,1080704,土地1建物1車位1,一層,十五層,住宅大樓(11層含以上有電梯),商業用,鋼筋混凝土造,1100317,118.94999999999999,0,0,0,無,有,8100000,79203,坡道平面,30.57,1100000,預售屋、或土地及建物分件登記案件；,RPUOMLSJQHGGFCJ66DA,58.65,0.0,0.0,有,
竹北市,房地(土地+建物)+車位,新竹縣竹北市社崙二街２０號三樓,37.42,住,,,1080725,土地1建物1車位2,三層,十四層,住宅大樓(11層含以上有電梯),住家用,鋼筋混凝土造,1100610,270.08000000000004,4,2,2,有,無,14420000,62790,坡道平面,80.24,2500000,預售屋、或土地及建物分件登記案件；,RPSOMLKMPHGGFBJ38DA,114.37,0.0,12.66,有,
竹東鎮,房地(土地+建物)+車位,龍鳳路３０之１號四樓,23.67,商,,,1080627,土地1建物1車位1,四層,十五層,住宅大樓(11層含以上有電梯),住家用,鋼筋混凝土造,1100317,165.45999999999998,2,2,2,有,有,8250000,54341,坡道平面,30.57,920000,預售屋、或土地及建物分件登記案件；,RPUNNLQLNHGGFCJ98DA,82.49,0.0,10.64,有,
竹東鎮,房地(土地+建物)+車位,龍鳳路３０之９號三樓,20.99,商,,,1080610,土地1建物1車位1,三層,十五層,住宅大樓(11層含以上有電梯),住家用,鋼筋混凝土造,1100317,148.76999999999998,2,2,2,有,有,7500000,54907,坡道平面,30.57,1010000,預售屋、或土地及建物分件登記案件；,RPRONLQLNHGGFCJ78DA,73.12,0.0,8.08,有,
竹北市,房地(土地+建物)+車位,北新一街１７號二十二樓之二,15.93,商,,,1080617,土地1建物1車位1,二十二層,二十四層,住宅大樓(11層含以上有電梯),住家用,鋼筋混凝土造,1091225,171.32,3,2,2,有,有,10600000,64830,坡道平面,29.41,1400000,預售屋、或土地及建物分件登記案件；,RPSOMLOKNHGGFBJ38DA,84.36,0.0,11.9,有,
竹北市,房地(土地+建物)+車位,新竹縣竹北市環北路一段３５０巷７１號三樓之三,28.42,,特定農業區,甲種建築用地,1080609,土地1建物1車位1,三層,七層,華廈(10層含以下有電梯),住家用,鋼筋混凝土造,1100325,96.45,2,2,1,有,有,4620000,50476,升降機械,15.62,540000,,RPVOMLLLOHGGFBJ58DA,55.96,0.0,4.24,有,
芎林鄉,房地(土地+建物),新竹縣芎林鄉文富街１８號,90.26,住,,,1080630,土地2建物1車位0,全,三層,透天厝,住家用,鋼筋混凝土造,1091207,175.55,4,3,5,有,無,15580000,88750,,0.0,0,陽台外推；,RPROMLLJPHGGFCJ18DA,162.22,0.0,13.33,有,
竹東鎮,房地(土地+建物)+車位,新竹縣竹東鎮龍鳳路２０號七樓,16.91,商,,,1080601,土地1建物1車位1,七層,十五層,住宅大樓(11層含以上有電梯),住家用,鋼筋混凝土造,1100317,123.88,2,2,1,有,有,5990000,53370,坡道平面,30.57,1010000,109.11.28轉讓金額599萬預售屋、或土地及建物分件登記案件；,RPPOMLLMNHGGFCJ08DA,58.94,0.0,4.08,有,
竹東鎮,房地(土地+建物)+車位,新竹縣竹東鎮龍鳳路２８號十三樓,24.76,商,,,1080616,土地1建物1車位1,十三層,十五層,住宅大樓(11層含以上有電梯),住家用,鋼筋混凝土造,1100317,169.78,2,2,2,有,有,8900000,56677,坡道平面,30.57,1010000,預售屋、或土地及建物分件登記案件；,RPPRMLLMNHGGFCJ38DA,86.31,0.0,8.56,有,
竹北市,房地(土地+建物),新竹縣竹北市復興二路２５５號十八樓之二,8.45,商,,,1080623,土地1建物1車位0,十八層,二十四層,住宅大樓(11層含以上有電梯),住家用,鋼筋混凝土造,1091226,73.72,1,1,1,有,有,8000000,108519,,0.0,0,預售屋、或土地及建物分件登記案件；,RPUTMLLKOHGGFBJ88DA,39.34,5.17,3.22,有,
湖口鄉,房地(土地+建物)+車位,新竹縣湖口鄉明德街８５號七樓之１,28.2,住,,,1080616,土地1建物1車位1,七層,十四層,住宅大樓(11層含以上有電梯),住家用,鋼筋混凝土造,1091014,156.84,3,2,2,有,有,6930000,49583,坡道平面,33.21,800000,,RPOVMLSJPHGGFDJ76DA,79.28,2.76,7.97,有,
竹北市,房地(土地+建物)+車位,新竹縣竹北市嘉德街１２０號十四樓,50.41,住,,,1080623,土地1建物1車位3,十四層,二十層,住宅大樓(11層含以上有電梯),住家用,鋼筋混凝土造,1100520,343.08,4,2,3,有,有,30500000,98448,坡道平面,76.95,4300000,土地買賣價款1310萬建物買賣價款1310萬車位買賣價款430萬預售屋、或土地及建物分件登記案件；,RPQRMLMKPHGGFBJ48DA,164.45,0.0,16.94,有,
竹北市,房地(土地+建物)+車位,新竹縣竹北市嘉德街１２０號十八樓,50.41,住,,,1080604,土地1建物1車位2,十八層,二十層,住宅大樓(11層含以上有電梯),住家用,鋼筋混凝土造,1100520,317.44,4,2,3,有,有,30500000,103329,坡道平面,51.3,3000000,土地買賣價款1375萬建物買賣價款1375萬車位買賣價款300萬預售屋、或土地及建物分件登記案件；,RPURMLMKPHGGFBJ88DA,164.45,0.0,16.94,有,
竹北市,房地(土地+建物)+車位,新竹縣竹北市社崙二街１８號四樓,37.42,住,,,1080621,土地1建物1車位2,四層,十四層,住宅大樓(11層含以上有電梯),住家用,鋼筋混凝土造,1100610,270.12,4,2,2,有,無,13800000,60565,坡道平面,80.24,2300000,預售屋、或土地及建物分件登記案件；,RPUNMLTLPHGGFBJ66DA,114.37,0.0,12.7,有,
竹東鎮,房地(土地+建物)+車位,新竹縣竹東鎮龍鳳路１８號十一樓,16.61,商,,,1080602,土地1建物1車位1,十一層,十五層,住宅大樓(11層含以上有電梯),住家用,鋼筋混凝土造,1100317,122.35,2,2,1,有,有,6000000,54696,坡道平面,30.57,980000,預售屋、或土地及建物分件登記案件；,RPSOMLKMOHGGFCJ38DA,57.82,0.0,4.25,有,
竹東鎮,房地(土地+建物)+車位,新竹縣竹東鎮龍鳳路３０之１號十三樓,23.67,商,,,1080628,土地1建物1車位1,十三層,十五層,住宅大樓(11層含以上有電梯),住家用,鋼筋混凝土造,1100317,165.45999999999998,2,2,2,有,有,8750000,57380,坡道平面,30.57,1010000,預售屋、或土地及建物分件登記案件；,RPSQMLLJPHGGFCJ48DA,82.49,0.0,10.64,有,
竹東鎮,房地(土地+建物)+車位,新竹縣竹東鎮東寧路一段３２６號,17.4,商,,,1080601,土地1建物1車位1,一層,十五層,住宅大樓(11層含以上有電梯),商業用,鋼筋混凝土造,1100317,122.01,0,0,0,無,有,8500000,81365,坡道平面,30.57,1060000,預售屋、或土地及建物分件登記案件；,RPVNMLOJPHGGFCJ78DA,60.7,0.0,0.0,有,
竹東鎮,房地(土地+建物)+車位,新竹縣竹東鎮龍鳳路１６號四樓,24.76,商,,,1080614,土地1建物1車位1,四層,十五層,住宅大樓(11層含以上有電梯),住家用,鋼筋混凝土造,1100317,169.75,2,2,2,有,有,8520000,54318,坡道平面,30.57,960000,109.1.28加購停車位新台幣96萬已含入交易總價預售屋、或土地及建物分件登記案件；,RPQNMLLKPHGGFCJ08DA,86.31,0.0,8.56,有,
竹北市,房地(土地+建物)+車位,新竹縣竹北市勝利十街８５號五樓之三,24.74,住,,,1080615,土地1建物1車位1,五層,十二層,住宅大樓(11層含以上有電梯),住家用,鋼筋混凝土造,1100601,150.07999999999998,3,2,2,有,有,9550000,69868,坡道平面,32.0,1300000,預售屋,RPWRMLOJQHGGFBJ66DA,76.04,0.0,5.7,有,
竹北市,房地(土地+建物)+車位,新竹縣竹北市勝利十街８５號六樓之三,24.74,住,,,1080605,土地1建物1車位1,六層,十二層,住宅大樓(11層含以上有電梯),住家用,鋼筋混凝土造,1100601,150.07999999999998,3,2,2,有,有,9660000,70799,坡道平面,32.0,1300000,預售屋,RPXRMLOJQHGGFBJ76DA,76.04,0.0,5.7,有,
竹北市,房地(土地+建物)+車位,新竹縣竹北市勝利十街８５號九樓之三,24.74,住,,,1080620,土地1建物1車位1,九層,十二層,住宅大樓(11層含以上有電梯),住家用,鋼筋混凝土造,1100601,150.07999999999998,3,2,2,有,有,9980000,73509,坡道平面,32.0,1300000,預售屋,RPQSMLOJQHGGFBJ78DA,76.04,0.0,5.7,有,
竹北市,房地(土地+建物)+車位,新竹縣竹北市社崙二街１８號五樓,37.79,住,,,1080613,土地1建物1車位2,五層,十四層,住宅大樓(11層含以上有電梯),住家用,鋼筋混凝土造,1100610,273.76,4,2,2,有,無,14630000,63882,坡道平面,83.88,2500000,預售屋、或土地及建物分件登記案件；,RPRNMLKMPHGGFBJ18DA,114.37,0.0,12.7,有,
竹北市,房地(土地+建物)+車位,新竹縣竹北市勝利十街８５號三樓之三,24.74,住,,,1080620,土地1建物1車位1,三層,十二層,住宅大樓(11層含以上有電梯),住家用,鋼筋混凝土造,1100601,150.07999999999998,3,2,2,有,有,9450000,69021,坡道平面,32.0,1300000,預售屋,RPURMLOJQHGGFBJ09DA,76.04,0.0,5.7,有,
竹北市,房地(土地+建物)+車位,新竹縣竹北市社崙二街２６號九樓,31.62,住,,,1080622,土地1建物1車位1,九層,十五層,住宅大樓(11層含以上有電梯),住家用,鋼筋混凝土造,1100610,219.72,4,2,2,有,無,12800000,66208,坡道平面,43.76,1150000,預售屋、或土地及建物分件登記案件；,RPRVMLKMPHGGFBJ98DA,103.84,0.0,11.22,有,
竹東鎮,房地(土地+建物)+車位,龍鳳路２２之１號十二樓,17.04,商,,,1080502,土地1建物1車位1,十二層,十五層,住宅大樓(11層含以上有電梯),住家用,鋼筋混凝土造,1100317,124.38,2,2,1,有,有,6150000,54792,坡道平面,30.57,1010000,預售屋、或土地及建物分件登記案件；,RPPWMLQLNHGGFCJ66DA,59.45,0.0,3.84,有,
湖口鄉,房地(土地+建物),吳厝路３８號四樓,51.84,,特定農業區,甲種建築用地,1080523,土地4建物1車位0,四層,五層,華廈(10層含以下有電梯),住家用,鋼筋混凝土造,1100104,75.04,2,2,1,有,無,3300000,43977,,0.0,0,農地上做分管停車用並含在總價款裡預售屋、或土地及建物分件登記案件；,RPWOMLOJOHGGFDJ98DA,54.83,0.0,5.59,有,
竹北市,房地(土地+建物)+車位,北新一街２３號九樓之三,9.56,商,,,1080510,土地1建物1車位1,九層,二十四層,住宅大樓(11層含以上有電梯),住家用,鋼筋混凝土造,1091225,123.97999999999999,2,1,1,有,有,7100000,62225,坡道平面,30.77,1300000,預售屋、或土地及建物分件登記案件；,RPVOMLRJOHGGFBJ98DA,57.48,0.0,5.64,有,
新埔鎮,房地(土地+建物),田新十二街３６巷２號,60.87,住,,,1080506,土地3建物1車位0,全,四層,透天厝,住家用,鋼筋混凝土造,1091210,169.87,4,2,4,有,有,9000000,52982,,0.0,0,預售屋、或土地及建物分件登記案件；,RPWOMLSKOHGGFBJ66DA,145.57,0.0,24.3,無,
竹東鎮,房地(土地+建物)+車位,新竹縣竹東鎮龍鳳路１６之１號二樓,24.76,商,,,1080509,土地1建物1車位1,二層,十五層,住宅大樓(11層含以上有電梯),住家用,鋼筋混凝土造,1100317,169.8,2,2,2,有,有,8990000,57172,坡道平面,30.57,1030000,預售屋、或土地及建物分件登記案件；,RPRPMLLMNHGGFCJ38DA,86.33,0.0,8.56,有,
竹東鎮,房地(土地+建物)+車位,新竹縣竹東鎮龍鳳路１６之１號十三樓,24.76,商,,,1080515,土地1建物1車位1,十三層,十五層,住宅大樓(11層含以上有電梯),住家用,鋼筋混凝土造,1100317,169.8,2,2,2,有,有,9130000,57603,坡道平面,30.57,1110000,預售屋、或土地及建物分件登記案件；,RPVPMLLMNHGGFCJ78DA,86.33,0.0,8.56,有,
竹東鎮,房地(土地+建物)+車位,新竹縣竹東鎮龍鳳路２０之１號五樓,17.04,商,,,1080501,土地1建物1車位1,五層,十五層,住宅大樓(11層含以上有電梯),住家用,鋼筋混凝土造,1100317,124.38,2,2,1,有,有,6030000,53512,坡道平面,30.57,1010000,110.03.23轉讓金額653萬預售屋、或土地及建物分件登記案件；,RPURMLLMNHGGFCJ88DA,59.45,0.0,3.84,有,
竹東鎮,房地(土地+建物)+車位,新竹縣竹東鎮東寧路一段３２２號,14.6,商,,,1080518,土地1建物1車位1,一層,十五層,住宅大樓(11層含以上有電梯),商業用,鋼筋混凝土造,1100317,107.16,0,0,0,無,有,6990000,77425,坡道平面,30.57,1060000,預售屋、或土地及建物分件登記案件；,RPRPMLQJOHGGFCJ68DA,50.83,0.0,0.0,有,
竹東鎮,房地(土地+建物)+車位,新竹縣竹東鎮東寧路一段３２０號,13.93,商,,,1080518,土地1建物1車位1,一層,十五層,住宅大樓(11層含以上有電梯),商業用,鋼筋混凝土造,1100317,103.66,0,0,0,無,有,6490000,74292,坡道平面,30.57,1060000,預售屋、或土地及建物分件登記案件；,RPSPMLQJOHGGFCJ78DA,48.51,0.0,0.0,有,
竹北市,房地(土地+建物)+車位,新竹縣竹北市復興二路２５５號九樓之一,20.57,商,,,1080505,土地1建物1車位1,九層,二十四層,住宅大樓(11層含以上有電梯),住家用,鋼筋混凝土造,1091226,203.93,3,2,2,有,有,19500000,104563,坡道平面,30.35,1350000,預售屋、或土地及建物分件登記案件；,RPQSMLLKOHGGFBJ38DA,96.29,7.11,8.94,有,
新埔鎮,房地(土地+建物),新竹縣新埔鎮田新十二街２６號,81.85,住,,,1080525,土地2建物1車位0,全,三層,透天厝,住家用,鋼筋混凝土造,1091209,168.72,4,2,3,有,有,10100000,59862,,0.0,0,預售屋、或土地及建物分件登記案件；,RPQQMLSJPHGGFBJ88DA,147.52,0.0,21.2,無,
竹北市,房地(土地+建物)+車位,新竹縣竹北市嘉德街１２８號四樓,47.25,住,,,1080511,土地1建物1車位2,四層,二十層,住宅大樓(11層含以上有電梯),住家用,鋼筋混凝土造,1100520,300.68,4,2,2,有,有,24890000,88580,坡道平面,51.3,2800000,土地買賣價款1104萬建物買賣價款1105萬車位買賣價款280萬預售屋、或土地及建物分件登記案件；,RPSOMLKKPHGGFBJ18DA,153.06,0.0,16.94,有,
竹北市,房地(土地+建物)+車位,新竹縣竹北市嘉德街１２８號九樓,47.25,住,,,1080516,土地1建物1車位3,九層,二十層,住宅大樓(11層含以上有電梯),住家用,鋼筋混凝土造,1100520,326.33000000000004,4,2,2,有,有,27100000,93031,坡道平面,76.95,3900000,土地買賣價款1160萬建物買賣價款1160萬車位買賣價款390萬預售屋、或土地及建物分件登記案件；,RPUNMLLKPHGGFBJ38DA,153.06,0.0,16.94,有,
竹北市,房地(土地+建物)+車位,新竹縣竹北市嘉德街１２６號十七樓,38.66,住,,,1080519,土地1建物1車位2,十七層,二十層,住宅大樓(11層含以上有電梯),住家用,鋼筋混凝土造,1100520,255.38,3,2,2,有,有,23470000,102264,坡道平面,51.3,2600000,土地買賣價款1043萬建物買賣價款1044萬車位買賣價款260萬預售屋、或土地及建物分件登記案件；,RPQOMLMKPHGGFBJ18DA,125.11,0.0,13.98,有,
竹北市,房地(土地+建物)+車位,新竹縣竹北市嘉德街１２６號十九樓,38.66,住,,,1080510,土地1建物1車位3,十九層,二十層,住宅大樓(11層含以上有電梯),住家用,鋼筋混凝土造,1100520,281.03,3,2,2,有,有,25470000,105204,坡道平面,76.95,4000000,土地買賣價款1073萬建物買賣價款1074萬車位買賣價款400萬預售屋、或土地及建物分件登記案件；,RPXOMLMKPHGGFBJ88DA,125.11,0.0,13.98,有,
竹北市,房地(土地+建物)+車位,新竹縣竹北市嘉德街１２０號八樓,50.41,住,,,1080524,土地1建物1車位2,八層,二十層,住宅大樓(11層含以上有電梯),住家用,鋼筋混凝土造,1100520,317.44,4,2,3,有,有,27700000,92808,坡道平面,51.3,3000000,土地買賣價款1235萬建物買賣價款1235萬車位買賣價款300萬預售屋、或土地及建物分件登記案件；,RPVQMLMKPHGGFBJ88DA,164.45,0.0,16.94,有,
竹北市,房地(土地+建物)+車位,新竹縣竹北市嘉德街１２０號十樓,50.41,住,,,1080526,土地1建物1車位2,十層,二十層,住宅大樓(11層含以上有電梯),住家用,鋼筋混凝土造,1100520,317.44,4,2,3,有,有,28250000,94875,坡道平面,51.3,3000000,土地買賣價款1262萬建物買賣價款1263萬車位買賣價款300萬預售屋、或土地及建物分件登記案件；,RPXQMLMKPHGGFBJ09DA,164.45,0.0,16.94,有,
竹北市,房地(土地+建物)+車位,新竹縣竹北市嘉德街１２０號十五樓,50.41,住,,,1080526,土地1建物1車位2,十五層,二十層,住宅大樓(11層含以上有電梯),住家用,鋼筋混凝土造,1100520,317.44,4,2,3,有,有,29420000,99271,坡道平面,51.3,3000000,土地買賣價款1321萬建物買賣價款1321萬車位買賣價款300萬預售屋、或土地及建物分件登記案件；,RPRRMLMKPHGGFBJ58DA,164.45,0.0,16.94,有,
竹東鎮,房地(土地+建物)+車位,新竹縣竹東鎮龍鳳路２０之１號十二樓,17.04,商,,,1080507,土地1建物1車位1,十二層,十五層,住宅大樓(11層含以上有電梯),住家用,鋼筋混凝土造,1100317,124.38,2,2,1,有,有,6100000,54792,坡道平面,30.57,960000,預售屋、或土地及建物分件登記案件；,RPOOMLTKOHGGFCJ68DA,59.45,0.0,3.84,有,
竹東鎮,房地(土地+建物)+車位,新竹縣竹東鎮龍鳳路１８號七樓,16.61,商,,,1080527,土地1建物1車位1,七層,十五層,住宅大樓(11層含以上有電梯),住家用,鋼筋混凝土造,1100317,122.35,2,2,1,有,有,5940000,54260,坡道平面,30.57,960000,預售屋、或土地及建物分件登記案件；,RPOOMLRLOHGGFCJ58DA,57.82,0.0,4.25,有,
竹東鎮,房地(土地+建物)+車位,新竹縣竹東鎮龍鳳路３０之８號十三樓,20.99,商,,,1080505,土地1建物1車位1,十三層,十五層,住宅大樓(11層含以上有電梯),住家用,鋼筋混凝土造,1100317,148.76999999999998,2,2,2,有,有,7720000,56768,坡道平面,30.57,1010000,預售屋、或土地及建物分件登記案件；,RPUPMLRLOHGGFCJ66DA,73.12,0.0,8.08,有,
竹北市,房地(土地+建物)+車位,新竹縣竹北市社崙二街２６號四樓,34.61,住,,,1080531,土地1建物1車位2,四層,十五層,住宅大樓(11層含以上有電梯),住家用,鋼筋混凝土造,1100610,256.21000000000004,4,2,2,有,無,13000000,59669,坡道平面,80.24,2500000,預售屋、或土地及建物分件登記案件；,RPVUMLKMPHGGFBJ66DA,103.84,0.0,11.22,有,
竹東鎮,房地(土地+建物)+車位,新竹縣竹東鎮龍鳳路３０之６號一樓,26.95,商,,,1080524,土地1建物1車位1,一層,十五層,住宅大樓(11層含以上有電梯),辦公用,鋼筋混凝土造,1100317,192.65,2,2,2,有,有,10310000,57071,坡道平面,30.57,1060000,預售屋、或土地及建物分件登記案件；,RPXPMLLJPHGGFCJ88DA,93.93,0.0,20.61,有,
竹東鎮,房地(土地+建物)+車位,新竹縣竹東鎮龍鳳路２８號十一樓,24.76,商,,,1080519,土地1建物1車位1,十一層,十五層,住宅大樓(11層含以上有電梯),住家用,鋼筋混凝土造,1100317,169.78,2,2,2,有,有,8840000,56246,坡道平面,30.57,1010000,預售屋、或土地及建物分件登記案件；,RPPPMLKMOHGGFCJ18DA,86.31,0.0,8.56,有,
竹東鎮,房地(土地+建物)+車位,新竹縣竹東鎮龍鳳路３０之６號三樓,27.8,商,,,1080517,土地1建物1車位2,三層,十五層,住宅大樓(11層含以上有電梯),住家用,鋼筋混凝土造,1100317,217.1,2,2,2,有,有,10870000,56104,坡道平面,61.14,2120000,預售屋、或土地及建物分件登記案件；,RPVNMLNJPHGGFCJ68DA,96.85,0.0,10.09,有,
竹東鎮,房地(土地+建物)+車位,新竹縣竹東鎮龍鳳路３０之１號十四樓,23.67,商,,,1080511,土地1建物1車位1,十四層,十五層,住宅大樓(11層含以上有電梯),住家用,鋼筋混凝土造,1100317,165.45999999999998,2,2,2,有,有,8790000,57306,坡道平面,30.57,1060000,預售屋、或土地及建物分件登記案件；,RPSOMLPJPHGGFCJ68DA,82.49,0.0,10.64,有,
竹東鎮,房地(土地+建物)+車位,新竹縣竹東鎮龍鳳路３０之９號十三樓,20.99,商,,,1080517,土地1建物1車位1,十三層,十五層,住宅大樓(11層含以上有電梯),住家用,鋼筋混凝土造,1100317,148.76999999999998,2,2,2,有,有,7720000,56768,坡道平面,30.57,1010000,預售屋、或土地及建物分件登記案件；,RPTNMLOJPHGGFCJ58DA,73.12,0.0,8.08,有,
竹東鎮,房地(土地+建物)+車位,新竹縣竹東鎮東寧路一段３３０號,17.28,商,,,1080531,土地1建物1車位1,一層,十五層,住宅大樓(11層含以上有電梯),商業用,鋼筋混凝土造,1100317,121.26,0,0,0,無,有,8580000,82369,坡道平面,30.57,1110000,預售屋、或土地及建物分件登記案件；,RPUNMLOJPHGGFCJ68DA,60.2,0.0,0.0,有,
竹東鎮,房地(土地+建物)+車位,新竹縣竹東鎮龍鳳路１６號一樓,15.82,商,,,1080517,土地1建物1車位1,一層,十五層,住宅大樓(11層含以上有電梯),商業用,鋼筋混凝土造,1100317,113.87,0,0,0,無,有,5760000,57023,坡道平面,30.57,1010000,108.3.30加購停車位新台幣101萬已含入交易總價10912.5讓與價格新台幣475萬10912.5讓與價格新台幣101萬預售屋、或土地及建物分件登記案件；,RPROMLLKPHGGFCJ28DA,55.04,0.0,0.0,有,
竹東鎮,房地(土地+建物)+車位,新竹縣竹東鎮龍鳳路２０號一樓,24.82,商,,,1080518,土地1建物1車位1,一層,十五層,住宅大樓(11層含以上有電梯),商業用,鋼筋混凝土造,1100317,161.57999999999998,0,0,0,無,有,9360000,63354,坡道平面,30.57,1060000,109.11.24讓與價格新台幣10111168元整預售屋、或土地及建物分件登記案件；,RPSOMLLKPHGGFCJ38DA,86.59,0.0,0.0,有,
竹北市,房地(土地+建物)+車位,新竹縣竹北市勝利十街８５號七樓之三,24.74,住,,,1080527,土地1建物1車位1,七層,十二層,住宅大樓(11層含以上有電梯),住家用,鋼筋混凝土造,1100601,150.07999999999998,3,2,2,有,有,9680000,71816,坡道平面,32.0,1200000,預售屋,RPOSMLOJQHGGFBJ58DA,76.04,0.0,5.7,有,
竹北市,房地(土地+建物)+車位,新竹縣竹北市勝利十街８５號十樓之三,24.74,住,,,1080519,土地1建物1車位1,十層,十二層,住宅大樓(11層含以上有電梯),住家用,鋼筋混凝土造,1100601,150.07999999999998,3,2,2,有,有,10100000,74526,坡道平面,32.0,1300000,預售屋,RPRSMLOJQHGGFBJ88DA,76.04,0.0,5.7,有,
竹北市,房地(土地+建物)+車位,新竹縣竹北市勝利十街８５號十一樓之三,24.74,住,,,1080505,土地1建物1車位1,十一層,十二層,住宅大樓(11層含以上有電梯),住家用,鋼筋混凝土造,1100601,150.07999999999998,3,2,2,有,有,10200000,75373,坡道平面,32.0,1300000,預售屋,RPSSMLOJQHGGFBJ98DA,76.04,0.0,5.7,有,
竹東鎮,房地(土地+建物)+車位,東榮路５６之３號六樓,20.82,住,,,1080430,土地1建物1車位1,六層,十三層,住宅大樓(11層含以上有電梯),住家用,鋼筋混凝土造,1100128,130.54,2,2,1,有,有,6240000,58055,坡道平面,39.42,950000,預售屋、或土地及建物分件登記案件；,RPRRMLTJLHGGFCJ88DA,59.65,0.0,4.45,有,
竹東鎮,房地(土地+建物)+車位,龍鳳路１６號十三樓,24.76,商,,,1080426,土地1建物1車位1,十三層,十五層,住宅大樓(11層含以上有電梯),住家用,鋼筋混凝土造,1100317,169.75,2,2,2,有,有,8800000,55971,坡道平面,30.57,1010000,預售屋、或土地及建物分件登記案件；,RPQVMLQLNHGGFCJ66DA,86.31,0.0,8.56,有,
湖口鄉,房地(土地+建物),吳厝路３６號五樓,51.88,,特定農業區,甲種建築用地,1080406,土地4建物1車位0,五層,五層,華廈(10層含以下有電梯),住家用,鋼筋混凝土造,1100104,75.06,2,2,1,有,無,3000000,39968,,0.0,0,農地上做分管停車用並含在總價款裡預售屋、或土地及建物分件登記案件；,RPTOMLOJOHGGFDJ68DA,54.83,0.0,5.59,有,
湖口鄉,房地(土地+建物),吳厝路３６號五樓之１,51.88,,特定農業區,甲種建築用地,1080420,土地4建物1車位0,五層,五層,華廈(10層含以下有電梯),住家用,鋼筋混凝土造,1100104,75.06,2,2,1,有,無,3300000,43965,,0.0,0,農地上做分管停車用並含在總價款裡預售屋、或土地及建物分件登記案件；,RPOPMLOJOHGGFDJ28DA,54.83,0.0,5.59,有,
新埔鎮,房地(土地+建物),田新十二街３２號,82.79,住,,,1080421,土地3建物1車位0,全,三層,透天厝,住家用,鋼筋混凝土造,1091210,167.93,3,2,3,有,有,10100000,60144,,0.0,0,預售屋、或土地及建物分件登記案件；,RPPOMLSKOHGGFBJ58DA,146.12,0.0,21.81,無,
新埔鎮,房地(土地+建物),田新十二街２８號,81.85,住,,,1080421,土地2建物1車位0,全,三層,透天厝,住家用,鋼筋混凝土造,1091209,168.72,3,2,4,有,有,10000000,59270,,0.0,0,預售屋、或土地及建物分件登記案件；,RPRPMLSKOHGGFBJ88DA,147.52,0.0,21.2,無,
新埔鎮,房地(土地+建物),田新十二街３０號,81.85,住,,,1080421,土地2建物1車位0,全,三層,透天厝,住家用,鋼筋混凝土造,1091209,168.72,3,2,3,有,有,9900000,58677,,0.0,0,預售屋、或土地及建物分件登記案件；,RPSPMLSKOHGGFBJ98DA,147.52,0.0,21.2,無,
新埔鎮,房地(土地+建物),田新十二街２２巷１號,59.92,住,,,1080406,土地2建物1車位0,全,四層,透天厝,住家用,鋼筋混凝土造,1091209,169.83,4,2,4,有,有,8800000,51817,,0.0,0,預售屋、或土地及建物分件登記案件；,RPTPMLSKOHGGFBJ09DA,145.53,0.0,24.3,無,
竹東鎮,房地(土地+建物)+車位,新竹縣竹東鎮龍鳳路２６號九樓,16.61,商,,,1080424,土地1建物1車位1,九層,十五層,住宅大樓(11層含以上有電梯),住家用,鋼筋混凝土造,1100317,122.35,2,2,1,有,有,5940000,54260,坡道平面,30.57,960000,預售屋、或土地及建物分件登記案件；,RPSOMLLMNHGGFCJ38DA,57.82,0.0,4.25,有,
竹東鎮,房地(土地+建物)+車位,新竹縣竹東鎮龍鳳路１６之１號五樓,24.76,商,,,1080415,土地1建物1車位1,五層,十五層,住宅大樓(11層含以上有電梯),住家用,鋼筋混凝土造,1100317,169.8,2,2,2,有,有,8600000,54514,坡道平面,30.57,1010000,預售屋、或土地及建物分件登記案件；,RPTPMLLMNHGGFCJ58DA,86.33,0.0,8.56,有,
竹東鎮,房地(土地+建物)+車位,新竹縣竹東鎮龍鳳路３０之７號十樓,23.73,商,,,1080425,土地1建物1車位1,十層,十五層,住宅大樓(11層含以上有電梯),住家用,鋼筋混凝土造,1100317,165.87,2,2,2,有,有,8680000,56393,坡道平面,30.57,1050000,預售屋、或土地及建物分件登記案件；,RPOQMLLMNHGGFCJ18DA,82.68,0.0,10.76,有,1228
竹東鎮,房地(土地+建物),新竹縣竹東鎮龍鳳路３０之７號十五樓,23.73,商,,,1080403,土地1建物1車位0,十五層,十五層,住宅大樓(11層含以上有電梯),住家用,鋼筋混凝土造,1100317,135.3,2,2,2,有,有,7770000,57428,,0.0,0,109.11.27轉讓金額777萬預售屋、或土地及建物分件登記案件；,RPXTMLLMNHGGFCJ76DA,82.68,0.0,10.76,有,
竹東鎮,房地(土地+建物)+車位,新竹縣竹東鎮龍鳳路３０之５號十三樓,20.99,商,,,1080420,土地1建物1車位1,十三層,十五層,住宅大樓(11層含以上有電梯),住家用,鋼筋混凝土造,1100317,148.85,2,2,2,有,有,7760000,57068,坡道平面,30.57,1010000,108.5.9 加購停車位新台幣 101萬已含入交易總價110.1.12讓與價格新台幣 693萬110.1.12讓與價格新台幣 101萬預售屋、或土地及建物分件登記案件；,RPPOMLQJOHGGFCJ38DA,73.12,0.0,8.16,有,
竹東鎮,房地(土地+建物)+車位,新竹縣竹東鎮龍鳳路３０之２號十二樓,23.55,商,,,1080421,土地1建物1車位1,十二層,十五層,住宅大樓(11層含以上有電梯),住家用,鋼筋混凝土造,1100317,163.56,2,2,2,有,有,8580000,56997,坡道平面,30.57,1000000,預售屋、或土地及建物分件登記案件；,RPQOMLQJOHGGFCJ48DA,82.17,0.0,9.26,有,
竹東鎮,房地(土地+建物)+車位,新竹縣竹東鎮龍鳳路１６之１號十二樓,24.76,商,,,1080415,土地1建物1車位1,十二層,十五層,住宅大樓(11層含以上有電梯),住家用,鋼筋混凝土造,1100317,169.8,2,2,2,有,有,8700000,55232,坡道平面,30.57,1010000,109.12.5 讓與價格新台幣  870 萬預售屋、或土地及建物分件登記案件；,RPUPMLQJOHGGFCJ98DA,86.33,0.0,8.56,有,
竹北市,房地(土地+建物)+車位,新竹縣竹北市北新一街１９號二十四樓之三,10.83,商,,,1080403,土地1建物1車位1,二十四層,二十四層,住宅大樓(11層含以上有電梯),住家用,鋼筋混凝土造,1091225,128.54000000000002,2,1,1,有,有,7620000,63250,坡道平面,29.41,1350000,其他 嫌:50000元；預售屋、或土地及建物分件登記案件；,RPQNMLTLMHGGFBJ58DA,61.98,0.0,5.36,有,
竹北市,房地(土地+建物),新竹縣竹北市復興二路２５７號二十樓之一,8.31,商,,,1080403,土地1建物1車位0,二十層,二十四層,住宅大樓(11層含以上有電梯),住家用,鋼筋混凝土造,1091226,73.37,1,1,1,有,有,7980000,108764,,0.0,0,預售屋、或土地及建物分件登記案件；,RPWOMLKLPHGGFBJ78EA,38.59,5.21,3.77,有,
新埔鎮,房地(土地+建物),新竹縣新埔鎮田新十二街４６號,81.32,住,,,1080414,土地3建物1車位0,全,三層,透天厝,住家用,鋼筋混凝土造,1091210,164.59,5,2,3,有,有,9950000,60453,,0.0,0,預售屋、或土地及建物分件登記案件；,RPXPMLSJPHGGFBJ86DA,143.31,0.0,21.28,無,
竹東鎮,房地(土地+建物)+車位,新竹縣竹東鎮龍鳳路３０之７號十三樓,23.73,商,,,1080421,土地1建物1車位1,十三層,十五層,住宅大樓(11層含以上有電梯),住家用,鋼筋混凝土造,1100317,165.87,2,2,2,有,有,8660000,57206,坡道平面,30.57,920000,預售屋、或土地及建物分件登記案件；,RPTOMLMKOHGGFCJ48DA,82.68,0.0,10.76,有,
竹北市,房地(土地+建物)+車位,新竹縣竹北市嘉德街１２２號四樓,43.22,住,,,1080406,土地1建物1車位2,四層,二十層,住宅大樓(11層含以上有電梯),住家用,鋼筋混凝土造,1100520,279.43,4,2,2,有,有,23220000,90387,坡道平面,51.3,2600000,土地買賣價款1031萬建物買賣價款1031萬車位買賣價款260萬預售屋、或土地及建物分件登記案件；,RPTOMLKKPHGGFBJ28DA,139.99,0.0,15.52,有,
竹北市,房地(土地+建物)+車位,新竹縣竹北市嘉德街１２６號四樓,38.66,住,,,1080414,土地1建物1車位2,四層,二十層,住宅大樓(11層含以上有電梯),住家用,鋼筋混凝土造,1100520,255.38,3,2,2,有,有,20850000,89426,坡道平面,51.3,2600000,土地買賣價款912萬建物買賣價款913萬車位買賣價款260萬預售屋、或土地及建物分件登記案件；,RPUOMLKKPHGGFBJ38DA,125.11,0.0,13.98,有,
竹北市,房地(土地+建物)+車位,新竹縣竹北市嘉德街１２２號九樓,43.22,住,,,1080421,土地1建物1車位2,九層,二十層,住宅大樓(11層含以上有電梯),住家用,鋼筋混凝土造,1100520,279.43,4,2,2,有,有,24060000,94069,坡道平面,51.3,2600000,土地買賣價款1073萬建物買賣價款1073萬車位買賣價款260萬預售屋、或土地及建物分件登記案件；,RPVNMLLKPHGGFBJ48DA,139.99,0.0,15.52,有,
竹北市,房地(土地+建物)+車位,新竹縣竹北市嘉德街１２６號十四樓,38.66,住,,,1080427,土地1建物1車位2,十四層,二十層,住宅大樓(11層含以上有電梯),住家用,鋼筋混凝土造,1100520,255.38,3,2,2,有,有,22780000,97903,坡道平面,51.3,2800000,土地買賣價款999萬建物買賣價款999萬車位買賣價款280萬預售屋、或土地及建物分件登記案件；,RPXPMLLKPHGGFBJ88DA,125.11,0.0,13.98,有,
竹北市,房地(土地+建物)+車位,新竹縣竹北市嘉德街１２６號十五樓,38.66,住,,,1080414,土地1建物1車位2,十五層,二十層,住宅大樓(11層含以上有電梯),住家用,鋼筋混凝土造,1100520,255.38,3,2,2,有,有,23060000,99275,坡道平面,51.3,2800000,土地買賣價款1013萬建物買賣價款1013萬車位買賣價款280萬預售屋、或土地及建物分件登記案件；,RPSNMLMKPHGGFBJ28DA,125.11,0.0,13.98,有,
竹北市,房地(土地+建物)+車位,新竹縣竹北市嘉德街１２２號十六樓,43.22,住,,,1080402,土地1建物1車位2,十六層,二十層,住宅大樓(11層含以上有電梯),住家用,鋼筋混凝土造,1100520,279.43,4,2,2,有,有,26000000,101696,坡道平面,51.3,2800000,土地買賣價款1160萬建物買賣價款1160萬車位買賣價款280萬預售屋、或土地及建物分件登記案件；,RPVNMLMKPHGGFBJ58DA,139.99,0.0,15.52,有,
竹北市,房地(土地+建物)+車位,新竹縣竹北市嘉德街１２２號十八樓,43.22,住,,,1080421,土地1建物1車位2,十八層,二十層,住宅大樓(11層含以上有電梯),住家用,鋼筋混凝土造,1100520,279.43,4,2,2,有,有,26630000,104458,坡道平面,51.3,2800000,土地買賣價款1191萬建物買賣價款1192萬車位買賣價款280萬預售屋、或土地及建物分件登記案件；,RPTOMLMKPHGGFBJ48DA,139.99,0.0,15.52,有,
竹北市,房地(土地+建物)+車位,新竹縣竹北市嘉德街１２６號二十樓,38.66,住,,,1080422,土地1建物1車位2,二十層,二十層,住宅大樓(11層含以上有電梯),住家用,鋼筋混凝土造,1100520,255.38,3,2,2,有,有,24580000,106723,坡道平面,51.3,2800000,土地買賣價款1089萬建物買賣價款1089萬車位買賣價款280萬預售屋、或土地及建物分件登記案件；,RPQPMLMKPHGGFBJ28DA,125.11,0.0,13.98,有,
竹北市,房地(土地+建物)+車位,新竹縣竹北市日興一街２０號五樓,18.37,住,,,1080411,土地1建物1車位1,五層,十四層,住宅大樓(11層含以上有電梯),住家用,鋼筋混凝土造,1100603,124.44,2,2,1,有,有,9070000,83948,坡道平面,33.67,1450000,實際成交未執行裝潢＄82萬元，自房地總價中扣除。含裝潢費820000元；預售屋、或土地及建物分件登記案件；,RPPTMLMLOHGGFBJ58DA,54.67,3.0,3.17,有,
竹北市,房地(土地+建物)+車位,新竹縣竹北市社崙二街１８號八樓,37.42,住,,,1080404,土地1建物1車位2,八層,十四層,住宅大樓(11層含以上有電梯),住家用,鋼筋混凝土造,1100610,270.12,4,2,2,有,無,14980000,65726,坡道平面,80.24,2500000,預售屋、或土地及建物分件登記案件；,RPUNMLKMPHGGFBJ48DA,114.37,0.0,12.7,有,
竹東鎮,房地(土地+建物)+車位,新竹縣竹東鎮龍鳳路１８之１號十二樓,16.61,商,,,1080409,土地1建物1車位1,十二層,十五層,住宅大樓(11層含以上有電梯),住家用,鋼筋混凝土造,1100317,122.35,2,2,1,有,有,5900000,54369,坡道平面,30.57,910000,預售屋、或土地及建物分件登記案件；,RPUPMLLJPHGGFCJ58DA,57.82,0.0,4.25,有,
竹東鎮,房地(土地+建物)+車位,新竹縣竹東鎮龍鳳路１８之１號十四樓,16.61,商,,,1080413,土地1建物1車位1,十四層,十五層,住宅大樓(11層含以上有電梯),住家用,鋼筋混凝土造,1100317,122.35,2,2,1,有,有,6100000,56003,坡道平面,30.57,960000,108.8.30讓與價格新台幣610萬預售屋、或土地及建物分件登記案件；,RPVPMLLJPHGGFCJ68DA,57.82,0.0,4.25,有,
竹東鎮,房地(土地+建物)+車位,新竹縣竹東鎮龍鳳路３０之１號七樓,23.67,商,,,1080407,土地1建物1車位1,七層,十五層,住宅大樓(11層含以上有電梯),住家用,鋼筋混凝土造,1100317,165.45999999999998,2,2,2,有,有,8620000,55675,坡道平面,30.57,1110000,預售屋、或土地及建物分件登記案件；,RPQQMLLJPHGGFCJ28DA,82.49,0.0,10.64,有,
竹東鎮,房地(土地+建物)+車位,新竹縣竹東鎮龍鳳路２６之１號三樓,16.61,商,,,1080427,土地1建物1車位1,三層,十五層,住宅大樓(11層含以上有電梯),住家用,鋼筋混凝土造,1100317,122.35,2,2,1,有,有,5810000,53715,坡道平面,30.57,880000,108.12.6加購停車位新台幣88萬已含入交易總價預售屋、或土地及建物分件登記案件；,RPSNMLLJPHGGFCJ18DA,57.82,0.0,4.25,有,
竹東鎮,房地(土地+建物)+車位,新竹縣竹東鎮龍鳳路３０之５號三樓,20.99,商,,,1080429,土地1建物1車位1,三層,十五層,住宅大樓(11層含以上有電梯),住家用,鋼筋混凝土造,1100317,148.85,2,2,2,有,有,7520000,55123,坡道平面,30.57,1000000,預售屋、或土地及建物分件登記案件；,RPTNMLNJPHGGFCJ48DA,73.12,0.0,8.16,有,
竹東鎮,房地(土地+建物)+車位,新竹縣竹東鎮龍鳳路３０之２號九樓,23.55,商,,,1080430,土地1建物1車位1,九層,十五層,住宅大樓(11層含以上有電梯),住家用,鋼筋混凝土造,1100317,163.56,2,2,2,有,有,8510000,56771,坡道平面,30.57,960000,109.11.28讓與價格新台幣851萬預售屋、或土地及建物分件登記案件；,RPTOMLPJPHGGFCJ78DA,82.17,0.0,9.26,有,
竹東鎮,房地(土地+建物)+車位,新竹縣竹東鎮龍鳳路３０之６號十樓,27.8,商,,,1080414,土地1建物1車位1,十層,十五層,住宅大樓(11層含以上有電梯),住家用,鋼筋混凝土造,1100317,186.53,2,2,2,有,有,10070000,57451,坡道平面,30.57,1110000,預售屋、或土地及建物分件登記案件；,RPRNMLQJPHGGFCJ58DA,96.85,0.0,10.09,有,
竹北市,房地(土地+建物)+車位,新竹縣竹北市勝利十街８５號四樓之六,24.25,住,,,1080412,土地1建物1車位1,四層,十二層,住宅大樓(11層含以上有電梯),住家用,鋼筋混凝土造,1100601,148.16,3,2,2,有,有,9120000,68182,坡道平面,32.0,1200000,預售屋,RPOVMLOJQHGGFBJ88DA,73.7,0.0,6.71,有,
竹北市,房地(土地+建物)+車位,新竹縣竹北市勝利十街８５號八樓之三,24.74,住,,,1080424,土地1建物1車位1,八層,十二層,住宅大樓(11層含以上有電梯),住家用,鋼筋混凝土造,1100601,150.07999999999998,3,2,2,有,有,9900000,72832,坡道平面,32.0,1300000,預售屋,RPPSMLOJQHGGFBJ68DA,76.04,0.0,5.7,有,
竹北市,房地(土地+建物)+車位,新竹縣竹北市社崙二街１８號七樓,37.42,住,,,1080415,土地1建物1車位2,七層,十四層,住宅大樓(11層含以上有電梯),住家用,鋼筋混凝土造,1100610,270.12,4,2,2,有,無,14850000,65041,坡道平面,80.24,2500000,預售屋、或土地及建物分件登記案件；,RPTNMLKMPHGGFBJ38DA,114.37,0.0,12.7,有,
竹北市,房地(土地+建物)+車位,新竹縣竹北市日興一街２２號七樓,14.68,住,,,1080413,土地1建物1車位1,七層,十四層,住宅大樓(11層含以上有電梯),住家用,鋼筋混凝土造,1100603,99.28999999999999,1,1,1,有,有,7090000,85949,坡道平面,33.67,1450000,實際成交未執行裝潢＄59萬元，自房地總價中扣除。含裝潢費590000元；預售屋、或土地及建物分件登記案件；,RPXSMLNLOHGGFBJ76DA,39.47,1.27,3.2,有,
竹北市,房地(土地+建物)+車位,新竹縣竹北市日興一街８號九樓,22.0,住,,,1080405,土地1建物1車位1,九層,十四層,住宅大樓(11層含以上有電梯),住家用,鋼筋混凝土造,1100603,150.53,3,2,2,有,有,11600000,87804,坡道平面,36.64,1600000,實際成交未執行裝潢＄103萬元，自房地總價中扣除。含裝潢費1030000元；預售屋、或土地及建物分件登記案件；,RPQQMLNLOHGGFBJ48DA,69.19,3.87,3.22,有,
竹北市,房地(土地+建物)+車位,新竹縣竹北市日興一街２６號六樓,18.42,住,,,1080413,土地1建物1車位1,六層,十四層,住宅大樓(11層含以上有電梯),住家用,鋼筋混凝土造,1100603,124.75,2,2,1,有,有,9070000,84212,坡道平面,33.67,1400000,實際成交未執行裝潢＄82萬元，自房地總價中扣除。含裝潢費820000元；預售屋、或土地及建物分件登記案件；,RPTTMLMLOHGGFBJ98DA,54.88,3.0,3.17,有,
竹北市,房地(土地+建物)+車位,新竹縣竹北市社崙二街２２號七樓,29.0,住,,,1080413,土地1建物1車位1,七層,十五層,住宅大樓(11層含以上有電梯),住家用,鋼筋混凝土造,1100610,202.8,3,2,2,有,無,11800000,65466,坡道平面,40.12,1150000,預售屋、或土地及建物分件登記案件；,RPSTMLKMPHGGFBJ88DA,95.04,0.0,11.04,有,
竹東鎮,房地(土地+建物)+車位,龍鳳路２６之１號九樓,16.61,商,,,1080310,土地1建物1車位2,九層,十五層,住宅大樓(11層含以上有電梯),住家用,鋼筋混凝土造,1100317,152.91,2,2,1,有,有,7120000,54484,坡道平面,61.14,2120000,預售屋、或土地及建物分件登記案件；,RPRPNLQLNHGGFCJ88DA,57.82,0.0,4.25,有,
湖口鄉,房地(土地+建物),吳厝路３６號三樓之１,51.84,,特定農業區,甲種建築用地,1080319,土地4建物1車位0,三層,五層,華廈(10層含以下有電梯),住家用,鋼筋混凝土造,1100104,75.04,2,2,1,有,無,3300000,43977,,0.0,0,農地上做分管停車用並含在總價款裡預售屋、或土地及建物分件登記案件；,RPQOMLOJOHGGFDJ38DA,54.83,0.0,5.59,有,
湖口鄉,房地(土地+建物),吳厝路３８號二樓,51.84,,特定農業區,甲種建築用地,1080317,土地4建物1車位0,二層,五層,華廈(10層含以下有電梯),住家用,鋼筋混凝土造,1100104,75.04,2,2,1,有,無,3300000,43977,,0.0,0,農地上做分管停車用並含在總價款裡預售屋、或土地及建物分件登記案件；,RPUOMLOJOHGGFDJ78DA,54.83,0.0,5.59,有,
湖口鄉,房地(土地+建物),吳厝路３８號三樓,51.84,,特定農業區,甲種建築用地,1080310,土地4建物1車位0,三層,五層,華廈(10層含以下有電梯),住家用,鋼筋混凝土造,1100104,75.04,2,2,1,有,無,3300000,43977,,0.0,0,農地上做分管停車用並含在總價款裡預售屋、或土地及建物分件登記案件；,RPVOMLOJOHGGFDJ88DA,54.83,0.0,5.59,有,
湖口鄉,房地(土地+建物),吳厝路３８號五樓,51.88,,特定農業區,甲種建築用地,1080316,土地4建物1車位0,五層,五層,華廈(10層含以下有電梯),住家用,鋼筋混凝土造,1100104,75.06,2,2,1,有,無,3300000,43965,,0.0,0,農地上做分管停車用並含在總價款裡預售屋、或土地及建物分件登記案件；,RPXOMLOJOHGGFDJ09DA,54.83,0.0,5.59,有,
湖口鄉,房地(土地+建物),吳厝路３８號,49.76,,特定農業區,甲種建築用地,1080315,土地4建物1車位0,一層,五層,華廈(10層含以下有電梯),住家用,鋼筋混凝土造,1100104,68.12,2,2,1,有,無,3400000,49912,,0.0,0,農地上做分管停車用並含在總價款裡預售屋、或土地及建物分件登記案件；,RPWNMLNJOHGGFDJ78DA,54.83,0.0,0.0,有,
湖口鄉,房地(土地+建物),吳厝路３８號三樓之１,51.84,,特定農業區,甲種建築用地,1080312,土地4建物1車位0,三層,五層,華廈(10層含以下有電梯),住家用,鋼筋混凝土造,1100104,75.04,2,2,1,有,無,3300000,43977,,0.0,0,農地上做分管停車用並含在總價款裡預售屋、或土地及建物分件登記案件；,RPXNMLNJOHGGFDJ88DA,54.83,0.0,5.59,有,
湖口鄉,房地(土地+建物),吳厝路３６之１號,49.76,,特定農業區,甲種建築用地,1080312,土地4建物1車位0,一層,五層,華廈(10層含以下有電梯),住家用,鋼筋混凝土造,1100104,68.12,2,2,1,有,無,3300000,48444,,0.0,0,農地上做分管停車用並含在總價款裡預售屋、或土地及建物分件登記案件；,RPWNMLOJOHGGFDJ88DA,54.83,0.0,0.0,有,
新埔鎮,房地(土地+建物),田新十二街４２號,81.32,住,,,1080317,土地3建物1車位0,全,三層,透天厝,住家用,鋼筋混凝土造,1091210,164.59,4,2,3,有,有,9750000,59238,,0.0,0,預售屋、或土地及建物分件登記案件；,RPUNMLSKOHGGFBJ98DA,143.31,0.0,21.28,無,
新埔鎮,房地(土地+建物),田新十二街３６巷８號,62.33,住,,,1080323,土地3建物1車位0,全,四層,透天厝,住家用,鋼筋混凝土造,1091210,173.43,4,2,4,有,有,8770000,50568,,0.0,0,預售屋、或土地及建物分件登記案件；,RPTRMLSKOHGGFBJ66DA,148.52,0.0,24.91,無,
新埔鎮,房地(土地+建物),田新十二街１８號,80.37,住,,,1080313,土地2建物1車位0,全,三層,透天厝,住家用,鋼筋混凝土造,1091209,165.0,4,2,3,有,有,9800000,59394,,0.0,0,預售屋、或土地及建物分件登記案件；,RPQPMLSKOHGGFBJ78DA,143.8,0.0,21.2,無,
湖口鄉,房地(土地+建物),吳厝路３８號四樓之１,51.84,,特定農業區,甲種建築用地,1080327,土地4建物1車位0,四層,五層,華廈(10層含以下有電梯),住家用,鋼筋混凝土造,1100104,75.04,2,2,1,有,無,3300000,43977,,0.0,0,農地上做分管停車用並含在總價款裡預售屋、或土地及建物分件登記案件；,RPXNMLNLOHGGFDJ09DA,54.83,0.0,5.59,有,
新埔鎮,房地(土地+建物),新竹縣新埔鎮田新十二街２２巷３號,59.5,住,,,1080311,土地2建物1車位0,全,四層,透天厝,住家用,鋼筋混凝土造,1091209,168.38,4,2,4,有,有,8600000,51075,,0.0,0,預售屋、或土地及建物分件登記案件；,RPROMLSLOHGGFBJ88DA,144.27,0.0,24.11,無,
新埔鎮,房地(土地+建物),新竹縣新埔鎮田新十二街３６巷５號,74.61,住,,,1080309,土地3建物1車位0,全,四層,透天厝,住家用,鋼筋混凝土造,1091210,187.15,6,2,5,有,有,9350000,49960,,0.0,0,預售屋、或土地及建物分件登記案件；,RPOOMLSLOHGGFBJ58DA,182.14,0.0,5.01,無,
新埔鎮,房地(土地+建物),新竹縣新埔鎮田新十二街３６巷１號,111.44,住,,,1080321,土地3建物1車位0,全,三層,透天厝,住家用,鋼筋混凝土造,1091210,159.84,3,2,3,有,有,10700000,66942,,0.0,0,預售屋、或土地及建物分件登記案件；,RPQOMLSLOHGGFBJ78DA,155.6,0.0,4.24,無,
竹東鎮,房地(土地+建物)+車位,新竹縣竹東鎮龍鳳路２８之１號十五樓,24.76,商,,,1080303,土地1建物1車位1,十五層,十五層,住宅大樓(11層含以上有電梯),住家用,鋼筋混凝土造,1100317,169.8,3,2,2,有,有,8840000,56238,坡道平面,30.57,1010000,109.12.05轉讓金額884萬預售屋、或土地及建物分件登記案件；,RPUOMLLMNHGGFCJ58DA,86.33,0.0,8.56,有,
竹東鎮,房地(土地+建物),新竹縣竹東鎮龍鳳路２０之１號四樓,17.04,商,,,1080316,土地1建物1車位0,四層,十五層,住宅大樓(11層含以上有電梯),住家用,鋼筋混凝土造,1100317,93.81,2,2,1,有,有,4960000,52873,,0.0,0,預售屋、或土地及建物分件登記案件；,RPWTMLLMNHGGFCJ66DA,59.45,0.0,3.84,有,0342
竹東鎮,房地(土地+建物)+車位,新竹縣竹東鎮龍鳳路２８之１號十四樓,24.76,商,,,1080324,土地1建物1車位1,十四層,十五層,住宅大樓(11層含以上有電梯),住家用,鋼筋混凝土造,1100317,169.8,3,2,2,有,有,8850000,56669,坡道平面,30.57,960000,預售屋、或土地及建物分件登記案件；,RPTQMLQJOHGGFCJ98DA,86.33,0.0,8.56,有,
竹東鎮,房地(土地+建物)+車位,新竹縣竹東鎮龍鳳路３０之３號二樓,20.99,商,,,1080314,土地1建物1車位1,二層,十五層,住宅大樓(11層含以上有電梯),住家用,鋼筋混凝土造,1100317,148.94,2,2,2,有,有,7780000,57616,坡道平面,30.57,960000,預售屋、或土地及建物分件登記案件；,RPROMLQJOHGGFCJ58DA,73.18,0.0,8.16,有,
竹北市,房地(土地+建物)+車位,新竹縣竹北市嘉德街１２８號三樓,47.25,住,,,1080309,土地1建物1車位2,三層,二十層,住宅大樓(11層含以上有電梯),住家用,鋼筋混凝土造,1100520,300.68,4,2,2,有,有,23900000,85412,坡道平面,51.3,2600000,土地買賣價款1065萬建物買賣價款1065萬車位買賣價款260萬預售屋、或土地及建物分件登記案件；,RPOOMLKKPHGGFBJ77DA,153.06,0.0,16.94,有,
竹北市,房地(土地+建物)+車位,新竹縣竹北市嘉德街１２２號三樓,43.22,住,,,1080309,土地1建物1車位2,三層,二十層,住宅大樓(11層含以上有電梯),住家用,鋼筋混凝土造,1100520,279.43,4,2,2,有,有,22500000,87231,坡道平面,51.3,2600000,土地買賣價款995萬建物買賣價款995萬車位買賣價款260萬預售屋、或土地及建物分件登記案件；,RPPOMLKKPHGGFBJ87DA,139.99,0.0,15.52,有,
竹北市,房地(土地+建物)+車位,新竹縣竹北市嘉德街１２６號三樓,38.66,住,,,1080310,土地1建物1車位2,三層,二十層,住宅大樓(11層含以上有電梯),住家用,鋼筋混凝土造,1100520,255.38,3,2,2,有,有,20650000,88446,坡道平面,51.3,2600000,土地買賣價款902萬建物買賣價款903萬車位買賣價款260萬預售屋、或土地及建物分件登記案件；,RPQOMLKKPHGGFBJ97DA,125.11,0.0,13.98,有,
竹北市,房地(土地+建物)+車位,新竹縣竹北市嘉德街１２０號五樓,50.41,住,,,1080309,土地1建物1車位2,五層,二十層,住宅大樓(11層含以上有電梯),住家用,鋼筋混凝土造,1100520,317.44,4,2,3,有,有,26860000,90404,坡道平面,51.3,2800000,土地買賣價款1203萬建物買賣價款1203萬車位買賣價款280萬預售屋、或土地及建物分件登記案件；,RPVOMLKKPHGGFBJ48DA,164.45,0.0,16.94,有,
竹北市,房地(土地+建物)+車位,新竹縣竹北市嘉德街１２２號十二樓,43.22,住,,,1080330,土地1建物1車位2,十二層,二十層,住宅大樓(11層含以上有電梯),住家用,鋼筋混凝土造,1100520,279.43,4,2,2,有,有,24850000,97532,坡道平面,51.3,2600000,土地買賣價款1112萬建物買賣價款1113萬車位買賣價款260萬預售屋、或土地及建物分件登記案件；,RPXOMLLKPHGGFBJ78DA,139.99,0.0,15.52,有,
竹北市,房地(土地+建物)+車位,新竹縣竹北市嘉德街１２２號十一樓,43.22,住,,,1080309,土地1建物1車位2,十一層,二十層,住宅大樓(11層含以上有電梯),住家用,鋼筋混凝土造,1100520,279.43,4,2,2,有,有,24650000,96655,坡道平面,51.3,2600000,土地買賣價款1102萬建物買賣價款1103萬車位買賣價款260萬預售屋、或土地及建物分件登記案件；,RPPNMLMKPHGGFBJ97DA,139.99,0.0,15.52,有,
竹北市,房地(土地+建物)+車位,新竹縣竹北市嘉德街１２８號二十樓,47.25,住,,,1080324,土地1建物1車位2,二十層,二十層,住宅大樓(11層含以上有電梯),住家用,鋼筋混凝土造,1100520,300.7,4,2,2,有,有,29400000,105854,坡道平面,51.3,3000000,土地買賣價款1320萬建物買賣價款1320萬車位買賣價款300萬預售屋、或土地及建物分件登記案件；,RPPPMLMKPHGGFBJ18DA,153.06,0.0,16.94,有,
竹東鎮,房地(土地+建物)+車位,新竹縣竹東鎮龍鳳路２０之１號七樓,17.04,商,,,1080316,土地1建物1車位1,七層,十五層,住宅大樓(11層含以上有電梯),住家用,鋼筋混凝土造,1100317,124.38,2,2,1,有,有,6120000,54472,坡道平面,30.57,1010000,預售屋、或土地及建物分件登記案件；,RPUOMLRLOHGGFCJ56DA,59.45,0.0,3.84,有,
竹北市,房地(土地+建物)+車位,新竹縣竹北市日興一街２２號六樓,14.95,住,,,1080307,土地1建物1車位1,六層,十四層,住宅大樓(11層含以上有電梯),住家用,鋼筋混凝土造,1100603,102.25999999999999,1,1,1,有,有,6940000,83664,坡道平面,36.64,1450000,實際成交未執行裝潢＄59萬元，自房地總價中扣除。含裝潢費590000元；預售屋、或土地及建物分件登記案件；,RPSPMLNLOHGGFBJ58DA,39.47,1.27,3.2,有,
竹東鎮,房地(土地+建物)+車位,新竹縣竹東鎮龍鳳路１８之１號五樓,16.61,商,,,1080318,土地1建物1車位1,五層,十五層,住宅大樓(11層含以上有電梯),住家用,鋼筋混凝土造,1100317,122.35,2,2,1,有,有,5880000,53606,坡道平面,30.57,960000,109.12.5讓與價格新台幣588萬109.3.5加購停車位新台幣96萬已含入交易總價預售屋、或土地及建物分件登記案件；,RPSPMLLJPHGGFCJ38DA,57.82,0.0,4.25,有,
竹東鎮,房地(土地+建物)+車位,新竹縣竹東鎮龍鳳路１８之１號七樓,16.61,商,,,1080304,土地1建物1車位1,七層,十五層,住宅大樓(11層含以上有電梯),住家用,鋼筋混凝土造,1100317,122.35,2,2,1,有,有,6060000,55023,坡道平面,30.57,1010000,預售屋、或土地及建物分件登記案件；,RPTPMLLJPHGGFCJ48DA,57.82,0.0,4.25,有,
竹東鎮,房地(土地+建物)+車位,新竹縣竹東鎮龍鳳路２８之１號十二樓,24.76,商,,,1080316,土地1建物1車位1,十二層,十五層,住宅大樓(11層含以上有電梯),住家用,鋼筋混凝土造,1100317,169.8,3,2,2,有,有,8940000,56597,坡道平面,30.57,1060000,預售屋、或土地及建物分件登記案件；,RPRNMLLJPHGGFCJ08DA,86.33,0.0,8.56,有,
竹東鎮,房地(土地+建物)+車位,新竹縣竹東鎮龍鳳路３０之３號十五樓,20.99,商,,,1080309,土地1建物1車位1,十五層,十五層,住宅大樓(11層含以上有電梯),住家用,鋼筋混凝土造,1100317,148.94,2,2,2,有,有,7660000,56602,坡道平面,30.57,960000,預售屋、或土地及建物分件登記案件；,RPRNMLMJPHGGFCJ18DA,73.18,0.0,8.16,有,
竹北市,房地(土地+建物)+車位,新竹縣竹北市勝利十街８５號十樓之六,24.25,住,,,1080315,土地1建物1車位1,十層,十二層,住宅大樓(11層含以上有電梯),住家用,鋼筋混凝土造,1100601,148.16,3,2,2,有,有,9980000,75585,坡道平面,32.0,1200000,預售屋,RPUVMLOJQHGGFBJ86DA,73.7,0.0,6.71,有,
竹北市,房地(土地+建物)+車位,新竹縣竹北市勝利十街８５號十一樓之六,24.25,住,,,1080323,土地1建物1車位1,十一層,十二層,住宅大樓(11層含以上有電梯),住家用,鋼筋混凝土造,1100601,148.16,3,2,2,有,有,10060000,76274,坡道平面,32.0,1200000,預售屋,RPVVMLOJQHGGFBJ96DA,73.7,0.0,6.71,有,
竹北市,房地(土地+建物)+車位,新竹縣竹北市勝利十街８５號十一樓之五,29.3,住,,,1080305,土地1建物1車位1,十一層,十二層,住宅大樓(11層含以上有電梯),住家用,鋼筋混凝土造,1100601,173.49,4,2,2,有,有,12000000,76330,坡道平面,32.0,1200000,預售屋,RPSTMLOJQHGGFBJ09DA,90.45,0.0,7.49,有,
竹北市,房地(土地+建物)+車位,新竹縣竹北市勝利十街８５號二樓之一,24.58,住,,,1080311,土地1建物1車位1,二層,十二層,住宅大樓(11層含以上有電梯),住家用,鋼筋混凝土造,1100601,149.60000000000002,3,2,2,有,有,9450000,69303,坡道平面,32.0,1300000,預售屋,RPUTMLOJQHGGFBJ66DA,74.65,0.0,6.75,有,
竹北市,房地(土地+建物)+車位,新竹縣竹北市勝利十街８５號三樓之一,24.58,住,,,1080331,土地1建物1車位1,三層,十二層,住宅大樓(11層含以上有電梯),住家用,鋼筋混凝土造,1100601,149.60000000000002,3,2,2,有,有,9410000,69813,坡道平面,32.0,1200000,預售屋,RPVTMLOJQHGGFBJ76DA,74.65,0.0,6.75,有,
竹北市,房地(土地+建物)+車位,新竹縣竹北市勝利十街８５號四樓之一,24.58,住,,,1080330,土地1建物1車位1,四層,十二層,住宅大樓(11層含以上有電梯),住家用,鋼筋混凝土造,1100601,149.60000000000002,3,2,2,有,有,9380000,68707,坡道平面,32.0,1300000,預售屋,RPWTMLOJQHGGFBJ86DA,74.65,0.0,6.75,有,
竹北市,房地(土地+建物)+車位,新竹縣竹北市勝利十街８５號五樓之一,24.58,住,,,1080325,土地1建物1車位1,五層,十二層,住宅大樓(11層含以上有電梯),住家用,鋼筋混凝土造,1100601,149.60000000000002,3,2,2,有,有,9650000,71003,坡道平面,32.0,1300000,預售屋,RPXTMLOJQHGGFBJ96DA,74.65,0.0,6.75,有,
竹北市,房地(土地+建物)+車位,新竹縣竹北市勝利十街８５號六樓之一,24.58,住,,,1080312,土地1建物1車位1,六層,十二層,住宅大樓(11層含以上有電梯),住家用,鋼筋混凝土造,1100601,149.60000000000002,3,2,2,有,有,9660000,71939,坡道平面,32.0,1200000,預售屋,RPOUMLOJQHGGFBJ78DA,74.65,0.0,6.75,有,
竹北市,房地(土地+建物)+車位,新竹縣竹北市勝利十街８５號七樓之一,24.58,住,,,1080325,土地1建物1車位1,七層,十二層,住宅大樓(11層含以上有電梯),住家用,鋼筋混凝土造,1100601,149.60000000000002,3,2,2,有,有,9770000,72874,坡道平面,32.0,1200000,預售屋,RPPUMLOJQHGGFBJ88DA,74.65,0.0,6.75,有,
竹北市,房地(土地+建物)+車位,新竹縣竹北市勝利十街８５號八樓之一,24.58,住,,,1080317,土地1建物1車位1,八層,十二層,住宅大樓(11層含以上有電梯),住家用,鋼筋混凝土造,1100601,149.60000000000002,3,2,2,有,有,9880000,73810,坡道平面,32.0,1200000,預售屋,RPQUMLOJQHGGFBJ98DA,74.65,0.0,6.75,有,
竹北市,房地(土地+建物)+車位,新竹縣竹北市勝利十街８５號九樓之一,24.58,住,,,1080320,土地1建物1車位1,九層,十二層,住宅大樓(11層含以上有電梯),住家用,鋼筋混凝土造,1100601,149.60000000000002,3,2,2,有,有,9980000,74660,坡道平面,32.0,1200000,預售屋,RPRUMLOJQHGGFBJ09DA,74.65,0.0,6.75,有,
竹北市,房地(土地+建物)+車位,新竹縣竹北市勝利十街８５號十樓之一,24.58,住,,,1080328,土地1建物1車位1,十層,十二層,住宅大樓(11層含以上有電梯),住家用,鋼筋混凝土造,1100601,149.60000000000002,3,2,2,有,有,10090000,75595,坡道平面,32.0,1200000,預售屋,RPSUMLOJQHGGFBJ56DA,74.65,0.0,6.75,有,
竹北市,房地(土地+建物)+車位,新竹縣竹北市勝利十街８５號十一樓之一,24.58,住,,,1080328,土地1建物1車位1,十一層,十二層,住宅大樓(11層含以上有電梯),住家用,鋼筋混凝土造,1100601,149.60000000000002,3,2,2,有,有,10180000,76361,坡道平面,32.0,1200000,預售屋,RPTUMLOJQHGGFBJ66DA,74.65,0.0,6.75,有,
竹北市,房地(土地+建物)+車位,新竹縣竹北市勝利十街８５號二樓之六,24.25,住,,,1080316,土地1建物1車位1,二層,十二層,住宅大樓(11層含以上有電梯),住家用,鋼筋混凝土造,1100601,148.16,3,2,2,有,有,9260000,69387,坡道平面,32.0,1200000,預售屋,RPWUMLOJQHGGFBJ96DA,73.7,0.0,6.71,有,
竹北市,房地(土地+建物)+車位,新竹縣竹北市勝利十街８５號四樓之五,29.3,住,,,1080309,土地1建物1車位1,四層,十二層,住宅大樓(11層含以上有電梯),住家用,鋼筋混凝土造,1100601,173.49,4,2,2,有,有,11000000,69263,坡道平面,32.0,1200000,預售屋,RPVSMLOJQHGGFBJ66DA,90.45,0.0,7.49,有,
竹北市,房地(土地+建物)+車位,新竹縣竹北市勝利十街８５號五樓之六,24.25,住,,,1080314,土地1建物1車位1,五層,十二層,住宅大樓(11層含以上有電梯),住家用,鋼筋混凝土造,1100601,148.16,3,2,2,有,有,9580000,71281,坡道平面,32.0,1300000,預售屋,RPPVMLOJQHGGFBJ98DA,73.7,0.0,6.71,有,
竹北市,房地(土地+建物)+車位,新竹縣竹北市勝利十街８５號六樓之六,24.25,住,,,1080310,土地1建物1車位1,六層,十二層,住宅大樓(11層含以上有電梯),住家用,鋼筋混凝土造,1100601,148.16,3,2,2,有,有,9700000,72314,坡道平面,32.0,1300000,預售屋,RPQVMLOJQHGGFBJ09DA,73.7,0.0,6.71,有,
竹北市,房地(土地+建物)+車位,新竹縣竹北市勝利十街８５號八樓之六,24.25,住,,,1080316,土地1建物1車位1,八層,十二層,住宅大樓(11層含以上有電梯),住家用,鋼筋混凝土造,1100601,148.16,3,2,2,有,有,9880000,73864,坡道平面,32.0,1300000,預售屋,RPSVMLOJQHGGFBJ66DA,73.7,0.0,6.71,有,
竹北市,房地(土地+建物)+車位,新竹縣竹北市勝利十街８５號二樓之五,29.3,住,,,1080322,土地1建物1車位1,二層,十二層,住宅大樓(11層含以上有電梯),住家用,鋼筋混凝土造,1100601,173.49,4,2,2,有,有,11180000,69828,坡道平面,32.0,1300000,預售屋,RPTSMLOJQHGGFBJ09DA,90.45,0.0,7.49,有,
竹北市,土地,三崁店段三崁店小段41-8地號,132.0,,特定農業區,甲種建築用地,1080329,土地1建物0車位0,,,其他,,,,0.0,0,0,0,有,無,6500000,49242,,0.0,0,未登記建物；,RPPNMLPKQHGGFBJ38DA,0.0,0.0,0.0,無,
竹北市,房地(土地+建物)+車位,新竹縣竹北市勝利十街８５號四樓之二,29.62,住,,,1080309,土地1建物1車位1,四層,十二層,住宅大樓(11層含以上有電梯),住家用,鋼筋混凝土造,1100601,175.41,4,2,2,有,有,11090000,68963,坡道平面,32.0,1200000,預售屋,RPRQMLOJQHGGFBJ68DA,91.73,0.0,7.55,有,
竹北市,房地(土地+建物)+車位,新竹縣竹北市勝利十街８５號二樓之二,29.62,住,,,1080322,土地1建物1車位1,二層,十二層,住宅大樓(11層含以上有電梯),住家用,鋼筋混凝土造,1100601,175.41,4,2,2,有,有,11260000,70149,坡道平面,32.0,1200000,預售屋,RPPQMLOJQHGGFBJ48DA,91.73,0.0,7.55,有,
竹北市,房地(土地+建物)+車位,新竹縣竹北市勝利十街８５號十一樓之二,29.62,住,,,1080310,土地1建物1車位1,十一層,十二層,住宅大樓(11層含以上有電梯),住家用,鋼筋混凝土造,1100601,175.41,4,2,2,有,有,12250000,76355,坡道平面,32.0,1300000,預售屋,RPQRMLOJQHGGFBJ68DA,91.73,0.0,7.55,有,
竹北市,房地(土地+建物)+車位,新竹縣竹北市勝利十街８５號九樓之六,24.25,住,,,1080318,土地1建物1車位1,九層,十二層,住宅大樓(11層含以上有電梯),住家用,鋼筋混凝土造,1100601,148.16,3,2,2,有,有,9880000,74725,坡道平面,32.0,1200000,預售屋,RPTVMLOJQHGGFBJ76DA,73.7,0.0,6.71,有,
竹北市,房地(土地+建物)+車位,新竹縣竹北市勝利十街８５號九樓之五,29.3,住,,,1080304,土地1建物1車位1,九層,十二層,住宅大樓(11層含以上有電梯),住家用,鋼筋混凝土造,1100601,173.49,4,2,2,有,有,11880000,75482,坡道平面,32.0,1200000,預售屋,RPQTMLOJQHGGFBJ88DA,90.45,0.0,7.49,有,
竹東鎮,房地(土地+建物)+車位,新竹縣竹東鎮龍鳳路１８號五樓,16.61,商,,,1080319,土地1建物1車位1,五層,十五層,住宅大樓(11層含以上有電梯),住家用,鋼筋混凝土造,1100317,122.35,2,2,1,有,有,5870000,54042,坡道平面,30.57,910000,預售屋、或土地及建物分件登記案件；,RPROMLSLPHGGFCJ09DA,57.82,0.0,4.25,有,
竹北市,房地(土地+建物)+車位,新竹縣竹北市縣政二路南段７９號,65.17,住,,,1080316,土地1建物1車位4,一層，見其他登記事項,二十層,住宅大樓(11層含以上有電梯),商業用,鋼筋混凝土造,1100520,407.26,0,0,0,無,有,55300000,164117,坡道平面,102.6,5300000,土地買賣價款2500萬建物買賣價款2500萬車位買賣價款530萬預售屋、或土地及建物分件登記案件；,RPRWMLOJQHGGFBJ66DA,191.27,0.0,43.17,有,
竹北市,房地(土地+建物)+車位,新竹縣竹北市嘉德街１２６號十八樓,38.66,住,,,1080316,土地1建物1車位2,十八層,二十層,住宅大樓(11層含以上有電梯),住家用,鋼筋混凝土造,1100520,255.38,3,2,2,有,有,23680000,103293,坡道平面,51.3,2600000,土地買賣價款1054萬建物買賣價款1054萬車位買賣價款260萬預售屋、或土地及建物分件登記案件；,SPRWMLOJQHGGFBJ76DA,125.11,0.0,13.98,有,
竹北市,房地(土地+建物)+車位,新竹縣竹北市勝利十街８５號三樓之五,29.3,住,,,1080310,土地1建物1車位1,三層,十二層,住宅大樓(11層含以上有電梯),住家用,鋼筋混凝土造,1100601,173.49,4,2,2,有,有,11200000,70676,坡道平面,32.0,1200000,預售屋,RPUSMLOJQHGGFBJ56DA,90.45,0.0,7.49,有,
竹北市,房地(土地+建物)+車位,新竹縣竹北市社崙二街２６號五樓,34.61,住,,,1080318,土地1建物1車位2,五層,十五層,住宅大樓(11層含以上有電梯),住家用,鋼筋混凝土造,1100610,256.21000000000004,4,2,2,有,無,13200000,60806,坡道平面,80.24,2500000,預售屋、或土地及建物分件登記案件；,RPWUMLKMPHGGFBJ76DA,103.84,0.0,11.22,有,
竹北市,房地(土地+建物)+車位,新竹縣竹北市社崙二街２６號八樓,34.61,住,,,1080305,土地1建物1車位2,八層,十五層,住宅大樓(11層含以上有電梯),住家用,鋼筋混凝土造,1100610,256.21000000000004,4,2,2,有,無,13600000,63079,坡道平面,80.24,2500000,預售屋、或土地及建物分件登記案件；,RPQVMLKMPHGGFBJ88DA,103.84,0.0,11.22,有,
竹東鎮,房地(土地+建物),龍鳳路１８號二樓,16.61,商,,,1080226,土地1建物1車位0,二層,十五層,住宅大樓(11層含以上有電梯),住家用,鋼筋混凝土造,1100317,91.78,2,2,1,有,有,5100000,55568,,0.0,0,109.11.27轉讓金額新台幣510萬元預售屋、或土地及建物分件登記案件；,RPRVMLQLNHGGFCJ76DA,57.82,0.0,4.25,有,
新埔鎮,房地(土地+建物),田新十二街３８號,81.32,住,,,1080224,土地3建物1車位0,全,三層,透天厝,住家用,鋼筋混凝土造,1091210,164.23,4,2,3,有,有,10100000,61499,,0.0,0,預售屋、或土地及建物分件登記案件；,RPXNMLSKOHGGFBJ66DA,142.95,0.0,21.28,無,
竹東鎮,房地(土地+建物)+車位,新竹縣竹東鎮龍鳳路２６之１號七樓,16.61,商,,,1080201,土地1建物1車位1,七層,十五層,住宅大樓(11層含以上有電梯),住家用,鋼筋混凝土造,1100317,122.35,2,2,1,有,有,6010000,55023,坡道平面,30.57,960000,108.8.9加購停車位新台幣96萬已含入交易總價預售屋、或土地及建物分件登記案件；,RPSQMLQJOHGGFCJ88DA,57.82,0.0,4.25,有,
竹東鎮,房地(土地+建物)+車位,新竹縣竹東鎮龍鳳路２８之１號八樓,24.76,商,,,1080203,土地1建物1車位1,八層,十五層,住宅大樓(11層含以上有電梯),住家用,鋼筋混凝土造,1100317,169.8,3,2,2,有,有,8880000,55807,坡道平面,30.57,1110000,預售屋、或土地及建物分件登記案件；,RPWQMLQJOHGGFCJ66DA,86.33,0.0,8.56,有,
竹東鎮,房地(土地+建物)+車位,新竹縣竹東鎮龍鳳路３０之６號十三樓,27.8,商,,,1080215,土地1建物1車位1,十三層,十五層,住宅大樓(11層含以上有電梯),住家用,鋼筋混凝土造,1100317,186.53,2,2,2,有,有,9990000,57579,坡道平面,30.57,1010000,109.11.27讓與價格新台幣 999萬預售屋、或土地及建物分件登記案件；,RPOPMLQJOHGGFCJ38DA,96.85,0.0,10.09,有,
新埔鎮,房地(土地+建物),新竹縣新埔鎮田新十二街４８號,114.05,住,,,1080202,土地3建物1車位0,全,三層,透天厝,住家用,鋼筋混凝土造,1091210,171.45,4,2,4,有,有,11800000,68825,,0.0,0,預售屋、或土地及建物分件登記案件；,RPUPMLSJPHGGFBJ56DA,156.45,0.0,15.0,無,
竹東鎮,房地(土地+建物),新竹縣竹東鎮龍鳳路１８號六樓,16.61,商,,,1080224,土地1建物1車位0,六層,十五層,住宅大樓(11層含以上有電梯),住家用,鋼筋混凝土造,1100317,91.78,2,2,1,有,有,4940000,53824,,0.0,0,預售屋、或土地及建物分件登記案件；,RPPNMLTKOHGGFCJ68DA,57.82,0.0,4.25,有,
竹東鎮,房地(土地+建物)+車位,新竹縣竹東鎮龍鳳路１６號五樓,24.76,商,,,1080216,土地1建物1車位1,五層,十五層,住宅大樓(11層含以上有電梯),住家用,鋼筋混凝土造,1100317,169.75,2,2,2,有,有,8570000,54318,坡道平面,30.57,1010000,預售屋、或土地及建物分件登記案件；,RPRNMLMKOHGGFCJ18DA,86.31,0.0,8.56,有,
竹北市,房地(土地+建物)+車位,新竹縣竹北市嘉德街１２６號五樓,38.66,住,,,1080211,土地1建物1車位2,五層,二十層,住宅大樓(11層含以上有電梯),住家用,鋼筋混凝土造,1100520,255.38,3,2,2,有,有,21200000,90161,坡道平面,51.3,2800000,土地買賣價款920萬建物買賣價款920萬車位買賣價款280萬預售屋、或土地及建物分件登記案件；,RPXOMLKKPHGGFBJ68DA,125.11,0.0,13.98,有,
竹北市,房地(土地+建物)+車位,新竹縣竹北市嘉德街１２０號十三樓,50.41,住,,,1080220,土地1建物1車位2,十三層,二十層,住宅大樓(11層含以上有電梯),住家用,鋼筋混凝土造,1100520,317.44,4,2,3,有,有,28730000,97430,坡道平面,51.3,2800000,土地買賣價款1296萬建物買賣價款1297萬車位買賣價款280萬預售屋、或土地及建物分件登記案件；,RPPRMLMKPHGGFBJ38DA,164.45,0.0,16.94,有,
竹東鎮,房地(土地+建物)+車位,新竹縣竹東鎮龍鳳路３０之１號十二樓,23.67,商,,,1080219,土地1建物1車位1,十二層,十五層,住宅大樓(11層含以上有電梯),住家用,鋼筋混凝土造,1100317,165.45999999999998,2,2,2,有,有,8650000,56639,坡道平面,30.57,1010000,預售屋、或土地及建物分件登記案件；,RPPOMLTKOHGGFCJ78DA,82.49,0.0,10.64,有,
竹東鎮,房地(土地+建物)+車位,新竹縣竹東鎮龍鳳路３０之５號十五樓,20.99,商,,,1080228,土地1建物1車位1,十五層,十五層,住宅大樓(11層含以上有電梯),住家用,鋼筋混凝土造,1100317,148.85,2,2,2,有,有,7690000,56899,坡道平面,30.57,960000,預售屋、或土地及建物分件登記案件；,RPWOMLTKOHGGFCJ86DA,73.12,0.0,8.16,有,
竹北市,房地(土地+建物)+車位,新竹縣竹北市日興一街２０號二樓,18.37,住,,,1080222,土地1建物1車位1,二層,十四層,住宅大樓(11層含以上有電梯),住家用,鋼筋混凝土造,1100603,124.44,2,2,1,有,有,9260000,86042,坡道平面,33.67,1450000,實際成交未執行裝潢81萬元，自房地總價中扣除。含裝潢費810000元；預售屋、或土地及建物分件登記案件；,RPQTMLNLOHGGFBJ78DA,54.67,3.0,3.17,有,
竹北市,房地(土地+建物)+車位,新竹縣竹北市日興一街２２號五樓,14.68,住,,,1080228,土地1建物1車位1,五層,十四層,住宅大樓(11層含以上有電梯),住家用,鋼筋混凝土造,1100603,99.28999999999999,1,1,1,有,有,6980000,85035,坡道平面,33.67,1400000,實際成交未執行裝潢＄58萬元，自房地總價中扣除。含裝潢費580000元；預售屋、或土地及建物分件登記案件；,RPWPMLOLOHGGFBJ09DA,39.47,1.27,3.2,有,
竹北市,房地(土地+建物)+車位,新竹縣竹北市社崙二街２０號七樓,37.42,住,,,1080201,土地1建物1車位2,七層,十四層,住宅大樓(11層含以上有電梯),住家用,鋼筋混凝土造,1100610,270.08000000000004,4,2,2,有,無,14580000,63633,坡道平面,80.24,2500000,預售屋、或土地及建物分件登記案件；,RPWOMLKMPHGGFBJ78DA,114.37,0.0,12.66,有,
竹東鎮,房地(土地+建物)+車位,新竹縣竹東鎮龍鳳路２６號五樓,16.61,商,,,1080216,土地1建物1車位1,五層,十五層,住宅大樓(11層含以上有電梯),住家用,鋼筋混凝土造,1100317,122.35,2,2,1,有,有,5880000,53606,坡道平面,30.57,960000,預售屋、或土地及建物分件登記案件；,RPXOMLKMOHGGFCJ88DA,57.82,0.0,4.25,有,
竹東鎮,房地(土地+建物),新竹縣竹東鎮龍鳳路３０之８號二樓,20.99,商,,,1080216,土地1建物1車位0,二層,十五層,住宅大樓(11層含以上有電梯),住家用,鋼筋混凝土造,1100317,118.2,2,2,2,有,有,6640000,56176,,0.0,0,預售屋、或土地及建物分件登記案件；,RPQNMLOJPHGGFCJ28DA,73.12,0.0,8.08,有,
竹北市,房地(土地+建物)+車位,新竹縣竹北市勝利十街８５號五樓之五,29.3,住,,,1080225,土地1建物1車位1,五層,十二層,住宅大樓(11層含以上有電梯),住家用,鋼筋混凝土造,1100601,173.49,4,2,2,有,有,11350000,71737,坡道平面,32.0,1200000,預售屋,RPWSMLOJQHGGFBJ76DA,90.45,0.0,7.49,有,
竹北市,房地(土地+建物)+車位,新竹縣竹北市勝利十街８５號六樓之五,29.3,住,,,1080228,土地1建物1車位1,六層,十二層,住宅大樓(11層含以上有電梯),住家用,鋼筋混凝土造,1100601,173.49,4,2,2,有,有,11500000,72797,坡道平面,32.0,1200000,預售屋,RPXSMLOJQHGGFBJ86DA,90.45,0.0,7.49,有,
竹北市,房地(土地+建物)+車位,新竹縣竹北市勝利十街８５號七樓之五,29.3,住,,,1080225,土地1建物1車位1,七層,十二層,住宅大樓(11層含以上有電梯),住家用,鋼筋混凝土造,1100601,173.49,4,2,2,有,有,11600000,73503,坡道平面,32.0,1200000,預售屋,RPOTMLOJQHGGFBJ68DA,90.45,0.0,7.49,有,
竹北市,房地(土地+建物)+車位,新竹縣竹北市勝利十街８５號八樓之五,29.3,住,,,1080228,土地1建物1車位1,八層,十二層,住宅大樓(11層含以上有電梯),住家用,鋼筋混凝土造,1100601,173.49,4,2,2,有,有,11850000,74564,坡道平面,32.0,1300000,預售屋,RPPTMLOJQHGGFBJ78DA,90.45,0.0,7.49,有,
竹北市,房地(土地+建物)+車位,新竹縣竹北市勝利十街８５號七樓之六,24.25,住,,,1080224,土地1建物1車位1,七層,十二層,住宅大樓(11層含以上有電梯),住家用,鋼筋混凝土造,1100601,148.16,3,2,2,有,有,9860000,73691,坡道平面,32.0,1300000,預售屋,RPRVMLOJQHGGFBJ56DA,73.7,0.0,6.71,有,
竹北市,房地(土地+建物)+車位,新竹縣竹北市勝利十街８５號五樓之二,29.62,住,,,1080223,土地1建物1車位1,五層,十二層,住宅大樓(11層含以上有電梯),住家用,鋼筋混凝土造,1100601,175.41,4,2,2,有,有,11500000,71822,坡道平面,32.0,1200000,預售屋,RPSQMLOJQHGGFBJ78DA,91.73,0.0,7.55,有,
竹北市,房地(土地+建物)+車位,新竹縣竹北市勝利十街８５號六樓之二,29.62,住,,,1080223,土地1建物1車位1,六層,十二層,住宅大樓(11層含以上有電梯),住家用,鋼筋混凝土造,1100601,175.41,4,2,2,有,有,11600000,72519,坡道平面,32.0,1200000,預售屋,RPTQMLOJQHGGFBJ88DA,91.73,0.0,7.55,有,
竹北市,房地(土地+建物)+車位,新竹縣竹北市勝利十街８５號七樓之二,29.62,住,,,1080224,土地1建物1車位1,七層,十二層,住宅大樓(11層含以上有電梯),住家用,鋼筋混凝土造,1100601,175.41,4,2,2,有,有,11780000,73774,坡道平面,32.0,1200000,預售屋,RPUQMLOJQHGGFBJ98DA,91.73,0.0,7.55,有,
竹北市,房地(土地+建物)+車位,新竹縣竹北市勝利十街８５號八樓之二,29.62,住,,,1080225,土地1建物1車位1,八層,十二層,住宅大樓(11層含以上有電梯),住家用,鋼筋混凝土造,1100601,175.41,4,2,2,有,有,11950000,74263,坡道平面,32.0,1300000,預售屋,RPVQMLOJQHGGFBJ09DA,91.73,0.0,7.55,有,
竹北市,房地(土地+建物)+車位,新竹縣竹北市勝利十街８５號九樓之二,29.62,住,,,1080220,土地1建物1車位1,九層,十二層,住宅大樓(11層含以上有電梯),住家用,鋼筋混凝土造,1100601,175.41,4,2,2,有,有,12100000,75309,坡道平面,32.0,1300000,預售屋,RPXQMLOJQHGGFBJ66DA,91.73,0.0,7.55,有,
竹北市,房地(土地+建物)+車位,新竹縣竹北市社崙二街１８號十樓,37.42,住,,,1080223,土地1建物1車位2,十層,十四層,住宅大樓(11層含以上有電梯),住家用,鋼筋混凝土造,1100610,270.12,4,2,2,有,無,15060000,66147,坡道平面,80.24,2500000,預售屋、或土地及建物分件登記案件；,RPWNMLKMPHGGFBJ68DA,114.37,0.0,12.7,有,
竹北市,房地(土地+建物)+車位,新竹縣竹北市社崙二街２０號十樓,37.42,住,,,1080223,土地1建物1車位2,十層,十四層,住宅大樓(11層含以上有電梯),住家用,鋼筋混凝土造,1100610,270.08000000000004,4,2,2,有,無,15000000,65845,坡道平面,80.24,2500000,預售屋、或土地及建物分件登記案件；,RPPPMLKMPHGGFBJ18DA,114.37,0.0,12.66,有,
竹北市,房地(土地+建物)+車位,新竹縣竹北市日興一街２０號三樓,19.13,住,,,1080226,土地1建物1車位1,三層,十四層,住宅大樓(11層含以上有電梯),住家用,鋼筋混凝土造,1100603,130.48000000000002,2,2,1,有,有,9270000,83948,坡道平面,39.71,1650000,實際成交未執行裝潢＄81萬元，自房地總價中扣除。含裝潢費810000元；預售屋、或土地及建物分件登記案件；,RPSTMLNLOHGGFBJ98DA,54.67,3.0,3.17,有,
竹北市,房地(土地+建物)+車位,新竹縣竹北市社崙二街２０號八樓,37.42,住,,,1080217,土地1建物1車位2,八層,十四層,住宅大樓(11層含以上有電梯),住家用,鋼筋混凝土造,1100610,270.08000000000004,4,2,2,有,無,14860000,65107,坡道平面,80.24,2500000,預售屋、或土地及建物分件登記案件；,RPXOMLKMPHGGFBJ88DA,114.37,0.0,12.66,有,
新埔鎮,房地(土地+建物),田新十二街１６號,106.37,住,,,1080102,土地3建物1車位0,全,三層,透天厝,住家用,鋼筋混凝土造,1091209,180.82,4,2,3,有,有,11300000,62493,,0.0,0,預售屋、或土地及建物分件登記案件；,RPPPMLSKOHGGFBJ68DA,162.28,0.0,18.54,無,
新埔鎮,房地(土地+建物),田新十二街２２巷８號,62.72,住,,,1080108,土地2建物1車位0,全,四層,透天厝,住家用,鋼筋混凝土造,1091209,184.42,4,2,4,有,有,8600000,46633,,0.0,0,預售屋、或土地及建物分件登記案件；,RPUPMLSKOHGGFBJ56DA,177.12,0.0,7.3,無,
新埔鎮,房地(土地+建物),田新十二街２２巷２號,76.28,住,,,1080101,土地2建物1車位0,全,四層,透天厝,住家用,鋼筋混凝土造,1091209,178.36,4,2,4,有,有,9500000,53263,,0.0,0,預售屋、或土地及建物分件登記案件；,RPVPMLSKOHGGFBJ66DA,151.02,0.0,27.34,無,
新埔鎮,房地(土地+建物),新竹縣新埔鎮田新十二街２２巷５號,61.38,住,,,1080119,土地2建物1車位0,全,四層,透天厝,住家用,鋼筋混凝土造,1091209,173.38,4,2,4,有,有,8500000,49025,,0.0,0,預售屋、或土地及建物分件登記案件；,RPSOMLSLOHGGFBJ98DA,148.47,0.0,24.91,無,
新埔鎮,房地(土地+建物),新竹縣新埔鎮田新十二街２２巷６號,68.32,住,,,1080108,土地2建物1車位0,全,四層,透天厝,住家用,鋼筋混凝土造,1091209,176.82,4,2,4,有,有,9200000,52030,,0.0,0,預售屋、或土地及建物分件登記案件；,RPTOMLSLOHGGFBJ09DA,149.66,0.0,27.16,無,
竹東鎮,房地(土地+建物),新竹縣竹東鎮龍鳳路３０之９號七樓,20.99,商,,,1080105,土地1建物1車位0,七層,十五層,住宅大樓(11層含以上有電梯),住家用,鋼筋混凝土造,1100317,118.2,2,2,2,有,有,6410000,54230,,0.0,0,預售屋、或土地及建物分件登記案件；,RPTTMLLMNHGGFCJ98DA,73.12,0.0,8.08,有,
竹東鎮,房地(土地+建物)+車位,新竹縣竹東鎮龍鳳路２８號六樓,24.76,商,,,1080122,土地1建物1車位1,六層,十五層,住宅大樓(11層含以上有電梯),住家用,鋼筋混凝土造,1100317,169.78,2,2,2,有,有,8280000,53157,坡道平面,30.57,880000,預售屋、或土地及建物分件登記案件；,RPORMLLMNHGGFCJ28DA,86.31,0.0,8.56,有,
竹東鎮,房地(土地+建物)+車位,新竹縣竹東鎮龍鳳路３０之５號十二樓,20.99,商,,,1080121,土地1建物1車位1,十二層,十五層,住宅大樓(11層含以上有電梯),住家用,鋼筋混凝土造,1100317,148.85,2,2,2,有,有,7620000,56307,坡道平面,30.57,960000,108.02.28加購車位96萬預售屋、或土地及建物分件登記案件；,RPTSMLLMNHGGFCJ88DA,73.12,0.0,8.16,有,
竹北市,房地(土地+建物)+車位,新竹縣竹北市縣政二路南段６９號,74.92,住,,,1080112,土地1建物1車位2,一層，見其他登記事項,二十層,店面(店鋪),商業用,鋼筋混凝土造,1100520,401.62,0,0,0,無,有,62290000,169816,坡道平面,51.3,2800000,土地買賣價款2974萬建物買賣價款2975萬車位買賣價款280萬預售屋、或土地及建物分件登記案件；,RPPNMLKKPHGGFBJ77DA,220.57,0.0,49.03,有,
竹北市,房地(土地+建物)+車位,新竹縣竹北市縣政二路南段７１號,50.86,住,,,1080112,土地1建物1車位2,一層，見其他登記事項,二十層,店面(店鋪),商業用,鋼筋混凝土造,1100520,289.14,0,0,0,無,有,42390000,166456,坡道平面,51.3,2800000,土地買賣價款1979萬建物買賣價款1980萬車位買賣價款280萬預售屋、或土地及建物分件登記案件；,RPQNMLKKPHGGFBJ87DA,159.81,0.0,23.22,有,
竹北市,房地(土地+建物)+車位,新竹縣竹北市嘉德街１２６號十樓,38.66,住,,,1080120,土地1建物1車位2,十層,二十層,住宅大樓(11層含以上有電梯),住家用,鋼筋混凝土造,1100520,255.38,3,2,2,有,有,21950000,94816,坡道平面,51.3,2600000,土地買賣價款967萬建物買賣價款968萬車位買賣價款260萬預售屋、或土地及建物分件登記案件；,RPQOMLLKPHGGFBJ08DA,125.11,0.0,13.98,有,
竹北市,房地(土地+建物)+車位,新竹縣竹北市嘉德街１２６號十一樓,38.66,住,,,1080112,土地1建物1車位2,十一層,二十層,住宅大樓(11層含以上有電梯),住家用,鋼筋混凝土造,1100520,255.38,3,2,2,有,有,22130000,95698,坡道平面,51.3,2600000,土地買賣價款976萬建物買賣價款977萬車位買賣價款260萬預售屋、或土地及建物分件登記案件；,RPUOMLLKPHGGFBJ48DA,125.11,0.0,13.98,有,
竹東鎮,房地(土地+建物)+車位,新竹縣竹東鎮龍鳳路２２號六樓,16.91,商,,,1080127,土地1建物1車位1,六層,十五層,住宅大樓(11層含以上有電梯),住家用,鋼筋混凝土造,1100317,123.88,2,2,1,有,有,5810000,52084,坡道平面,30.57,950000,預售屋、或土地及建物分件登記案件；,RPPOMLRLOHGGFCJ68DA,58.94,0.0,4.08,有,
竹東鎮,房地(土地+建物)+車位,新竹縣竹東鎮龍鳳路１８之１號四樓,16.61,商,,,1080129,土地1建物1車位1,四層,十五層,住宅大樓(11層含以上有電梯),住家用,鋼筋混凝土造,1100317,122.35,2,2,1,有,有,5830000,53606,坡道平面,30.57,910000,109.11.27讓與價格新台幣492萬109.11.27讓與價格新台幣91萬108.5.8加購停車位新台幣91萬已含入交易總價預售屋、或土地及建物分件登記案件；,RPVOMLRLOHGGFCJ66DA,57.82,0.0,4.25,有,
竹東鎮,房地(土地+建物)+車位,新竹縣竹東鎮龍鳳路３０之３號五樓,20.99,商,,,1080123,土地1建物1車位1,五層,十五層,住宅大樓(11層含以上有電梯),住家用,鋼筋混凝土造,1100317,148.94,2,2,2,有,有,7280000,52547,坡道平面,30.57,1060000,108.3.11讓與價格新台幣728萬預售屋、或土地及建物分件登記案件；,RPTOMLTKOHGGFCJ56DA,73.18,0.0,8.16,有,
竹東鎮,房地(土地+建物)+車位,新竹縣竹東鎮龍鳳路３０之７號十二樓,23.73,商,,,1080126,土地1建物1車位2,十二層,十五層,住宅大樓(11層含以上有電梯),住家用,鋼筋混凝土造,1100317,196.44,2,2,2,有,有,9730000,56984,坡道平面,61.14,2020000,108.5.9加購停車位新台幣101萬已含入交易總價預售屋、或土地及建物分件登記案件；,RPPPMLTKOHGGFCJ88DA,82.68,0.0,10.76,有,
竹北市,房地(土地+建物)+車位,新竹縣竹北市日興一街２８號四樓,17.29,住,,,1080104,土地1建物1車位1,四層,十四層,住宅大樓(11層含以上有電梯),住家用,鋼筋混凝土造,1100603,117.18,2,2,1,有,有,8350000,83224,坡道平面,33.67,1400000,實際成交未執行裝潢＄75萬元，自房地總價中扣除。含裝潢費750000元；預售屋、或土地及建物分件登記案件；,RPVVMLMLOHGGFBJ76DA,48.17,4.78,3.03,有,
竹北市,房地(土地+建物)+車位,新竹縣竹北市日興一街２２號二樓,14.66,住,,,1080121,土地1建物1車位1,二層,十四層,住宅大樓(11層含以上有電梯),住家用,鋼筋混凝土造,1100603,99.19999999999999,1,1,1,有,有,6930000,83626,坡道平面,33.67,1450000,實際成交未執行裝潢＄58萬元，自房地總價中扣除。含裝潢費580000元；預售屋、或土地及建物分件登記案件；,RPVPMLOLOHGGFBJ98DA,39.47,1.27,3.2,有,
竹北市,房地(土地+建物)+車位,新竹縣竹北市社崙二街２０號六樓,37.6,住,,,1080126,土地1建物1車位1,六層,十四層,住宅大樓(11層含以上有電梯),住家用,鋼筋混凝土造,1100610,270.08000000000004,4,2,2,有,無,13930000,63896,坡道平面,80.24,1800000,預售屋、或土地及建物分件登記案件；,RPURMLKMPHGGFBJ88DA,114.37,0.0,12.66,有,
竹北市,房地(土地+建物)+車位,新竹縣竹北市勝利十街８５號十樓之五,30.92,住,,,1080101,土地1建物1車位2,十層,十二層,住宅大樓(11層含以上有電梯),住家用,鋼筋混凝土造,1100601,205.49,4,2,2,有,有,13000000,73503,坡道平面,64.0,2600000,預售屋,RPRTMLOJQHGGFBJ98DA,90.45,0.0,7.49,有,
竹北市,房地(土地+建物)+車位,新竹縣竹北市社崙二街２２號四樓,31.99,住,,,1080118,土地1建物1車位1,四層,十五層,住宅大樓(11層含以上有電梯),住家用,鋼筋混凝土造,1100610,238.95,3,2,2,有,無,11380000,59628,坡道平面,76.61,1700000,預售屋、或土地及建物分件登記案件；,RPXSMLKMPHGGFBJ66DA,95.05,0.0,10.8,有,
竹北市,房地(土地+建物)+車位,新竹縣竹北市勝利十街８５號十二樓之二,36.62,住,,,1080105,土地1建物1車位2,十二層，見其他登記事項,十二層,住宅大樓(11層含以上有電梯),住家用,鋼筋混凝土造,1100601,234.95999999999998,4,2,2,有,有,17200000,86570,坡道平面,64.0,2400000,預售屋,RPRRMLOJQHGGFBJ78DA,109.52,0.0,8.83,有,
竹北市,房地(土地+建物)+車位,新竹縣竹北市勝利十街８５號十樓之二,29.62,住,,,1080126,土地1建物1車位1,十層,十二層,住宅大樓(11層含以上有電梯),住家用,鋼筋混凝土造,1100601,175.41,4,2,2,有,有,12360000,77122,坡道平面,32.0,1300000,預售屋,RPORMLOJQHGGFBJ48DA,91.73,0.0,7.55,有,
竹東鎮,房地(土地+建物)+車位,新竹縣竹東鎮龍鳳路２２之１號六樓,17.04,商,,,1080120,土地1建物1車位1,六層,十五層,住宅大樓(11層含以上有電梯),住家用,鋼筋混凝土造,1100317,124.38,2,2,1,有,有,6150000,54259,坡道平面,30.57,1060000,預售屋、或土地及建物分件登記案件；,RPTNMLSJQHGGFCJ09DA,59.45,0.0,3.84,有,
竹北市,房地(土地+建物)+車位,新竹縣竹北市日興一街２８號六樓,17.55,住,,,1080125,土地1建物1車位1,六層,十四層,住宅大樓(11層含以上有電梯),住家用,鋼筋混凝土造,1100603,120.16,2,2,1,有,有,8750000,87404,坡道平面,36.64,1450000,實際成交未執行裝潢＄75萬元，自房地總價中扣除。含裝潢費750000元；預售屋、或土地及建物分件登記案件；,RPWQMLNLOHGGFBJ09DA,48.17,4.78,3.03,有,
竹北市,房地(土地+建物)+車位,新竹縣竹北市日興一街８號十樓,22.0,住,,,1080119,土地1建物1車位1,十層,十四層,住宅大樓(11層含以上有電梯),住家用,鋼筋混凝土造,1100603,150.53,3,2,2,有,有,11510000,88331,坡道平面,36.64,1450000,實際成交未執行裝潢＄101萬元，自房地總價中扣除。含裝潢費1010000元；預售屋、或土地及建物分件登記案件；,RPTOMLMLOHGGFBJ48DA,69.19,3.87,3.22,有,
竹北市,房地(土地+建物)+車位,新竹縣竹北市社崙二街２２號六樓,29.0,住,,,1080128,土地1建物1車位1,六層,十五層,住宅大樓(11層含以上有電梯),住家用,鋼筋混凝土造,1100610,202.45999999999998,3,2,2,有,無,11630000,63324,坡道平面,40.12,1350000,預售屋、或土地及建物分件登記案件；,RPQTMLKMPHGGFBJ68DA,95.05,0.0,10.8,有,
竹東鎮,房地(土地+建物)+車位,龍鳳路２８號十二樓,24.76,商,,,1071229,土地1建物1車位1,十二層,十五層,住宅大樓(11層含以上有電梯),住家用,鋼筋混凝土造,1100317,169.78,2,2,2,有,有,8800000,55959,坡道平面,30.57,1010000,預售屋、或土地及建物分件登記案件；,RPPPNLQLNHGGFCJ68DA,86.31,0.0,8.56,有,
竹東鎮,房地(土地+建物)+車位,新竹縣竹東鎮龍鳳路３０之９號五樓,20.99,商,,,1071218,土地1建物1車位1,五層,十五層,住宅大樓(11層含以上有電梯),住家用,鋼筋混凝土造,1100317,148.76999999999998,2,2,2,有,有,7430000,54738,坡道平面,30.57,960000,預售屋、或土地及建物分件登記案件；,RPQQMLLMNHGGFCJ38DA,73.12,0.0,8.08,有,
竹東鎮,房地(土地+建物)+車位,新竹縣竹東鎮龍鳳路３０之３號十一樓,20.99,商,,,1071231,土地1建物1車位1,十一層,十五層,住宅大樓(11層含以上有電梯),住家用,鋼筋混凝土造,1100317,148.94,2,2,2,有,有,7550000,56180,坡道平面,30.57,900000,預售屋、或土地及建物分件登記案件；,RPTOMLQJOHGGFCJ78DA,73.18,0.0,8.16,有,
竹東鎮,房地(土地+建物)+車位,新竹縣竹東鎮龍鳳路３０之３號十二樓,20.99,商,,,1071204,土地1建物1車位1,十二層,十五層,住宅大樓(11層含以上有電梯),住家用,鋼筋混凝土造,1100317,148.94,2,2,2,有,有,7580000,56349,坡道平面,30.57,910000,預售屋、或土地及建物分件登記案件；,RPUOMLQJOHGGFCJ88DA,73.18,0.0,8.16,有,
竹北市,房地(土地+建物)+車位,新竹縣竹北市復興二路２６１號十八樓之二,21.0,商,,,1071228,土地1建物1車位1,十八層,二十四層,住宅大樓(11層含以上有電梯),住家用,鋼筋混凝土造,1091226,208.15,3,2,2,有,有,21470000,111924,坡道平面,30.35,1570000,預售屋、或土地及建物分件登記案件；,RPRPMLPKOHGGFBJ58DA,98.21,12.56,4.34,有,
竹北市,房地(土地+建物)+車位,新竹縣竹北市復興二路２５５號十九樓之二,8.45,商,,,1071227,土地1建物1車位1,十九層,二十四層,住宅大樓(11層含以上有電梯),住家用,鋼筋混凝土造,1091226,104.06,1,1,1,有,有,9660000,110297,坡道平面,30.35,1530000,預售屋、或土地及建物分件登記案件；,RPVTMLLKOHGGFBJ98DA,39.34,5.17,3.22,有,
竹東鎮,房地(土地+建物)+車位,新竹縣竹東鎮龍鳳路１６號十二樓,24.76,商,,,1071218,土地1建物1車位2,十二層,十五層,住宅大樓(11層含以上有電梯),住家用,鋼筋混凝土造,1100317,200.31,2,2,2,有,有,9900000,56262,坡道平面,61.14,2070000,108.3.29加購停車位新台幣 101萬已含入交易總價預售屋、或土地及建物分件登記案件；,RPTNMLMKOHGGFCJ38DA,86.31,0.0,8.56,有,
竹北市,房地(土地+建物)+車位,新竹縣竹北市嘉德街１２６號八樓,38.66,住,,,1071205,土地1建物1車位2,八層,二十層,住宅大樓(11層含以上有電梯),住家用,鋼筋混凝土造,1100520,255.38,3,2,2,有,有,21580000,93003,坡道平面,51.3,2600000,土地買賣價款949萬建物買賣價款949萬車位買賣價款260萬預售屋、或土地及建物分件登記案件；,RPSNMLLKPHGGFBJ18DA,125.11,0.0,13.98,有,
竹北市,房地(土地+建物)+車位,新竹縣竹北市嘉德街１２８號十樓,47.25,住,,,1071216,土地1建物1車位2,十層,二十層,住宅大樓(11層含以上有電梯),住家用,鋼筋混凝土造,1100520,300.68,4,2,2,有,有,26230000,93953,坡道平面,51.3,2800000,土地買賣價款1171萬建物買賣價款1172萬車位買賣價款280萬預售屋、或土地及建物分件登記案件；,RPOOMLLKPHGGFBJ87DA,153.06,0.0,16.94,有,
竹北市,房地(土地+建物)+車位,新竹縣竹北市嘉德街１２２號十樓,43.22,住,,,1071214,土地1建物1車位2,十層,二十層,住宅大樓(11層含以上有電梯),住家用,鋼筋混凝土造,1100520,279.43,4,2,2,有,有,24430000,95691,坡道平面,51.3,2600000,土地買賣價款1091萬建物買賣價款1092萬車位買賣價款260萬預售屋、或土地及建物分件登記案件；,RPPOMLLKPHGGFBJ97DA,139.99,0.0,15.52,有,
竹北市,房地(土地+建物)+車位,新竹縣竹北市嘉德街１２６號十二樓,38.66,住,,,1071201,土地1建物1車位2,十二層,二十層,住宅大樓(11層含以上有電梯),住家用,鋼筋混凝土造,1100520,255.38,3,2,2,有,有,22510000,96580,坡道平面,51.3,2800000,土地買賣價款985萬建物買賣價款986萬車位買賣價款280萬預售屋、或土地及建物分件登記案件；,RPOPMLLKPHGGFBJ97DA,125.11,0.0,13.98,有,
竹北市,房地(土地+建物)+車位,新竹縣竹北市嘉德街１２８號十八樓,47.25,住,,,1071203,土地1建物1車位2,十八層,二十層,住宅大樓(11層含以上有電梯),住家用,鋼筋混凝土造,1100520,300.68,4,2,2,有,有,28460000,102895,坡道平面,51.3,2800000,土地買賣價款1283萬建物買賣價款1283萬車位買賣價款280萬預售屋、或土地及建物分件登記案件；,RPSOMLMKPHGGFBJ38DA,153.06,0.0,16.94,有,
竹東鎮,房地(土地+建物)+車位,新竹縣竹東鎮龍鳳路１６之１號七樓,24.76,商,,,1071210,土地1建物1車位1,七層,十五層,住宅大樓(11層含以上有電梯),住家用,鋼筋混凝土造,1100317,169.8,2,2,2,有,有,8800000,55951,坡道平面,30.57,1010000,預售屋、或土地及建物分件登記案件；,RPXOMLRLOHGGFCJ86DA,86.33,0.0,8.56,有,
竹北市,房地(土地+建物)+車位,新竹縣竹北市日興一街２６號四樓,18.42,住,,,1071229,土地1建物1車位1,四層,十四層,住宅大樓(11層含以上有電梯),住家用,鋼筋混凝土造,1100603,124.75,2,2,1,有,有,9060000,83553,坡道平面,33.67,1450000,實際成交未執行裝潢＄81萬元，自房地總價中扣除。含裝潢費810000元；預售屋、或土地及建物分件登記案件；,RPRTMLMLOHGGFBJ78DA,54.88,3.0,3.17,有,
竹北市,房地(土地+建物)+車位,新竹縣竹北市日興一街２６號九樓,18.42,住,,,1071209,土地1建物1車位1,九層,十四層,住宅大樓(11層含以上有電梯),住家用,鋼筋混凝土造,1100603,124.75,2,2,1,有,有,9560000,89043,坡道平面,33.67,1450000,實際成交未執行裝潢＄81萬元，自房地總價中扣除。含裝潢費810000元；預售屋、或土地及建物分件登記案件；,RPOSMLNLOHGGFBJ48DA,54.88,3.0,3.17,有,
竹東鎮,房地(土地+建物)+車位,龍鳳路１８號九樓,16.61,商,,,1071116,土地1建物1車位1,九層,十五層,住宅大樓(11層含以上有電梯),住家用,鋼筋混凝土造,1100317,122.35,2,2,1,有,有,5940000,54260,坡道平面,30.57,960000,預售屋、或土地及建物分件登記案件；,RPWONLQLNHGGFCJ66DA,57.82,0.0,4.25,有,
竹東鎮,房地(土地+建物)+車位,龍鳳路３０之６號十二樓,27.8,商,,,1071125,土地1建物1車位1,十二層,十五層,住宅大樓(11層含以上有電梯),住家用,鋼筋混凝土造,1100317,186.53,2,2,2,有,有,10040000,57258,坡道平面,30.57,1110000,預售屋、或土地及建物分件登記案件；,RPQQNLQLNHGGFCJ88DA,96.85,0.0,10.09,有,
竹北市,房地(土地+建物)+車位,興隆路一段４６７號十五樓之二,31.39,住,,,1071118,土地1建物1車位2,十五層,十八層,住宅大樓(11層含以上有電梯),住家用,鋼筋混凝土造,1100209,230.95,3,2,2,有,有,19150000,94241,坡道平面,59.58,3000000,預售屋、或土地及建物分件登記案件；,RPTSMLTKMHGGFBJ66DA,98.07,3.77,7.49,有,
竹北市,房地(土地+建物)+車位,新竹縣竹北市復興二路２６１號十七樓之二,21.0,商,,,1071111,土地1建物1車位1,十七層,二十四層,住宅大樓(11層含以上有電梯),住家用,鋼筋混凝土造,1091226,208.15,3,2,2,有,有,20230000,105737,坡道平面,30.35,1430000,預售屋、或土地及建物分件登記案件；,RPQPMLPKOHGGFBJ48DA,98.21,12.56,4.34,有,
竹東鎮,房地(土地+建物)+車位,新竹縣竹東鎮龍鳳路２８之１號七樓,24.76,商,,,1071130,土地1建物1車位1,七層,十五層,住宅大樓(11層含以上有電梯),住家用,鋼筋混凝土造,1100317,169.8,3,2,2,有,有,8700000,55591,坡道平面,30.57,960000,預售屋、或土地及建物分件登記案件；,RPWNMLQKOHGGFCJ09DA,86.33,0.0,8.56,有,
竹北市,房地(土地+建物)+車位,新竹縣竹北市嘉德街１２０號三樓,50.41,住,,,1071130,土地1建物1車位4,三層,二十層,住宅大樓(11層含以上有電梯),住家用,鋼筋混凝土造,1100520,368.73,4,2,3,有,有,28500000,88303,坡道平面,102.6,5000000,土地買賣價款1175萬建物買賣價款1175萬車位買賣價款500萬預售屋、或土地及建物分件登記案件；,RPXNMLKKPHGGFBJ58DA,164.45,0.0,16.94,有,
竹北市,房地(土地+建物)+車位,新竹縣竹北市嘉德街１２８號五樓,47.25,住,,,1071111,土地1建物1車位2,五層,二十層,住宅大樓(11層含以上有電梯),住家用,鋼筋混凝土造,1100520,300.68,4,2,2,有,有,24910000,89462,坡道平面,51.3,2600000,土地買賣價款1115萬建物買賣價款1116萬車位買賣價款260萬預售屋、或土地及建物分件登記案件；,RPWOMLKKPHGGFBJ58DA,153.06,0.0,16.94,有,
竹北市,房地(土地+建物)+車位,新竹縣竹北市嘉德街１２２號六樓,43.22,住,,,1071118,土地1建物1車位2,六層,二十層,住宅大樓(11層含以上有電梯),住家用,鋼筋混凝土造,1100520,279.43,4,2,2,有,有,23630000,92184,坡道平面,51.3,2600000,土地買賣價款1051萬建物買賣價款1052萬車位買賣價款260萬預售屋、或土地及建物分件登記案件；,RPQPMLKKPHGGFBJ08DA,139.99,0.0,15.52,有,
竹北市,房地(土地+建物)+車位,新竹縣竹北市嘉德街１２６號六樓,38.66,住,,,1071119,土地1建物1車位2,六層,二十層,住宅大樓(11層含以上有電梯),住家用,鋼筋混凝土造,1100520,255.38,3,2,2,有,有,21220000,91239,坡道平面,51.3,2600000,土地買賣價款931萬建物買賣價款931萬車位買賣價款260萬預售屋、或土地及建物分件登記案件；,RPRPMLKKPHGGFBJ18DA,125.11,0.0,13.98,有,
竹北市,房地(土地+建物)+車位,新竹縣竹北市嘉德街１２８號七樓,47.25,住,,,1071107,土地1建物1車位2,七層,二十層,住宅大樓(11層含以上有電梯),住家用,鋼筋混凝土造,1100520,300.68,4,2,2,有,有,25560000,91266,坡道平面,51.3,2800000,土地買賣價款1138萬建物買賣價款1138萬車位買賣價款280萬預售屋、或土地及建物分件登記案件；,RPTPMLKKPHGGFBJ38DA,153.06,0.0,16.94,有,
竹北市,房地(土地+建物)+車位,新竹縣竹北市嘉德街１２６號七樓,38.66,住,,,1071125,土地1建物1車位2,七層,二十層,住宅大樓(11層含以上有電梯),住家用,鋼筋混凝土造,1100520,255.38,3,2,2,有,有,21400000,92121,坡道平面,51.3,2600000,土地買賣價款940萬建物買賣價款940萬車位買賣價款260萬預售屋、或土地及建物分件登記案件；,RPUPMLKKPHGGFBJ48DA,125.11,0.0,13.98,有,
竹北市,房地(土地+建物)+車位,新竹縣竹北市嘉德街１２８號八樓,47.25,住,,,1071110,土地1建物1車位2,八層,二十層,住宅大樓(11層含以上有電梯),住家用,鋼筋混凝土造,1100520,300.68,4,2,2,有,有,26250000,94033,坡道平面,51.3,2800000,土地買賣價款1172萬建物買賣價款1173萬車位買賣價款280萬預售屋、或土地及建物分件登記案件；,RPQNMLLKPHGGFBJ97DA,153.06,0.0,16.94,有,
竹北市,房地(土地+建物)+車位,新竹縣竹北市嘉德街１２６號九樓,38.66,住,,,1071112,土地1建物1車位2,九層,二十層,住宅大樓(11層含以上有電梯),住家用,鋼筋混凝土造,1100520,255.38,3,2,2,有,有,21760000,93885,坡道平面,51.3,2600000,土地買賣價款958萬建物買賣價款958萬車位買賣價款260萬預售屋、或土地及建物分件登記案件；,RPWNMLLKPHGGFBJ58DA,125.11,0.0,13.98,有,
竹北市,房地(土地+建物)+車位,新竹縣竹北市嘉德街１２８號十一樓,47.25,住,,,1071103,土地1建物1車位2,十一層,二十層,住宅大樓(11層含以上有電梯),住家用,鋼筋混凝土造,1100520,300.68,4,2,2,有,有,26450000,94835,坡道平面,51.3,2800000,土地買賣價款1182萬建物買賣價款1183萬車位買賣價款280萬預售屋、或土地及建物分件登記案件；,RPSOMLLKPHGGFBJ28DA,153.06,0.0,16.94,有,
竹北市,房地(土地+建物)+車位,新竹縣竹北市嘉德街１２８號十二樓,47.25,住,,,1071110,土地1建物1車位2,十二層,二十層,住宅大樓(11層含以上有電梯),住家用,鋼筋混凝土造,1100520,300.68,4,2,2,有,有,26470000,95717,坡道平面,51.3,2600000,土地買賣價款1193萬建物買賣價款1194萬車位買賣價款260萬預售屋、或土地及建物分件登記案件；,RPWOMLLKPHGGFBJ68DA,153.06,0.0,16.94,有,
竹北市,房地(土地+建物)+車位,新竹縣竹北市嘉德街１２２號十三樓,43.22,住,,,1071106,土地1建物1車位2,十三層,二十層,住宅大樓(11層含以上有電梯),住家用,鋼筋混凝土造,1100520,279.43,4,2,2,有,有,25050000,98409,坡道平面,51.3,2600000,土地買賣價款1122萬建物買賣價款1123萬車位買賣價款260萬預售屋、或土地及建物分件登記案件；,RPSPMLLKPHGGFBJ38DA,139.99,0.0,15.52,有,
竹北市,房地(土地+建物)+車位,新竹縣竹北市嘉德街１２６號十三樓,38.66,住,,,1071111,土地1建物1車位2,十三層,二十層,住宅大樓(11層含以上有電梯),住家用,鋼筋混凝土造,1100520,255.38,3,2,2,有,有,22490000,97462,坡道平面,51.3,2600000,土地買賣價款994萬建物買賣價款995萬車位買賣價款260萬預售屋、或土地及建物分件登記案件；,RPTPMLLKPHGGFBJ48DA,125.11,0.0,13.98,有,
竹北市,房地(土地+建物)+車位,新竹縣竹北市嘉德街１２８號十四樓,47.25,住,,,1071104,土地1建物1車位3,十四層,二十層,住宅大樓(11層含以上有電梯),住家用,鋼筋混凝土造,1100520,339.9,4,2,2,有,有,28800000,97438,坡道平面,90.51,4500000,土地買賣價款1215萬建物買賣價款1215萬車位買賣價款450萬預售屋、或土地及建物分件登記案件；,RPVPMLLKPHGGFBJ68DA,153.06,0.0,16.94,有,
竹北市,房地(土地+建物)+車位,新竹縣竹北市嘉德街１２２號十四樓,43.22,住,,,1071103,土地1建物1車位2,十四層,二十層,住宅大樓(11層含以上有電梯),住家用,鋼筋混凝土造,1100520,279.43,4,2,2,有,有,25250000,99285,坡道平面,51.3,2600000,土地買賣價款1132萬建物買賣價款1133萬車位買賣價款260萬預售屋、或土地及建物分件登記案件；,RPWPMLLKPHGGFBJ78DA,139.99,0.0,15.52,有,
竹北市,房地(土地+建物)+車位,新竹縣竹北市嘉德街１２８號十五樓,47.25,住,,,1071125,土地1建物1車位2,十五層,二十層,住宅大樓(11層含以上有電梯),住家用,鋼筋混凝土造,1100520,300.68,4,2,2,有,有,27300000,98244,坡道平面,51.3,2800000,土地買賣價款1225萬建物買賣價款1225萬車位買賣價款280萬預售屋、或土地及建物分件登記案件；,RPPQMLLKPHGGFBJ18DA,153.06,0.0,16.94,有,
竹北市,房地(土地+建物)+車位,新竹縣竹北市嘉德街１２８號十六樓,47.25,住,,,1071107,土地1建物1車位3,十六層,二十層,住宅大樓(11層含以上有電梯),住家用,鋼筋混凝土造,1100520,326.33000000000004,4,2,2,有,有,29210000,99888,坡道平面,76.95,4300000,土地買賣價款1245萬建物買賣價款1246萬車位買賣價款430萬預售屋、或土地及建物分件登記案件；,RPUNMLMKPHGGFBJ48DA,153.06,0.0,16.94,有,
竹北市,房地(土地+建物)+車位,新竹縣竹北市嘉德街１２８號十七樓,47.25,住,,,1071107,土地1建物1車位2,十七層,二十層,住宅大樓(11層含以上有電梯),住家用,鋼筋混凝土造,1100520,300.68,4,2,2,有,有,28280000,101371,坡道平面,51.3,3000000,土地買賣價款1264萬建物買賣價款1264萬車位買賣價款300萬預售屋、或土地及建物分件登記案件；,RPOOMLMKPHGGFBJ97DA,153.06,0.0,16.94,有,
竹北市,房地(土地+建物)+車位,新竹縣竹北市嘉德街１２２號五樓,43.22,住,,,1071120,土地1建物1車位2,五層,二十層,住宅大樓(11層含以上有電梯),住家用,鋼筋混凝土造,1100520,279.43,4,2,2,有,有,23420000,91264,坡道平面,51.3,2600000,土地買賣價款1041萬建物買賣價款1041萬車位買賣價款260萬預售屋、或土地及建物分件登記案件；,RPSQMLMKPHGGFBJ58DA,139.99,0.0,15.52,有,
竹北市,房地(土地+建物)+車位,新竹縣竹北市嘉德街１２０號十六樓,50.41,住,,,1071107,土地1建物1車位2,十六層,二十層,住宅大樓(11層含以上有電梯),住家用,鋼筋混凝土造,1100520,331.01,4,2,3,有,有,30030000,100808,坡道平面,64.86,3200000,土地買賣價款1341萬建物買賣價款1342萬車位買賣價款320萬預售屋、或土地及建物分件登記案件；,RPSRMLMKPHGGFBJ68DA,164.45,0.0,16.94,有,
竹北市,房地(土地+建物)+車位,新竹縣竹北市嘉德街１２０號十二樓,50.41,住,,,1071117,土地1建物1車位2,十二層,二十層,住宅大樓(11層含以上有電梯),住家用,鋼筋混凝土造,1100520,317.44,4,2,3,有,有,28530000,96678,坡道平面,51.3,2800000,土地買賣價款1286萬建物買賣價款1287萬車位買賣價款280萬預售屋、或土地及建物分件登記案件；,RPVQMLOKPHGGFBJ09DA,164.45,0.0,16.94,有,
竹東鎮,房地(土地+建物)+車位,新竹縣竹東鎮龍鳳路２８號七樓,24.76,商,,,1071103,土地1建物1車位1,七層,十五層,住宅大樓(11層含以上有電梯),住家用,鋼筋混凝土造,1100317,169.78,2,2,2,有,有,8720000,55025,坡道平面,30.57,1060000,預售屋、或土地及建物分件登記案件；,RPOPMLKMOHGGFCJ08DA,86.31,0.0,8.56,有,
竹東鎮,房地(土地+建物),新竹縣竹東鎮龍鳳路２６之１號四樓,16.61,商,,,1071116,土地1建物1車位0,四層,十五層,住宅大樓(11層含以上有電梯),住家用,鋼筋混凝土造,1100317,91.78,2,2,1,有,有,4860000,52953,,0.0,0,預售屋、或土地及建物分件登記案件；,RPTNMLLJPHGGFCJ28DA,57.82,0.0,4.25,有,
竹北市,房地(土地+建物)+車位,新竹縣竹北市日興一街８號六樓,22.0,住,,,1071124,土地1建物1車位1,六層,十四層,住宅大樓(11層含以上有電梯),住家用,鋼筋混凝土造,1100603,150.53,3,2,2,有,有,11510000,88331,坡道平面,36.64,1450000,實際成交未執行裝潢＄101萬元，自房地總價中扣除。含裝潢費1010000元；預售屋、或土地及建物分件登記案件；,RPVNMLOLOHGGFBJ78DA,69.19,3.87,3.22,有,
竹東鎮,房地(土地+建物)+車位,龍鳳路２６號四樓,16.61,商,,,1071006,土地1建物1車位1,四層,十五層,住宅大樓(11層含以上有電梯),住家用,鋼筋混凝土造,1100317,122.35,2,2,1,有,有,5760000,52299,坡道平面,30.57,960000,預售屋、或土地及建物分件登記案件；,RPVVMLQLNHGGFCJ17DA,57.82,0.0,4.25,有,
竹東鎮,房地(土地+建物)+車位,龍鳳路３０之８號十五樓,20.99,商,,,1071027,土地1建物1車位1,十五層,十五層,住宅大樓(11層含以上有電梯),住家用,鋼筋混凝土造,1100317,148.76999999999998,2,2,2,有,有,7700000,56599,坡道平面,30.57,1010000,預售屋、或土地及建物分件登記案件；,RPRWMLQLNHGGFCJ86DA,73.12,0.0,8.08,有,
竹東鎮,房地(土地+建物)+車位,龍鳳路３０之６號四樓,27.8,商,,,1071007,土地1建物1車位1,四層,十五層,住宅大樓(11層含以上有電梯),住家用,鋼筋混凝土造,1100317,186.53,4,2,2,有,有,9560000,54822,坡道平面,30.57,1010000,109.09.07轉讓金額1010萬元整預售屋、或土地及建物分件登記案件；,RPOQNLQLNHGGFCJ68DA,96.85,0.0,10.09,有,
竹東鎮,房地(土地+建物)+車位,龍鳳路３０之６號五樓,27.8,商,,,1071025,土地1建物1車位1,五層,十五層,住宅大樓(11層含以上有電梯),住家用,鋼筋混凝土造,1100317,186.53,2,2,2,有,有,9530000,54245,坡道平面,30.57,1070000,109.06.10轉讓金額995萬元整預售屋、或土地及建物分件登記案件；,RPPQNLQLNHGGFCJ78DA,96.85,0.0,10.09,有,
竹東鎮,房地(土地+建物)+車位,新竹縣竹東鎮龍鳳路１６之１號九樓,24.76,商,,,1071027,土地1建物1車位1,九層,十五層,住宅大樓(11層含以上有電梯),住家用,鋼筋混凝土造,1100317,169.8,2,2,2,有,有,8950000,56310,坡道平面,30.57,1110000,預售屋、或土地及建物分件登記案件；,RPUPMLLMNHGGFCJ68DA,86.33,0.0,8.56,有,
竹東鎮,房地(土地+建物)+車位,新竹縣竹東鎮龍鳳路２０之１號十一樓,17.04,商,,,1071029,土地1建物1車位1,十一層,十五層,住宅大樓(11層含以上有電梯),住家用,鋼筋混凝土造,1100317,124.38,2,2,1,有,有,6030000,54578,坡道平面,30.57,910000,預售屋、或土地及建物分件登記案件；,RPVRMLLMNHGGFCJ98DA,59.45,0.0,3.84,有,
竹東鎮,房地(土地+建物)+車位,新竹縣竹東鎮龍鳳路３０之７號四樓,23.73,商,,,1071002,土地1建物1車位1,四層,十五層,住宅大樓(11層含以上有電梯),住家用,鋼筋混凝土造,1100317,165.87,2,2,2,有,有,8260000,53954,坡道平面,30.57,960000,預售屋、或土地及建物分件登記案件；,RPQSMLLMNHGGFCJ58DA,82.68,0.0,10.76,有,
竹東鎮,房地(土地+建物)+車位,新竹縣竹東鎮龍鳳路３０之３號四樓,20.99,商,,,1071004,土地1建物1車位1,四層,十五層,住宅大樓(11層含以上有電梯),住家用,鋼筋混凝土造,1100317,148.94,2,2,2,有,有,7270000,53307,坡道平面,30.57,960000,109.11.28轉讓金額727萬預售屋、或土地及建物分件登記案件；,RPSSMLLMNHGGFCJ78DA,73.18,0.0,8.16,有,
竹東鎮,房地(土地+建物)+車位,新竹縣竹東鎮龍鳳路１６之１號十四樓,24.76,商,,,1071013,土地1建物1車位1,十四層,十五層,住宅大樓(11層含以上有電梯),住家用,鋼筋混凝土造,1100317,169.8,2,2,2,有,有,8900000,56310,坡道平面,30.57,1060000,預售屋、或土地及建物分件登記案件；,RPTPMLQJOHGGFCJ88DA,86.33,0.0,8.56,有,
竹北市,房地(土地+建物)+車位,新竹縣竹北市復興二路２６１號二十樓之二,21.0,商,,,1071011,土地1建物1車位1,二十層,二十四層,住宅大樓(11層含以上有電梯),住家用,鋼筋混凝土造,1091226,210.66,3,2,2,有,有,20940000,108702,坡道平面,30.35,1340000,預售屋、或土地及建物分件登記案件；,RPSPMLPKOHGGFBJ68DA,98.21,9.6,8.9,有,
竹北市,房地(土地+建物)+車位,新竹縣竹北市復興二路２６１號五樓之三,8.63,商,,,1071013,土地1建物1車位1,五層,二十四層,住宅大樓(11層含以上有電梯),住家用,鋼筋混凝土造,1091226,106.1,1,1,1,有,有,9260000,106007,坡道平面,30.35,1230000,預售屋、或土地及建物分件登記案件；,RPUPMLPKOHGGFBJ88DA,40.17,5.21,3.66,有,
竹北市,房地(土地+建物)+車位,新竹縣竹北市復興二路２５７號十四樓之一,8.31,商,,,1071016,土地1建物1車位1,十四層,二十四層,住宅大樓(11層含以上有電梯),住家用,鋼筋混凝土造,1091226,103.72,1,1,1,有,有,9330000,106310,坡道平面,30.35,1530000,預售屋、或土地及建物分件登記案件；,RPSQNLLKOHGGFBJ48DA,38.59,5.21,3.77,有,
竹東鎮,房地(土地+建物)+車位,新竹縣竹東鎮龍鳳路２０號四樓,16.91,商,,,1071015,土地1建物1車位1,四層,十五層,住宅大樓(11層含以上有電梯),住家用,鋼筋混凝土造,1100317,123.88,2,2,1,有,有,5730000,51656,坡道平面,30.57,910000,預售屋、或土地及建物分件登記案件；,RPTOMLKMOHGGFCJ48DA,58.94,0.0,4.08,有,
竹東鎮,房地(土地+建物)+車位,新竹縣竹東鎮龍鳳路２８之１號四樓,24.76,商,,,1071018,土地1建物1車位1,四層,十五層,住宅大樓(11層含以上有電梯),住家用,鋼筋混凝土造,1100317,169.8,3,2,2,有,有,8460000,53509,坡道平面,30.57,1010000,預售屋、或土地及建物分件登記案件；,RPQPMLKMOHGGFCJ28DA,86.33,0.0,8.56,有,
竹東鎮,房地(土地+建物)+車位,新竹縣竹東鎮龍鳳路２２之１號四樓,17.04,商,,,1071001,土地1建物1車位1,四層,十五層,住宅大樓(11層含以上有電梯),住家用,鋼筋混凝土造,1100317,124.38,2,2,1,有,有,5840000,52340,坡道平面,30.57,930000,108.12.26 加購停車位新台幣 93萬已含入交易總價預售屋、或土地及建物分件登記案件；,RPWNMLLJPHGGFCJ58DA,59.45,0.0,3.84,有,
竹東鎮,房地(土地+建物)+車位,新竹縣竹東鎮龍鳳路３０之３號十四樓,20.99,商,,,1071009,土地1建物1車位1,十四層,十五層,住宅大樓(11層含以上有電梯),住家用,鋼筋混凝土造,1100317,148.94,2,2,2,有,有,7520000,55842,坡道平面,30.57,910000,預售屋、或土地及建物分件登記案件；,RPQNMLMJPHGGFCJ08DA,73.18,0.0,8.16,有,
竹東鎮,房地(土地+建物)+車位,新竹縣竹東鎮龍鳳路１６之１號六樓,24.76,商,,,1071006,土地1建物1車位1,六層,十五層,住宅大樓(11層含以上有電梯),住家用,鋼筋混凝土造,1100317,169.8,2,2,2,有,有,8690000,55161,坡道平面,30.57,1010000,預售屋、或土地及建物分件登記案件；,RPRNMLTLPHGGFCJ09DA,86.33,0.0,8.56,有,
竹東鎮,房地(土地+建物)+車位,新竹縣竹東鎮龍鳳路２８之１號五樓,24.76,商,,,1071013,土地1建物1車位1,五層,十五層,住宅大樓(11層含以上有電梯),住家用,鋼筋混凝土造,1100317,169.8,3,2,2,有,有,8800000,55232,坡道平面,30.57,1110000,預售屋、或土地及建物分件登記案件；,RPVOMLSLPHGGFCJ86DA,86.33,0.0,8.56,有,
竹東鎮,房地(土地+建物)+車位,龍鳳路１６號十四樓,24.76,商,,,1070928,土地1建物1車位1,十四層,十五層,住宅大樓(11層含以上有電梯),住家用,鋼筋混凝土造,1100317,169.75,3,2,2,有,有,8770000,55755,坡道平面,30.57,1010000,109.11.28轉讓金額892萬元正預售屋、或土地及建物分件登記案件；,RPUWMLQLNHGGFCJ17DA,86.31,0.0,8.56,有,1224
竹東鎮,房地(土地+建物)+車位,龍鳳路１８之１號九樓,16.61,商,,,1070914,土地1建物1車位1,九層,十五層,住宅大樓(11層含以上有電梯),住家用,鋼筋混凝土造,1100317,122.35,2,2,1,有,有,6050000,55459,坡道平面,30.57,960000,預售屋、或土地及建物分件登記案件；,RPSNNLQLNHGGFCJ78DA,57.82,0.0,4.25,有,
竹東鎮,房地(土地+建物)+車位,龍鳳路３０之６號六樓,27.8,商,,,1070913,土地1建物1車位2,六層,十五層,住宅大樓(11層含以上有電梯),住家用,鋼筋混凝土造,1100317,217.1,2,2,2,有,有,10670000,55463,坡道平面,61.14,2020000,預售屋、或土地及建物分件登記案件；,RPVNNLQLNHGGFCJ09DA,96.85,0.0,10.09,有,
竹東鎮,房地(土地+建物)+車位,龍鳳路３０之７號六樓,23.73,商,,,1070902,土地1建物1車位1,六層,十五層,住宅大樓(11層含以上有電梯),住家用,鋼筋混凝土造,1100317,165.87,2,2,2,有,有,8270000,53289,坡道平面,30.57,1060000,預售屋、或土地及建物分件登記案件；,RPOONLQLNHGGFCJ48DA,82.68,0.0,10.76,有,
竹東鎮,房地(土地+建物),新竹縣竹東鎮龍鳳路１６號七樓,24.76,商,,,1070928,土地1建物1車位0,七層,十五層,住宅大樓(11層含以上有電梯),住家用,鋼筋混凝土造,1100317,139.18,2,2,2,有,有,7610000,54677,,0.0,0,預售屋、或土地及建物分件登記案件；,RPUTMLLMNHGGFCJ09DA,86.31,0.0,8.56,有,
竹東鎮,房地(土地+建物)+車位,新竹縣竹東鎮龍鳳路３０之３號六樓,20.99,商,,,1070925,土地1建物1車位1,六層,十五層,住宅大樓(11層含以上有電梯),住家用,鋼筋混凝土造,1100317,148.94,2,2,2,有,有,7490000,54744,坡道平面,30.57,1010000,預售屋、或土地及建物分件登記案件；,RPSOMLQJOHGGFCJ68DA,73.18,0.0,8.16,有,
竹東鎮,房地(土地+建物)+車位,新竹縣竹東鎮龍鳳路３０之５號十四樓,20.99,商,,,1070930,土地1建物1車位1,十四層,十五層,住宅大樓(11層含以上有電梯),住家用,鋼筋混凝土造,1100317,148.85,2,2,2,有,有,7460000,55800,坡道平面,30.57,860000,109.12.5讓與價格新台幣 888萬預售屋、或土地及建物分件登記案件；,RPXOMLQJOHGGFCJ56DA,73.12,0.0,8.16,有,
竹東鎮,房地(土地+建物)+車位,新竹縣竹東鎮龍鳳路２０之１號六樓,17.04,商,,,1070915,土地1建物1車位1,六層,十五層,住宅大樓(11層含以上有電梯),住家用,鋼筋混凝土造,1100317,124.38,2,2,1,有,有,6040000,53619,坡道平面,30.57,1010000,預售屋、或土地及建物分件登記案件；,RPPQMLQJOHGGFCJ58DA,59.45,0.0,3.84,有,
竹北市,房地(土地+建物)+車位,新竹縣竹北市復興二路２５７號五樓之三,8.31,商,,,1070912,土地1建物1車位1,五層,二十四層,住宅大樓(11層含以上有電梯),住家用,鋼筋混凝土造,1091226,103.72,1,1,1,有,有,8370000,97588,坡道平面,30.35,1210000,預售屋、或土地及建物分件登記案件；,RPQONLLKOHGGFBJ08DA,38.59,5.21,3.77,有,
竹東鎮,房地(土地+建物)+車位,新竹縣竹東鎮龍鳳路２０號六樓,16.91,商,,,1070925,土地1建物1車位1,六層,十五層,住宅大樓(11層含以上有電梯),住家用,鋼筋混凝土造,1100317,123.88,2,2,1,有,有,5900000,52942,坡道平面,30.57,960000,預售屋、或土地及建物分件登記案件；,RPSNMLTKOHGGFCJ98DA,58.94,0.0,4.08,有,
竹東鎮,房地(土地+建物)+車位,新竹縣竹東鎮龍鳳路２８號四樓,24.76,商,,,1070925,土地1建物1車位1,四層,十五層,住宅大樓(11層含以上有電梯),住家用,鋼筋混凝土造,1100317,169.78,2,2,2,有,有,8190000,52367,坡道平面,30.57,900000,110.5.22讓與價格新台幣 819 萬預售屋、或土地及建物分件登記案件；,RPWNMLTKOHGGFCJ76DA,86.31,0.0,8.56,有,
竹東鎮,房地(土地+建物)+車位,新竹縣竹東鎮龍鳳路１６號九樓,24.76,商,,,1070923,土地1建物1車位1,九層,十五層,住宅大樓(11層含以上有電梯),住家用,鋼筋混凝土造,1100317,169.75,2,2,2,有,有,8900000,55540,坡道平面,30.57,1170000,預售屋、或土地及建物分件登記案件；,RPSNMLMKOHGGFCJ28DA,86.31,0.0,8.56,有,
竹東鎮,房地(土地+建物)+車位,新竹縣竹東鎮龍鳳路３０之６號十四樓,27.8,商,,,1070926,土地1建物1車位1,十四層,十五層,住宅大樓(11層含以上有電梯),住家用,鋼筋混凝土造,1100317,186.53,2,2,2,有,有,9630000,55655,坡道平面,30.57,950000,預售屋、或土地及建物分件登記案件；,RPXOMLTKOHGGFCJ96DA,96.85,0.0,10.09,有,
竹東鎮,房地(土地+建物)+車位,新竹縣竹東鎮龍鳳路２８之１號六樓,24.76,商,,,1070917,土地1建物1車位1,六層,十五層,住宅大樓(11層含以上有電梯),住家用,鋼筋混凝土造,1100317,169.8,3,2,2,有,有,8730000,55448,坡道平面,30.57,1010000,預售屋、或土地及建物分件登記案件；,RPPNMLLJPHGGFCJ87DA,86.33,0.0,8.56,有,
竹東鎮,房地(土地+建物)+車位,新竹縣竹東鎮龍鳳路３０之７號五樓,23.73,商,,,1070901,土地1建物1車位1,五層,十五層,住宅大樓(11層含以上有電梯),住家用,鋼筋混凝土造,1100317,165.87,2,2,2,有,有,8130000,53363,坡道平面,30.57,910000,預售屋、或土地及建物分件登記案件；,RPPOMLNJPHGGFCJ18DA,82.68,0.0,10.76,有,
竹東鎮,房地(土地+建物)+車位,新竹縣竹東鎮龍鳳路２８號九樓,24.76,商,,,1070923,土地1建物1車位1,九層,十五層,住宅大樓(11層含以上有電梯),住家用,鋼筋混凝土造,1100317,169.78,2,2,2,有,有,8630000,54737,坡道平面,30.57,1010000,預售屋、或土地及建物分件登記案件；,RPTNMLLKPHGGFCJ38DA,86.31,0.0,8.56,有,
竹東鎮,房地(土地+建物)+車位,龍鳳路１６號十一樓,24.76,商,,,1070831,土地1建物1車位1,十一層,十五層,住宅大樓(11層含以上有電梯),住家用,鋼筋混凝土造,1100317,169.75,2,2,2,有,有,8770000,56114,坡道平面,30.57,960000,預售屋、或土地及建物分件登記案件；,RPTWMLQLNHGGFCJ07DA,86.31,0.0,8.56,有,
竹東鎮,房地(土地+建物)+車位,龍鳳路２２之１號九樓,17.04,商,,,1070804,土地1建物1車位1,九層,十五層,住宅大樓(11層含以上有電梯),住家用,鋼筋混凝土造,1100317,124.38,2,2,1,有,有,6030000,54578,坡道平面,30.57,910000,預售屋、或土地及建物分件登記案件；,RPTPNLQLNHGGFCJ09DA,59.45,0.0,3.84,有,
竹北市,房地(土地+建物)+車位,復興二路２５５號二十一樓之二,8.45,商,,,1070825,土地1建物1車位1,二十一層,二十四層,住宅大樓(11層含以上有電梯),住家用,鋼筋混凝土造,1091226,104.06,1,1,1,有,有,10660000,125763,坡道平面,30.35,1390000,預售屋、或土地及建物分件登記案件；,RPTQMLLJOHGGFBJ38DA,39.34,5.17,3.22,有,
竹北市,房地(土地+建物)+車位,復興二路２５７號七樓之一,8.31,商,,,1070825,土地1建物1車位1,七層,二十四層,住宅大樓(11層含以上有電梯),住家用,鋼筋混凝土造,1091226,103.72,1,1,1,有,有,9380000,107673,坡道平面,30.35,1480000,預售屋、或土地及建物分件登記案件；,RPWOMLOLMHGGFBJ78DA,38.59,5.21,3.77,有,
竹東鎮,房地(土地+建物)+車位,新竹縣竹東鎮龍鳳路１８之１號六樓,16.61,商,,,1070827,土地1建物1車位1,六層,十五層,住宅大樓(11層含以上有電梯),住家用,鋼筋混凝土造,1100317,122.35,2,2,1,有,有,5840000,54914,坡道平面,30.57,800000,預售屋、或土地及建物分件登記案件；,RPPPMLLMNHGGFCJ18DA,57.82,0.0,4.25,有,
竹東鎮,房地(土地+建物)+車位,新竹縣竹東鎮龍鳳路３０之７號十四樓,23.73,商,,,1070804,土地1建物1車位1,十四層,十五層,住宅大樓(11層含以上有電梯),住家用,鋼筋混凝土造,1100317,165.87,2,2,2,有,有,8370000,54767,坡道平面,30.57,960000,預售屋、或土地及建物分件登記案件；,RPUSMLLMNHGGFCJ98DA,82.68,0.0,10.76,有,
竹東鎮,房地(土地+建物)+車位,新竹縣竹東鎮龍鳳路２８之１號九樓,24.76,商,,,1070806,土地1建物1車位1,九層,十五層,住宅大樓(11層含以上有電梯),住家用,鋼筋混凝土造,1100317,169.8,3,2,2,有,有,8700000,55951,坡道平面,30.57,910000,預售屋、或土地及建物分件登記案件；,RPUQMLQJOHGGFCJ09DA,86.33,0.0,8.56,有,
竹東鎮,房地(土地+建物)+車位,新竹縣竹東鎮龍鳳路３０之５號四樓,20.99,商,,,1070828,土地1建物1車位1,四層,十五層,住宅大樓(11層含以上有電梯),住家用,鋼筋混凝土造,1100317,148.85,2,2,2,有,有,7010000,51573,坡道平面,30.57,910000,預售屋、或土地及建物分件登記案件；,RPVOMLQJOHGGFCJ98DA,73.12,0.0,8.16,有,
竹東鎮,房地(土地+建物)+車位,新竹縣竹東鎮龍鳳路３０之７號七樓,23.73,商,,,1070828,土地1建物1車位2,七層,十五層,住宅大樓(11層含以上有電梯),住家用,鋼筋混凝土造,1100317,196.44,2,2,2,有,有,9130000,52624,坡道平面,61.14,2010000,預售屋、或土地及建物分件登記案件；,RPPPMLQJOHGGFCJ48DA,82.68,0.0,10.76,有,
竹東鎮,房地(土地+建物)+車位,新竹縣竹東鎮龍鳳路１８之１號十一樓,16.61,商,,,1070813,土地1建物1車位1,十一層,十五層,住宅大樓(11層含以上有電梯),住家用,鋼筋混凝土造,1100317,122.35,2,2,1,有,有,6090000,55895,坡道平面,30.57,960000,預售屋、或土地及建物分件登記案件；,RPPOMLMKOHGGFCJ08DA,57.82,0.0,4.25,有,
竹東鎮,房地(土地+建物)+車位,新竹縣竹東鎮龍鳳路３０之３號九樓,20.99,商,,,1070827,土地1建物1車位1,九層,十五層,住宅大樓(11層含以上有電梯),住家用,鋼筋混凝土造,1100317,148.94,2,2,2,有,有,7210000,52632,坡道平面,30.57,980000,預售屋、或土地及建物分件登記案件；,RPRPMLRLOHGGFCJ98DA,73.18,0.0,8.16,有,
竹東鎮,房地(土地+建物)+車位,新竹縣竹東鎮龍鳳路３０之５號九樓,20.99,商,,,1070824,土地1建物1車位1,九層,十五層,住宅大樓(11層含以上有電梯),住家用,鋼筋混凝土造,1100317,148.85,2,2,2,有,有,7340000,53517,坡道平面,30.57,1010000,預售屋、或土地及建物分件登記案件；,RPSPMLRLOHGGFCJ09DA,73.12,0.0,8.16,有,
竹東鎮,房地(土地+建物)+車位,新竹縣竹東鎮龍鳳路３０之１號六樓,23.67,商,,,1070805,土地1建物1車位1,六層,十五層,住宅大樓(11層含以上有電梯),住家用,鋼筋混凝土造,1100317,165.45999999999998,2,2,2,有,有,8140000,53229,坡道平面,30.57,960000,預售屋、或土地及建物分件登記案件；,RPPQMLLJPHGGFCJ18DA,82.49,0.0,10.64,有,
竹東鎮,房地(土地+建物)+車位,龍鳳路３０之６號十五樓,27.8,商,,,1070708,土地1建物1車位1,十五層,十五層,住宅大樓(11層含以上有電梯),住家用,鋼筋混凝土造,1100317,186.53,2,2,2,有,有,9520000,55527,坡道平面,30.57,860000,109.12.05轉讓金額952萬元整預售屋、或土地及建物分件登記案件；,RPXNNLQLNHGGFCJ66DA,96.85,0.0,10.09,有,
竹東鎮,房地(土地+建物)+車位,龍鳳路３０之８號十四樓,20.99,商,,,1070718,土地1建物1車位1,十四層,十五層,住宅大樓(11層含以上有電梯),住家用,鋼筋混凝土造,1100317,148.76999999999998,2,2,2,有,有,7340000,53976,坡道平面,30.57,960000,預售屋、或土地及建物分件登記案件；,RPQONLQLNHGGFCJ68DA,73.12,0.0,8.08,有,
竹東鎮,房地(土地+建物)+車位,龍鳳路３０之９號十五樓,20.99,商,,,1070708,土地1建物1車位1,十五層,十五層,住宅大樓(11層含以上有電梯),住家用,鋼筋混凝土造,1100317,148.76999999999998,2,2,2,有,有,7430000,54315,坡道平面,30.57,1010000,預售屋、或土地及建物分件登記案件；,RPTONLQLNHGGFCJ98DA,73.12,0.0,8.08,有,
竹東鎮,房地(土地+建物)+車位,新竹縣竹東鎮龍鳳路２０號五樓,16.91,商,,,1070704,土地1建物1車位1,五層,十五層,住宅大樓(11層含以上有電梯),住家用,鋼筋混凝土造,1100317,123.88,2,2,1,有,有,5790000,52299,坡道平面,30.57,910000,預售屋、或土地及建物分件登記案件；,RPTQMLLMNHGGFCJ68DA,58.94,0.0,4.08,有,
竹東鎮,房地(土地+建物)+車位,新竹縣竹東鎮龍鳳路３０之５號五樓,20.99,商,,,1070719,土地1建物1車位1,五層,十五層,住宅大樓(11層含以上有電梯),住家用,鋼筋混凝土造,1100317,148.85,2,2,2,有,有,7150000,52333,坡道平面,30.57,960000,預售屋、或土地及建物分件登記案件；,RPWOMLQJOHGGFCJ09DA,73.12,0.0,8.16,有,
竹北市,房地(土地+建物)+車位,新竹縣竹北市復興二路２５５號二十樓之二,8.45,商,,,1070708,土地1建物1車位1,二十層,二十四層,住宅大樓(11層含以上有電梯),住家用,鋼筋混凝土造,1091226,104.06,1,1,1,有,有,9500000,108940,坡道平面,30.35,1470000,預售屋、或土地及建物分件登記案件；,RPWTMLLKOHGGFBJ09DA,39.34,5.17,3.22,有,
竹東鎮,房地(土地+建物)+車位,新竹縣竹東鎮龍鳳路２６號六樓,16.61,商,,,1070718,土地1建物1車位1,六層,十五層,住宅大樓(11層含以上有電梯),住家用,鋼筋混凝土造,1100317,122.35,2,2,1,有,有,5880000,53606,坡道平面,30.57,960000,預售屋、或土地及建物分件登記案件；,RPVNMLTKOHGGFCJ66DA,57.82,0.0,4.25,有,
竹東鎮,房地(土地+建物)+車位,新竹縣竹東鎮龍鳳路３０之７號九樓,23.73,商,,,1070706,土地1建物1車位1,九層,十五層,住宅大樓(11層含以上有電梯),住家用,鋼筋混凝土造,1100317,165.87,2,2,2,有,有,8150000,52772,坡道平面,30.57,1010000,109.11.28讓與價格新台幣815萬預售屋、或土地及建物分件登記案件；,RPSOMLMKOHGGFCJ38DA,82.68,0.0,10.76,有,
竹東鎮,房地(土地+建物)+車位,新竹縣竹東鎮龍鳳路３０之５號六樓,20.99,商,,,1070728,土地1建物1車位1,六層,十五層,住宅大樓(11層含以上有電梯),住家用,鋼筋混凝土造,1100317,148.85,2,2,2,有,有,7180000,53010,坡道平面,30.57,910000,109.11.27讓與價格新台幣718萬預售屋、或土地及建物分件登記案件；,RPUOMLTKOHGGFCJ66DA,73.12,0.0,8.16,有,
竹東鎮,房地(土地+建物)+車位,新竹縣竹東鎮龍鳳路３０之９號十一樓,20.99,商,,,1070702,土地1建物1車位1,十一層,十五層,住宅大樓(11層含以上有電梯),住家用,鋼筋混凝土造,1100317,148.76999999999998,2,2,2,有,有,7240000,53553,坡道平面,30.57,910000,預售屋、或土地及建物分件登記案件；,RPXPMLRLOHGGFCJ96DA,73.12,0.0,8.08,有,
竹東鎮,房地(土地+建物)+車位,新竹縣竹東鎮龍鳳路３０之１號十一樓,23.67,商,,,1070724,土地1建物1車位1,十一層,十五層,住宅大樓(11層含以上有電梯),住家用,鋼筋混凝土造,1100317,165.45999999999998,2,2,2,有,有,8130000,53970,坡道平面,30.57,850000,109.11.28讓與價格新台幣930萬預售屋、或土地及建物分件登記案件；,RPROMLPJPHGGFCJ58DA,82.49,0.0,10.64,有,
竹東鎮,房地(土地+建物)+車位,新竹縣竹東鎮龍鳳路１６之１號十一樓,24.76,商,,,1070720,土地1建物1車位1,十一層,十五層,住宅大樓(11層含以上有電梯),住家用,鋼筋混凝土造,1100317,169.8,2,2,2,有,有,8890000,56238,坡道平面,30.57,1060000,預售屋、或土地及建物分件登記案件；,RPWPMLLJPHGGFCJ78DA,86.33,0.0,8.56,有,
竹東鎮,房地(土地+建物)+車位,新竹縣竹東鎮龍鳳路３０之５號十一樓,20.99,商,,,1070730,土地1建物1車位2,十一層,十五層,住宅大樓(11層含以上有電梯),住家用,鋼筋混凝土造,1100317,179.42000000000002,2,2,2,有,有,8340000,53433,坡道平面,61.14,2020000,108.3.24加購停車位新台幣106萬已含入交易總價預售屋、或土地及建物分件登記案件；,RPUNMLNJPHGGFCJ58DA,73.12,0.0,8.16,有,
竹東鎮,房地(土地+建物)+車位,龍鳳路２８之１號三樓,24.76,商,,,1070609,土地1建物1車位1,三層,十五層,住宅大樓(11層含以上有電梯),住家用,鋼筋混凝土造,1100317,169.8,3,2,2,有,有,8560000,53868,坡道平面,30.57,1060000,109.11.27轉讓金額856萬預售屋、或土地及建物分件登記案件；,RPWVMLQLNHGGFCJ27DA,86.33,0.0,8.56,有,
竹東鎮,房地(土地+建物)+車位,龍鳳路３０之８號十二樓,20.99,商,,,1070615,土地1建物1車位1,十二層,十五層,住宅大樓(11層含以上有電梯),住家用,鋼筋混凝土造,1100317,148.76999999999998,2,2,2,有,有,7140000,53130,坡道平面,30.57,860000,預售屋、或土地及建物分件登記案件；,RPPONLQLNHGGFCJ58DA,73.12,0.0,8.08,有,0549
湖口鄉,房地(土地+建物)+車位,新竹縣湖口鄉明德街８１號三樓之３,19.17,住,,,1070609,土地1建物1車位1,三層,十四層,住宅大樓(11層含以上有電梯),住家用,鋼筋混凝土造,1091014,117.56,2,2,1,有,有,4810000,47540,坡道平面,33.21,800000,,RPVNMLPLOHGGFDJ09DA,53.25,1.21,6.81,有,
竹東鎮,房地(土地+建物)+車位,新竹縣竹東鎮龍鳳路３０之９號四樓,20.99,商,,,1070618,土地1建物1車位1,四層,十五層,住宅大樓(11層含以上有電梯),住家用,鋼筋混凝土造,1100317,148.76999999999998,2,2,2,有,有,6750000,50761,坡道平面,30.57,750000,109.08.21轉讓金額675萬預售屋、或土地及建物分件登記案件；,RPWSMLLMNHGGFCJ56DA,73.12,0.0,8.08,有,0378
竹東鎮,房地(土地+建物)+車位,新竹縣竹東鎮龍鳳路２２號七樓,16.91,商,,,1070620,土地1建物1車位1,七層,十五層,住宅大樓(11層含以上有電梯),住家用,鋼筋混凝土造,1100317,123.88,2,2,1,有,有,6040000,53370,坡道平面,30.57,1060000,109.10.22讓與價格新台幣624萬預售屋、或土地及建物分件登記案件；,RPWNMLKKOHGGFCJ48DA,58.94,0.0,4.08,有,
竹東鎮,房地(土地+建物)+車位,新竹縣竹東鎮龍鳳路３０之１號五樓,23.67,商,,,1070630,土地1建物1車位1,五層,十五層,住宅大樓(11層含以上有電梯),住家用,鋼筋混凝土造,1100317,165.45999999999998,2,2,2,有,有,7970000,53080,坡道平面,30.57,810000,預售屋、或土地及建物分件登記案件；,RPOPMLRLOHGGFCJ68DA,82.49,0.0,10.64,有,
竹東鎮,房地(土地+建物)+車位,新竹縣竹東鎮龍鳳路３０之８號四樓,20.99,商,,,1070601,土地1建物1車位1,四層,十五層,住宅大樓(11層含以上有電梯),住家用,鋼筋混凝土造,1100317,148.76999999999998,2,2,2,有,有,6760000,50423,坡道平面,30.57,800000,預售屋、或土地及建物分件登記案件；,RPQPMLTKOHGGFCJ98DA,73.12,0.0,8.08,有,
竹東鎮,房地(土地+建物)+車位,新竹縣竹東鎮龍鳳路３０之８號十一樓,20.99,商,,,1070617,土地1建物1車位1,十一層,十五層,住宅大樓(11層含以上有電梯),住家用,鋼筋混凝土造,1100317,148.76999999999998,2,2,2,有,有,7180000,53553,坡道平面,30.57,850000,預售屋、或土地及建物分件登記案件；,RPTPMLRLOHGGFCJ56DA,73.12,0.0,8.08,有,
竹東鎮,房地(土地+建物)+車位,新竹縣竹東鎮龍鳳路３０之９號十樓,20.99,商,,,1070602,土地1建物1車位1,十層,十五層,住宅大樓(11層含以上有電梯),住家用,鋼筋混凝土造,1100317,148.76999999999998,2,2,2,有,有,7400000,53638,坡道平面,30.57,1060000,預售屋、或土地及建物分件登記案件；,RPWPMLRLOHGGFCJ86DA,73.12,0.0,8.08,有,
竹東鎮,房地(土地+建物)+車位,新竹縣竹東鎮龍鳳路３０之７號十一樓,23.73,商,,,1070615,土地1建物1車位1,十一層,十五層,住宅大樓(11層含以上有電梯),住家用,鋼筋混凝土造,1100317,165.87,2,2,2,有,有,8230000,54472,坡道平面,30.57,860000,109.11.28讓與價格新台幣823萬預售屋、或土地及建物分件登記案件；,RPPNMLOJPHGGFCJ18DA,82.68,0.0,10.76,有,
竹東鎮,房地(土地+建物)+車位,龍鳳路２６之１號六樓,16.61,商,,,1070523,土地1建物1車位2,六層,十五層,住宅大樓(11層含以上有電梯),住家用,鋼筋混凝土造,1100317,152.91,2,2,1,有,有,6950000,54266,坡道平面,61.14,1970000,108.03.23加購車位101萬元整已含入交易總價109.11.27轉讓金額594萬元整，109.11.27轉讓車位101萬元整.預售屋、或土地及建物分件登記案件；,RPOWMLQLNHGGFCJ56DA,57.82,0.0,4.25,有,
竹東鎮,房地(土地+建物)+車位,龍鳳路３０之９號十四樓,20.99,商,,,1070519,土地1建物1車位1,十四層,十五層,住宅大樓(11層含以上有電梯),住家用,鋼筋混凝土造,1100317,148.76999999999998,2,2,2,有,有,7320000,53807,坡道平面,30.57,960000,預售屋、或土地及建物分件登記案件；,RPSWMLQLNHGGFCJ96DA,73.12,0.0,8.08,有,
竹東鎮,房地(土地+建物)+車位,龍鳳路２２號五樓,16.91,商,,,1070529,土地1建物1車位1,五層,十五層,住宅大樓(11層含以上有電梯),住家用,鋼筋混凝土造,1100317,123.88,2,2,1,有,有,5700000,52299,坡道平面,30.57,820000,109.11.27轉讓金額570萬元整預售屋、或土地及建物分件登記案件；,RPXONLQLNHGGFCJ76DA,58.94,0.0,4.08,有,0684
竹東鎮,房地(土地+建物)+車位,龍鳳路３０之３號八樓,20.99,商,,,1070522,土地1建物1車位2,八層,十五層,住宅大樓(11層含以上有電梯),住家用,鋼筋混凝土造,1100317,179.51,2,2,2,有,有,8220000,52378,坡道平面,61.14,2020000,預售屋、或土地及建物分件登記案件；,RPWPNLQLNHGGFCJ76DA,73.18,0.0,8.16,有,
竹東鎮,房地(土地+建物)+車位,新竹縣竹東鎮龍鳳路１８之１號三樓,16.61,商,,,1070525,土地1建物1車位1,三層,十五層,住宅大樓(11層含以上有電梯),住家用,鋼筋混凝土造,1100317,122.35,2,2,1,有,有,5680000,52517,坡道平面,30.57,860000,預售屋、或土地及建物分件登記案件；,RPXOMLLMNHGGFCJ88DA,57.82,0.0,4.25,有,
竹東鎮,房地(土地+建物)+車位,新竹縣竹東鎮龍鳳路１６之１號三樓,24.76,商,,,1070525,土地1建物1車位1,三層,十五層,住宅大樓(11層含以上有電梯),住家用,鋼筋混凝土造,1100317,169.8,2,2,2,有,有,8380000,53652,坡道平面,30.57,910000,預售屋、或土地及建物分件登記案件；,RPSPMLLMNHGGFCJ48DA,86.33,0.0,8.56,有,
竹東鎮,房地(土地+建物)+車位,新竹縣竹東鎮龍鳳路３０之８號六樓,20.99,商,,,1070529,土地1建物1車位1,六層,十五層,住宅大樓(11層含以上有電梯),住家用,鋼筋混凝土造,1100317,148.76999999999998,2,2,2,有,有,6910000,51692,坡道平面,30.57,800000,預售屋、或土地及建物分件登記案件；,RPPQMLLMNHGGFCJ28DA,73.12,0.0,8.08,有,
竹東鎮,房地(土地+建物)+車位,新竹縣竹東鎮龍鳳路３０之１號九樓,23.67,商,,,1070529,土地1建物1車位1,九層,十五層,住宅大樓(11層含以上有電梯),住家用,鋼筋混凝土造,1100317,165.45999999999998,2,2,2,有,有,8160000,53377,坡道平面,30.57,960000,預售屋、或土地及建物分件登記案件；,RPXRMLLMNHGGFCJ56DA,82.49,0.0,10.64,有,
竹東鎮,房地(土地+建物)+車位,新竹縣竹東鎮龍鳳路１６號十樓,24.76,商,,,1070526,土地1建物1車位1,十層,十五層,住宅大樓(11層含以上有電梯),住家用,鋼筋混凝土造,1100317,169.75,2,2,2,有,有,8720000,55755,坡道平面,30.57,960000,預售屋、或土地及建物分件登記案件；,RPRSMLQJOHGGFCJ98DA,86.31,0.0,8.56,有,
竹東鎮,房地(土地+建物)+車位,新竹縣竹東鎮龍鳳路２２號四樓,16.91,商,,,1070525,土地1建物1車位1,四層,十五層,住宅大樓(11層含以上有電梯),住家用,鋼筋混凝土造,1100317,123.88,2,2,1,有,有,5660000,51549,坡道平面,30.57,850000,預售屋、或土地及建物分件登記案件；,RPSSMLQJOHGGFCJ09DA,58.94,0.0,4.08,有,
竹東鎮,房地(土地+建物)+車位,新竹縣竹東鎮龍鳳路３０之８號十樓,20.99,商,,,1070525,土地1建物1車位1,十層,十五層,住宅大樓(11層含以上有電梯),住家用,鋼筋混凝土造,1100317,148.76999999999998,2,2,2,有,有,7160000,52453,坡道平面,30.57,960000,109.11.13讓與價格新台幣 775萬109.11.28讓與價格新台幣 850萬預售屋、或土地及建物分件登記案件；,RPVNMLKKOHGGFCJ38DA,73.12,0.0,8.08,有,
竹北市,房地(土地+建物)+車位,新竹縣竹北市新瀧一街３１號五樓,14.78,商,,,1070502,土地1建物1車位1,五層,十四層,住宅大樓(11層含以上有電梯),住家用,鋼筋混凝土造,1100324,111.15,2,2,2,有,有,6000000,56414,坡道機械,19.86,850000,預售屋、或土地及建物分件登記案件；,RPQQMLTJPHGGFBJ98DA,54.86,1.75,4.24,有,
竹東鎮,房地(土地+建物)+車位,新竹縣竹東鎮龍鳳路３０之８號五樓,20.99,商,,,1070519,土地1建物1車位1,五層,十五層,住宅大樓(11層含以上有電梯),住家用,鋼筋混凝土造,1100317,148.76999999999998,2,2,2,有,有,6880000,51438,坡道平面,30.57,800000,預售屋、或土地及建物分件登記案件；,RPUOMLMKOHGGFCJ58DA,73.12,0.0,8.08,有,
竹東鎮,房地(土地+建物)+車位,新竹縣竹東鎮龍鳳路３０之８號九樓,20.99,商,,,1070526,土地1建物1車位2,九層,十五層,住宅大樓(11層含以上有電梯),住家用,鋼筋混凝土造,1100317,179.34,2,2,2,有,有,8070000,52030,坡道平面,61.14,1920000,108.3.26加購停車位新台幣96萬已含入交易總價預售屋、或土地及建物分件登記案件；,RPRPMLTKOHGGFCJ09DA,73.12,0.0,8.08,有,
竹東鎮,房地(土地+建物)+車位,新竹縣竹東鎮龍鳳路３０之９號六樓,20.99,商,,,1070519,土地1建物1車位1,六層,十五層,住宅大樓(11層含以上有電梯),住家用,鋼筋混凝土造,1100317,148.76999999999998,2,2,2,有,有,7060000,52030,坡道平面,30.57,910000,預售屋、或土地及建物分件登記案件；,RPVPMLRLOHGGFCJ76DA,73.12,0.0,8.08,有,0039
竹東鎮,房地(土地+建物)+車位,新竹縣竹東鎮龍鳳路２０之１號九樓,17.04,商,,,1070522,土地1建物1車位1,九層,十五層,住宅大樓(11層含以上有電梯),住家用,鋼筋混凝土造,1100317,124.38,2,2,1,有,有,6040000,54152,坡道平面,30.57,960000,預售屋、或土地及建物分件登記案件；,RPRPMLLJPHGGFCJ28DA,59.45,0.0,3.84,有,
竹東鎮,房地(土地+建物)+車位,新竹縣竹東鎮龍鳳路１６號六樓,24.76,商,,,1070519,土地1建物1車位1,六層,十五層,住宅大樓(11層含以上有電梯),住家用,鋼筋混凝土造,1100317,169.75,2,2,2,有,有,8470000,54318,坡道平面,30.57,910000,預售屋、或土地及建物分件登記案件；,RPQOMLKMOHGGFCJ18DA,86.31,0.0,8.56,有,
竹東鎮,房地(土地+建物)+車位,新竹縣竹東鎮龍鳳路３０之３號三樓,20.99,商,,,1070531,土地1建物1車位2,三層,十五層,住宅大樓(11層含以上有電梯),住家用,鋼筋混凝土造,1100317,179.51,2,2,2,有,有,7950000,51787,坡道平面,61.14,1820000,預售屋、或土地及建物分件登記案件；,RPWQMLLJPHGGFCJ88DA,73.18,0.0,8.16,有,
竹東鎮,房地(土地+建物)+車位,新竹縣竹東鎮龍鳳路３０之６號九樓,27.8,商,,,1070519,土地1建物1車位1,九層,十五層,住宅大樓(11層含以上有電梯),住家用,鋼筋混凝土造,1100317,186.53,2,2,2,有,有,9400000,53860,坡道平面,30.57,1000000,預售屋、或土地及建物分件登記案件；,RPQNMLQJPHGGFCJ48DA,96.85,0.0,10.09,有,
竹東鎮,房地(土地+建物)+車位,新竹縣竹東鎮龍鳳路３０之９號九樓,20.99,商,,,1070522,土地1建物1車位1,九層,十五層,住宅大樓(11層含以上有電梯),住家用,鋼筋混凝土造,1100317,148.76999999999998,2,2,2,有,有,7110000,52538,坡道平面,30.57,900000,預售屋、或土地及建物分件登記案件；,RPSNMLOJPHGGFCJ48DA,73.12,0.0,8.08,有,
竹東鎮,房地(土地+建物)+車位,新竹縣竹東鎮龍鳳路３０之８號七樓,20.99,商,,,1070519,土地1建物1車位1,七層,十五層,住宅大樓(11層含以上有電梯),住家用,鋼筋混凝土造,1100317,148.76999999999998,2,2,2,有,有,7180000,52200,坡道平面,30.57,1010000,預售屋、或土地及建物分件登記案件；,RPTOMLLKPHGGFCJ48DA,73.12,0.0,8.08,有,
竹東鎮,房地(土地+建物)+車位,新竹縣竹東鎮龍鳳路１６之１號一樓,25.07,商,,,1070530,土地1建物1車位2,一層,十五層,住宅大樓(11層含以上有電梯),辦公用,鋼筋混凝土造,1100317,217.48000000000002,2,2,2,有,有,10910000,57183,坡道平面,61.14,1970000,108.3.28加購停車位新台幣96萬已含入交易總價109.11.27讓與價格新台幣995萬109.11.27讓與價格新台幣96萬預售屋、或土地及建物分件登記案件；,RPROMLQJQHGGFCJ78DA,87.18,0.0,24.35,有,
竹北市,房地(土地+建物)+車位,新竹縣竹北市新瀧一街３３號十一樓,14.0,商,,,1070407,土地1建物1車位1,十一層,十四層,住宅大樓(11層含以上有電梯),住家用,鋼筋混凝土造,1100324,108.28999999999999,2,2,2,有,有,5300000,50888,坡道機械,19.86,800000,讓渡日期:民國109年3月19日預售屋、或土地及建物分件登記案件；,RPQRMLKMPHGGFBJ48DA,53.04,3.63,2.94,有,
竹北市,房地(土地+建物)+車位,新竹縣竹北市新瀧一街３７號十二樓,13.95,商,,,1070409,土地1建物1車位1,十二層,十四層,住宅大樓(11層含以上有電梯),住家用,鋼筋混凝土造,1100324,127.84,2,2,2,有,有,6000000,53336,坡道平面,39.72,1300000,預售屋、或土地及建物分件登記案件；,RPXRMLKMPHGGFBJ56DA,52.84,3.63,2.94,有,
竹北市,房地(土地+建物)+車位,新竹縣竹北市新瀧一街３３號九樓,14.0,商,,,1070331,土地1建物1車位1,九層,十四層,住宅大樓(11層含以上有電梯),住家用,鋼筋混凝土造,1100324,108.28999999999999,1,2,1,有,有,5500000,54280,坡道機械,19.86,700000,讓渡日期:民國109年11月5日預售屋、或土地及建物分件登記案件；,RPWQMLKMPHGGFBJ98DA,53.04,3.63,2.94,有,
竹北市,房地(土地+建物),新竹縣竹北市新瀧一街３３號十四樓,14.0,商,,,1070331,土地1建物1車位0,十四層,十四層,住宅大樓(11層含以上有電梯),住家用,鋼筋混凝土造,1100324,88.43,2,1,2,有,有,4950000,55976,,0.0,0,預售屋、或土地及建物分件登記案件；,RPSSMLKMPHGGFBJ78DA,53.04,3.63,2.94,有,
竹北市,房地(土地+建物)+車位,新竹縣竹北市新瀧一街２７號八樓,14.8,商,,,1070207,土地1建物1車位1,八層,十四層,住宅大樓(11層含以上有電梯),住家用,鋼筋混凝土造,1100324,111.22,2,2,2,有,有,6000000,56918,坡道機械,19.86,800000,預售屋、或土地及建物分件登記案件；,RPTTMLTJPHGGFBJ96DA,54.93,1.75,4.24,有,
竹北市,房地(土地+建物)+車位,新竹縣竹北市新瀧一街３３號十二樓,26.05,商,,,1070107,土地1建物1車位1,十二層,十四層,住宅大樓(11層含以上有電梯),住家用,鋼筋混凝土造,1100324,183.49,2,2,3,有,有,10000000,56224,坡道機械,19.86,800000,預售屋、或土地及建物分件登記案件；,RPVUMLTJPHGGFBJ27DA,97.8,5.88,6.33,有,
竹北市,房地(土地+建物),新竹縣竹北市新瀧一街３５號十四樓,12.05,商,,,1070110,土地1建物1車位0,十四層,十四層,住宅大樓(11層含以上有電梯),住家用,鋼筋混凝土造,1100324,75.21,2,2,1,有,有,4380000,58237,,0.0,0,預售屋、或土地及建物分件登記案件；,RPTSMLKMPHGGFBJ88DA,44.76,2.25,3.39,有,
竹北市,房地(土地+建物)+車位,新竹縣竹北市新瀧一街３７號四樓,13.95,商,,,1070123,土地1建物1車位1,四層,十四層,住宅大樓(11層含以上有電梯),住家用,鋼筋混凝土造,1100324,107.97999999999999,2,2,2,有,有,5400000,52202,坡道機械,19.86,800000,讓渡日期:民國108年12月6日預售屋、或土地及建物分件登記案件；,RPVSMLKMPHGGFBJ09DA,52.84,3.63,2.94,有,
竹北市,房地(土地+建物)+車位,新竹縣竹北市新瀧一街３３號八樓,14.0,商,,,1061211,土地1建物1車位1,八層,十四層,住宅大樓(11層含以上有電梯),住家用,鋼筋混凝土造,1100324,108.28999999999999,2,2,2,有,有,5500000,53149,坡道機械,19.86,800000,預售屋、或土地及建物分件登記案件；,RPVTMLTJPHGGFBJ17DA,53.04,3.63,2.94,有,
竹北市,房地(土地+建物)+車位,新竹縣竹北市新瀧一街３３號十樓,14.0,商,,,1061217,土地1建物1車位1,十層,十四層,住宅大樓(11層含以上有電梯),住家用,鋼筋混凝土造,1100324,108.28999999999999,2,2,2,有,有,5440000,51905,坡道機械,19.86,850000,預售屋、或土地及建物分件登記案件；,RPQUMLTJPHGGFBJ76DA,53.04,3.63,2.94,有,
竹北市,房地(土地+建物)+車位,新竹縣竹北市新瀧一街３３號七樓,14.0,商,,,1061206,土地1建物1車位1,七層,十四層,住宅大樓(11層含以上有電梯),住家用,鋼筋混凝土造,1100324,108.28999999999999,2,2,2,有,有,5500000,53149,坡道機械,19.86,800000,預售屋、或土地及建物分件登記案件；,RPTOMLNKQHGGFBJ68DA,53.04,3.63,2.94,有,
竹北市,房地(土地+建物)+車位,新竹縣竹北市新瀧一街２９號八樓,12.06,商,,,1061215,土地1建物1車位1,八層,十四層,住宅大樓(11層含以上有電梯),住家用,鋼筋混凝土造,1100324,95.00999999999999,2,2,2,有,有,5300000,59880,坡道機械,19.86,800000,預售屋、或土地及建物分件登記案件；,RPPPMLNKQHGGFBJ38DA,44.76,2.2,3.39,有,
竹北市,房地(土地+建物)+車位,新竹縣竹北市新瀧一街３３號五樓,14.0,商,,,1061122,土地1建物1車位1,五層,十四層,住宅大樓(11層含以上有電梯),住家用,鋼筋混凝土造,1100324,108.28999999999999,2,2,2,有,有,5280000,50662,坡道機械,19.86,800000,預售屋、或土地及建物分件登記案件；,RPRQMLTJPHGGFBJ09DA,53.04,3.63,2.94,有,
竹北市,房地(土地+建物),新竹縣竹北市新瀧一街３５號五樓,12.05,商,,,1061127,土地1建物1車位0,五層,十四層,住宅大樓(11層含以上有電梯),住家用,鋼筋混凝土造,1100324,75.21,3,1,1,有,有,4120000,54780,,0.0,0,預售屋、或土地及建物分件登記案件；,RPSQMLTJPHGGFBJ56DA,44.76,2.25,3.39,有,
竹北市,房地(土地+建物)+車位,新竹縣竹北市新瀧一街３３號三樓,14.0,商,,,1061013,土地1建物1車位1,三層,十四層,住宅大樓(11層含以上有電梯),住家用,鋼筋混凝土造,1100324,108.28999999999999,2,2,2,有,有,5380000,51792,坡道機械,19.86,800000,讓渡日期:民國108年8月7日預售屋、或土地及建物分件登記案件；,RPWPMLTJPHGGFBJ86DA,53.04,3.63,2.94,有,
竹北市,房地(土地+建物)+車位,新竹縣竹北市新瀧一街３３號六樓,14.0,商,,,1061001,土地1建物1車位1,六層,十四層,住宅大樓(11層含以上有電梯),住家用,鋼筋混凝土造,1100324,108.28999999999999,2,2,2,有,有,5380000,51792,坡道機械,19.86,800000,預售屋、或土地及建物分件登記案件；,RPXSMLTJPHGGFBJ27DA,53.04,3.63,2.94,有,
竹北市,房地(土地+建物)+車位,新竹縣竹北市新瀧一街３７號十樓,13.95,商,,,1061015,土地1建物1車位1,十層,十四層,住宅大樓(11層含以上有電梯),住家用,鋼筋混凝土造,1100324,107.97999999999999,2,2,2,有,有,5250000,55039,坡道機械,19.86,400000,讓渡日期:民國108年11月27日預售屋、或土地及建物分件登記案件；,RPSUMLTJPHGGFBJ96DA,52.84,3.63,2.94,有,
竹北市,房地(土地+建物)+車位,新竹縣竹北市新瀧一街３３號四樓,14.0,商,,,1061001,土地1建物1車位1,四層,十四層,住宅大樓(11層含以上有電梯),住家用,鋼筋混凝土造,1100324,108.28999999999999,2,2,2,有,有,5530000,55185,坡道機械,19.86,650000,讓渡日期:民國108年11月19日預售屋、或土地及建物分件登記案件；,RPSPMLLJRHGGFBJ48DA,53.04,3.63,2.94,有,
竹北市,房地(土地+建物)+車位,新竹縣竹北市新瀧一街３７號六樓,13.95,商,,,1060917,土地1建物1車位1,六層,十四層,住宅大樓(11層含以上有電梯),住家用,鋼筋混凝土造,1100324,107.97999999999999,2,2,2,有,有,5480000,52542,坡道機械,19.86,850000,預售屋、或土地及建物分件登記案件；,RPSOMLNKQHGGFBJ58DA,52.84,3.63,2.94,有,
竹北市,房地(土地+建物)+車位,新竹縣竹北市新瀧一街３７號五樓,13.95,商,,,1060805,土地1建物1車位1,五層,十四層,住宅大樓(11層含以上有電梯),住家用,鋼筋混凝土造,1100324,107.97999999999999,2,2,2,有,有,4950000,49365,坡道機械,19.86,600000,讓渡日期:民國109年6月5日讓渡日期:民國109年12月21日預售屋、或土地及建物分件登記案件；,RPUSMLTJPHGGFBJ96DA,52.84,3.63,2.94,有,
竹北市,房地(土地+建物)+車位,新竹縣竹北市新瀧一街２９號六樓,12.06,商,,,1060805,土地1建物1車位1,六層,十四層,住宅大樓(11層含以上有電梯),住家用,鋼筋混凝土造,1100324,95.00999999999999,2,2,2,有,有,4430000,52961,坡道機械,19.86,450000,讓渡日期:民國107年3月30日預售屋、或土地及建物分件登記案件；,RPWSMLTJPHGGFBJ17DA,44.76,2.2,3.39,有,
竹北市,房地(土地+建物)+車位,新竹縣竹北市新瀧一街２７號七樓,14.8,商,,,1060825,土地1建物1車位1,七層,十四層,住宅大樓(11層含以上有電梯),住家用,鋼筋混凝土造,1100324,111.22,2,2,2,有,有,5930000,56699,坡道機械,19.86,750000,預售屋、或土地及建物分件登記案件；,RPOTMLTJPHGGFBJ09DA,54.93,1.75,4.24,有,
竹北市,房地(土地+建物)+車位,新竹縣竹北市新瀧一街３７號八樓,13.95,商,,,1060805,土地1建物1車位1,八層,十四層,住宅大樓(11層含以上有電梯),住家用,鋼筋混凝土造,1100324,107.97999999999999,2,2,1,有,有,5000000,49932,坡道機械,19.86,600000,讓渡日期:民國109年11月4日預售屋、或土地及建物分件登記案件；,RPRWMLKMPHGGFBJ09DA,52.84,3.63,2.94,有,
竹北市,房地(土地+建物)+車位,新竹縣竹北市新瀧一街２９號五樓,12.06,商,,,1060805,土地1建物1車位1,五層,十四層,住宅大樓(11層含以上有電梯),住家用,鋼筋混凝土造,1100324,95.00999999999999,2,2,1,有,有,4420000,52828,坡道機械,19.86,450000,讓渡日期:民國109年9月22日預售屋、或土地及建物分件登記案件；,RPTQMLKMPHGGFBJ68DA,44.76,2.2,3.39,有,
竹北市,房地(土地+建物)+車位,新竹縣竹北市新瀧一街３７號十四樓,13.95,商,,,1060805,土地1建物1車位1,十四層,十四層,住宅大樓(11層含以上有電梯),住家用,鋼筋混凝土造,1100324,107.97999999999999,2,2,2,有,有,5000000,49932,坡道機械,19.86,600000,讓渡日期:民國109年11月4日預售屋、或土地及建物分件登記案件；,RPUSMLKMPHGGFBJ98DA,52.84,3.63,2.94,有,
竹北市,房地(土地+建物)+車位,新竹縣竹北市新瀧一街２９號十一樓,12.06,商,,,1060805,土地1建物1車位1,十一層,十四層,住宅大樓(11層含以上有電梯),住家用,鋼筋混凝土造,1100324,95.00999999999999,2,1,2,有,有,4550000,54558,坡道機械,19.86,450000,讓渡日期:民國109年3月31日預售屋、或土地及建物分件登記案件；,RPXOMLNKQHGGFBJ09DA,44.76,2.2,3.39,有,
竹北市,房地(土地+建物),新竹縣竹北市新瀧一街２９號三樓,12.06,商,,,1060720,土地1建物1車位0,三層,十四層,住宅大樓(11層含以上有電梯),住家用,鋼筋混凝土造,1100324,75.16,2,2,2,有,有,4000000,53220,,0.0,0,讓渡日期:民國109年5月11日讓渡日期:民國109年10月22日預售屋、或土地及建物分件登記案件；,RPTSMLTJPHGGFBJ86DA,44.76,2.2,3.39,有,
竹北市,房地(土地+建物)+車位,新竹縣竹北市新瀧一街３１號七樓,14.78,商,,,1060708,土地1建物1車位1,七層,十四層,住宅大樓(11層含以上有電梯),住家用,鋼筋混凝土造,1100324,111.15,2,2,2,有,有,5480000,52908,坡道機械,19.86,650000,預售屋、或土地及建物分件登記案件；,RPQTMLTJPHGGFBJ66DA,54.86,1.75,4.24,有,
竹北市,房地(土地+建物)+車位,新竹縣竹北市新瀧一街３７號七樓,13.95,商,,,1060723,土地1建物1車位1,七層,十四層,住宅大樓(11層含以上有電梯),住家用,鋼筋混凝土造,1100324,107.97999999999999,2,2,2,有,有,4990000,51521,坡道機械,19.86,450000,讓渡日期:民國109年5月25日預售屋、或土地及建物分件登記案件；,RPSTMLTJPHGGFBJ86DA,52.84,3.63,2.94,有,
竹北市,房地(土地+建物)+車位,新竹縣竹北市新瀧一街３１號九樓,14.78,商,,,1060723,土地1建物1車位1,九層,十四層,住宅大樓(11層含以上有電梯),住家用,鋼筋混凝土造,1100324,131.01,2,2,2,有,有,6180000,55647,坡道平面,39.72,1100000,讓渡日期:民國109年9月11日 總價:691.6萬預售屋、或土地及建物分件登記案件；,RPXTMLTJPHGGFBJ37DA,54.86,1.75,4.24,有,
竹北市,房地(土地+建物)+車位,新竹縣竹北市新瀧一街３７號九樓,13.95,商,,,1060723,土地1建物1車位1,九層,十四層,住宅大樓(11層含以上有電梯),住家用,鋼筋混凝土造,1100324,127.84,2,2,2,有,有,5690000,52088,坡道平面,39.72,1100000,讓渡日期：民國110年3月11日預售屋、或土地及建物分件登記案件；,RPOUMLTJPHGGFBJ56DA,52.84,3.63,2.94,有,
竹北市,房地(土地+建物)+車位,新竹縣竹北市新瀧一街２９號四樓,12.06,商,,,1060721,土地1建物1車位1,四層,十四層,住宅大樓(11層含以上有電梯),住家用,鋼筋混凝土造,1100324,95.00999999999999,2,1,1,有,有,4400000,52562,坡道機械,19.86,450000,讓渡日期:民國109年9月1日 總價:530萬預售屋、或土地及建物分件登記案件；,RPQQMLKMPHGGFBJ38DA,44.76,2.2,3.39,有,
竹北市,房地(土地+建物)+車位,新竹縣竹北市新瀧一街３７號十一樓,13.95,商,,,1060722,土地1建物1車位1,十一層,十四層,住宅大樓(11層含以上有電梯),住家用,鋼筋混凝土造,1100324,127.84,2,1,1,有,有,5580000,50840,坡道平面,39.72,1100000,預售屋、或土地及建物分件登記案件；,RPTRMLKMPHGGFBJ78DA,52.84,3.63,2.94,有,
竹北市,房地(土地+建物)+車位,新竹縣竹北市新瀧一街３７號十三樓,13.95,商,,,1060721,土地1建物1車位1,十三層,十四層,住宅大樓(11層含以上有電梯),住家用,鋼筋混凝土造,1100324,107.97999999999999,2,2,1,有,有,4960000,50613,坡道機械,19.86,500000,讓渡日期：民國109年8月5日預售屋、或土地及建物分件登記案件；,RPPSMLKMPHGGFBJ48DA,52.84,3.63,2.94,有,
竹北市,房地(土地+建物)+車位,新竹縣竹北市新瀧一街３１號六樓,14.78,商,,,1060707,土地1建物1車位1,六層,十四層,住宅大樓(11層含以上有電梯),住家用,鋼筋混凝土造,1100324,111.15,2,2,2,有,有,5400000,53675,坡道機械,19.86,500000,預售屋、或土地及建物分件登記案件；,RPVOMLNKQHGGFBJ88DA,54.86,1.75,4.24,有,
竹北市,房地(土地+建物)+車位,新竹縣竹北市新瀧一街３７號三樓,13.95,商,,,1060628,土地1建物1車位1,三層,十四層,住宅大樓(11層含以上有電梯),住家用,鋼筋混凝土造,1100324,107.97999999999999,2,2,2,有,有,5000000,49365,坡道機械,19.86,650000,預售屋、或土地及建物分件登記案件；,RPXPMLTJPHGGFBJ96DA,52.84,3.63,2.94,有,
竹北市,房地(土地+建物),新竹縣竹北市新瀧一街２９號七樓,12.06,商,,,1060623,土地1建物1車位0,七層,十四層,住宅大樓(11層含以上有電梯),住家用,鋼筋混凝土造,1100324,75.16,2,2,2,有,有,4130000,54949,,0.0,0,讓渡日期:民國108年12月25日預售屋、或土地及建物分件登記案件；,RPPTMLTJPHGGFBJ56DA,44.76,2.2,3.39,有,
竹北市,房地(土地+建物),新竹縣竹北市新瀧一街３５號七樓,12.05,商,,,1060623,土地1建物1車位0,七層,十四層,住宅大樓(11層含以上有電梯),住家用,鋼筋混凝土造,1100324,75.21,2,2,2,有,有,3960000,52653,,0.0,0,預售屋、或土地及建物分件登記案件；,RPRTMLTJPHGGFBJ76DA,44.76,2.25,3.39,有,
竹北市,房地(土地+建物)+車位,新竹縣竹北市新瀧一街３１號八樓,14.78,商,,,1060619,土地1建物1車位1,八層,十四層,住宅大樓(11層含以上有電梯),住家用,鋼筋混凝土造,1100324,131.01,2,2,2,有,有,6060000,53237,坡道平面,39.72,1200000,預售屋、或土地及建物分件登記案件；,RPUTMLTJPHGGFBJ07DA,54.86,1.75,4.24,有,
竹北市,房地(土地+建物),新竹縣竹北市新瀧一街２９號九樓,12.06,商,,,1060617,土地1建物1車位0,九層,十四層,住宅大樓(11層含以上有電梯),住家用,鋼筋混凝土造,1100324,75.16,2,2,2,有,有,4170000,55482,,0.0,0,讓渡日期:民國108年12月25日讓渡日期:民國109年11月10日預售屋、或土地及建物分件登記案件；,RPWTMLTJPHGGFBJ27DA,44.76,2.2,3.39,有,
竹北市,房地(土地+建物)+車位,新竹縣竹北市新瀧一街３１號十樓,14.78,商,,,1060620,土地1建物1車位1,十層,十四層,住宅大樓(11層含以上有電梯),住家用,鋼筋混凝土造,1100324,131.01,2,2,2,有,有,6010000,51594,坡道平面,39.72,1300000,讓渡日期:民國109年5月11日預售屋、或土地及建物分件登記案件；,RPPUMLTJPHGGFBJ66DA,54.86,1.75,4.24,有,0058
竹北市,房地(土地+建物),新竹縣竹北市新瀧一街３５號十樓,12.05,商,,,1060623,土地1建物1車位0,十層,十四層,住宅大樓(11層含以上有電梯),住家用,鋼筋混凝土造,1100324,75.21,2,2,2,有,有,3990000,53051,,0.0,0,讓渡日期:民國106年10月20日預售屋、或土地及建物分件登記案件；,RPRUMLTJPHGGFBJ86DA,44.76,2.25,3.39,有,
竹北市,房地(土地+建物)+車位,新竹縣竹北市新瀧一街３１號十三樓,14.78,商,,,1060614,土地1建物1車位1,十三層,十四層,住宅大樓(11層含以上有電梯),住家用,鋼筋混凝土造,1100324,131.01,2,2,2,有,有,6000000,51484,坡道平面,39.72,1300000,預售屋、或土地及建物分件登記案件；,RPXUMLTJPHGGFBJ47DA,54.86,1.75,4.24,有,
竹北市,房地(土地+建物)+車位,新竹縣竹北市新瀧一街３３號十三樓,14.0,商,,,1060621,土地1建物1車位1,十三層,十四層,住宅大樓(11層含以上有電梯),住家用,鋼筋混凝土造,1100324,128.15,2,2,2,有,有,5690000,50775,坡道平面,39.72,1200000,預售屋、或土地及建物分件登記案件；,RPOVMLTJPHGGFBJ66DA,53.04,3.63,2.94,有,
竹北市,房地(土地+建物),新竹縣竹北市新瀧一街３５號十三樓,12.05,商,,,1060617,土地1建物1車位0,十三層,十四層,住宅大樓(11層含以上有電梯),住家用,鋼筋混凝土造,1100324,75.21,2,2,2,有,有,4000000,53184,,0.0,0,讓渡日期:民國109年6月17日預售屋、或土地及建物分件登記案件；,RPPVMLTJPHGGFBJ76DA,44.76,2.25,3.39,有,
竹北市,房地(土地+建物),新竹縣竹北市新瀧一街２９號二樓,12.6,商,,,1060620,土地1建物1車位0,二層,十四層,住宅大樓(11層含以上有電梯),住家用,鋼筋混凝土造,1100324,76.26,2,2,2,有,有,3980000,52190,,0.0,0,預售屋、或土地及建物分件登記案件；,RPWPMLKMPHGGFBJ88DA,44.76,0.0,5.59,有,
竹北市,房地(土地+建物),新竹縣竹北市新瀧一街３５號四樓,12.05,商,,,1060612,土地1建物1車位0,四層,十四層,住宅大樓(11層含以上有電梯),住家用,鋼筋混凝土造,1100324,75.21,2,2,2,有,有,3880000,51589,,0.0,0,預售屋、或土地及建物分件登記案件；,RPRQMLKMPHGGFBJ48DA,44.76,2.25,3.39,有,
竹北市,房地(土地+建物),新竹縣竹北市新瀧一街３５號九樓,12.05,商,,,1060613,土地1建物1車位0,九層,十四層,住宅大樓(11層含以上有電梯),住家用,鋼筋混凝土造,1100324,75.21,2,2,2,有,有,3980000,52918,,0.0,0,讓渡日期:民國109年1月8日預售屋、或土地及建物分件登記案件；,RPXQMLKMPHGGFBJ09DA,44.76,2.25,3.39,有,
竹北市,房地(土地+建物),新竹縣竹北市新瀧一街２９號十樓,12.06,商,,,1060619,土地1建物1車位0,十層,十四層,住宅大樓(11層含以上有電梯),住家用,鋼筋混凝土造,1100324,75.16,2,2,2,有,有,4170000,55482,,0.0,0,讓渡日期:民國108年10月29日預售屋、或土地及建物分件登記案件；,RPPRMLKMPHGGFBJ38DA,44.76,2.2,3.39,有,
竹北市,房地(土地+建物),新竹縣竹北市新瀧一街３５號十一樓,12.05,商,,,1060621,土地1建物1車位0,十一層,十四層,住宅大樓(11層含以上有電梯),住家用,鋼筋混凝土造,1100324,75.21,2,2,2,有,有,3980000,52918,,0.0,0,讓渡日期:民國108年12月27日讓渡日期:民國109年8月26日預售屋、或土地及建物分件登記案件；,RPRRMLKMPHGGFBJ58DA,44.76,2.25,3.39,有,
竹北市,房地(土地+建物)+車位,新竹縣竹北市新瀧一街３１號十二樓,14.78,商,,,1060602,土地1建物1車位1,十二層,十四層,住宅大樓(11層含以上有電梯),住家用,鋼筋混凝土造,1100324,131.01,2,2,2,有,有,5950000,52032,坡道平面,39.72,1200000,讓渡日期:民國108年10月3日讓渡日期:民國109年10月15日預售屋、或土地及建物分件登記案件；,RPWRMLKMPHGGFBJ09DA,54.86,1.75,4.24,有,
竹北市,房地(土地+建物),新竹縣竹北市新瀧一街２９號十三樓,12.05,商,,,1060617,土地1建物1車位0,十三層,十四層,住宅大樓(11層含以上有電梯),住家用,鋼筋混凝土造,1100324,75.16,2,1,2,有,有,4110000,54683,,0.0,0,讓渡日期:民國109年1月13日預售屋、或土地及建物分件登記案件；,RPOSMLKMPHGGFBJ38DA,44.76,2.2,3.39,有,
竹北市,房地(土地+建物)+車位,新竹縣竹北市新瀧一街２９號十四樓,12.05,商,,,1060626,土地1建物1車位1,十四層,十四層,住宅大樓(11層含以上有電梯),住家用,鋼筋混凝土造,1100324,95.00999999999999,2,1,2,有,有,4560000,54691,坡道機械,19.86,450000,預售屋、或土地及建物分件登記案件；,RPQSMLKMPHGGFBJ58DA,44.76,2.2,3.39,有,
竹北市,房地(土地+建物)+車位,新竹縣竹北市新瀧一街３５號八樓,12.05,商,,,1060601,土地1建物1車位1,八層,十四層,住宅大樓(11層含以上有電梯),住家用,鋼筋混凝土造,1100324,114.91999999999999,2,2,2,有,有,5050000,51862,坡道平面,39.72,1150000,讓渡日期：民國107年10月22日讓渡日期：民國109年10月26日增購車位預售屋、或土地及建物分件登記案件；,RPRTMLKMPHGGFBJ78DA,44.76,2.25,3.39,有,
竹北市,房地(土地+建物),新竹縣竹北市新瀧一街３５號六樓,12.05,商,,,1060527,土地1建物1車位0,六層,十四層,住宅大樓(11層含以上有電梯),住家用,鋼筋混凝土造,1100324,75.21,2,2,2,有,有,3800000,50525,,0.0,0,讓渡日期：民國108年12月10日 總價：420萬預售屋、或土地及建物分件登記案件；,RPSNMLLMQHGGFBJ48DA,44.76,2.25,3.39,有,
寶山鄉,房地(土地+建物),新竹縣寶山鄉雙園路一段２巷１９號,99.21,都市：其他:園區服務區,,,1021205,土地1建物1車位0,全,四層,透天厝,住商用,鋼筋混凝土造,1040216,271.77,7,1,8,有,無,11632340,42802,,0.0,0,親友、員工、共有人或其他特殊關係間之交易；,RPPOMLMLOHGGFCJ18DA,227.16,21.98,22.63,無,
寶山鄉,土地,雙林段171地號,172.14,,山坡地保育區,丙種建築用地,1000627,土地1建物0車位0,,,其他,,,,0.0,0,0,0,有,無,4450000,25851,,0.0,0,,RPPNMLQJQHGGFCJ48DA,0.0,0.0,0.0,無,
竹北市,房地(土地+建物),溝貝街３３巷２號,153.83,,特定農業區,農牧用地,1000428,土地4建物1車位0,全,三層,透天厝,農業用,鋼筋混凝土造,0980406,186.55,4,2,3,有,有,12300000,65934,,0.0,0,其他增建；,RPUNMLPJOHGGFBJ58DA,168.89,3.35,14.31,無,
